153.834,0.0
154.224,-0.4242390739999777
154.614,-19.91041803711047
155.005,9.812519919498424
155.395,2.540896377355994
155.785,-1.0420239272488674
156.176,-9.58881825615636
156.566,0.0
156.956,4.053009895996729
157.346,0.0
157.736,-0.5024207722243414
158.126,-2.6596557127549567
158.516,1.7778991557499193
158.906,4.614114776990753
159.296,-1.8964335780764892
159.686,-3.4498641272579977
160.075,1.1837103718240276
160.465,-2.0300551408180016
160.855,3.3126536358048564
161.245,1.727786548073218
161.634,-6.726768843991287
162.024,3.6063058958355385
162.414,0.0
162.803,-1.6716318226784297
163.193,1.6446626958558368
163.582,-1.0982410025641638
163.971,0.0
164.361,3.355118616356245
164.75,8.714958591297224
165.139,-3.1141103565318913
165.529,-0.9423123411974054
165.918,-6.050084102966583
166.307,0.0
166.696,-2.210901759625343
167.085,5.415726995538193
167.474,-9.131966411338846
167.863,8.313422850438894
168.252,-6.600604781277471
168.641,9.013180662047686
169.03,0.0
169.419,-0.21085336531489318
169.808,0.39412268383639903
170.197,8.620309047499791
170.585,0.6922366216770504
170.974,6.929415647842962
171.363,8.622356193379886
171.751,17.032414213711117
172.14,-1.7251128965971891
172.529,6.278804218834282
172.917,-5.069715542488165
173.306,0.07463775540015119
173.694,-2.176148730294611
174.082,0.0
174.471,-5.549053467950139
174.859,0.0
175.247,0.6282071206931811
175.635,0.09074338498277107
176.024,-15.67117939970528
176.412,9.92559608230166
176.8,-2.582389363374175
177.188,-1.9242792860618818
177.576,-13.567927346857346
177.964,0.0
178.352,0.0
178.74,-0.8455796733636046
179.128,0.7045736543513468
179.515,6.016546079815323
179.903,0.6026267459616454
180.291,-1.3747043106447392
180.679,0.8902903789537657
181.066,-15.27207586513903
181.454,0.0
181.842,0.0
182.229,4.08222393883007
182.617,8.785537130135994
183.004,0.8102796995389703
183.391,2.367029262999219
183.779,5.491272571945869
184.166,2.774253980447352
184.554,-5.910888689220873
184.941,12.292398596717458
185.328,-0.8330424963449394
185.715,9.788770952254625
186.102,-6.11573101646981
186.489,-7.686116288734285
186.876,0.0
187.263,-4.786970519156295
187.65,-17.144590225650404
188.037,3.4476932923767185
188.424,-1.9502171221874522
188.811,-6.270215816003337
189.198,-3.579863707146886
189.585,-5.118562362969066
189.971,-4.196074714846801
190.358,-8.976385581939313
190.745,-1.3259557556915222
191.131,-2.3266801078799424
191.518,0.5353489378212579
191.905,-3.2369804568197837
192.291,-5.551334249364489
192.677,0.14139435138720546
193.064,-3.4548845660104193
193.45,-7.148154450458761
193.837,-4.909828289805347
194.223,-5.106530844632163
194.609,-2.2521602111116796
194.995,-2.7898957306359535
195.381,-4.242409438426785
195.768,-5.500230804673277
196.154,-3.073035117492949
196.54,-7.408287326601634
196.926,-7.9277271265669
197.312,-3.783950622534348
197.698,-7.328529244300798
198.084,-5.629168909136892
198.469,-3.760874810212579
198.855,-1.2998644170851883
199.241,-4.229887838769987
199.627,-2.892367809133089
200.012,-10.25062455875225
200.398,-6.829876454690986
200.784,-3.19024816836373
201.169,-5.899223401843952
201.555,-5.584137764735325
201.94,-2.400097728990301
202.326,-11.074991974293672
202.711,0.6712177637901809
203.096,-4.94601382767778
203.482,-1.3850470894041247
203.867,-2.1677529578086205
204.252,-1.4594034579563335
204.637,-4.02584659493605
205.023,-15.677942280965176
205.408,0.8162714048601589
205.793,-6.777367553469856
206.178,-2.098493047258607
206.563,-8.472052014555656
206.948,-4.680620973589951
207.333,-7.288161895320756
207.718,-8.670455494474817
208.102,-5.2728437553884255
208.487,-4.578940908501061
208.872,-5.633288392264614
209.257,-4.380695032394828
209.641,-2.3664607658821826
210.026,-4.539887852184468
210.41,-1.3337022296834427
210.795,-6.074239503310137
211.18,-2.7822369151908655
211.564,-4.85396130079034
211.948,-6.416862769183129
212.333,-4.068840629368925
212.717,-6.415250530094625
213.101,-2.414367564682165
213.486,-2.8808541857993593
213.87,-10.720516497485809
214.254,-14.562791301510991
214.638,-3.7652281483179477
215.022,0.8178029179581818
215.406,-2.385434760664538
215.79,-8.279279615773028
216.174,-3.7430983215065186
216.558,-7.509072753791744
216.942,-1.8739391164462567
217.326,-7.318938385230905
217.71,-5.638626435457533
218.094,-1.0101169507125372
218.477,-6.720316670620563
218.861,-3.203907177372265
219.245,-7.463327760456006
219.628,2.4308018709202983
220.012,-3.6659044424923963
220.395,-7.620632459118701
220.779,-7.841506403419268
221.162,-5.580531659862502
221.546,-5.947143469303352
221.929,-8.274313145564353
222.312,-0.1608492518577109
222.696,-7.359438753525685
223.079,-4.798971754015728
223.462,-3.2546192111362195
223.845,-2.0689043325678584
224.228,-3.299000802975161
224.611,-7.523832540579335
224.994,-4.820608798968203
225.377,-8.18429324551256
225.76,-1.615303201068279
226.143,-3.9498989486006337
226.526,-1.85117202043286
226.909,-4.5332542497358475
227.292,-0.3386733624864564
227.675,-4.39784081862275
228.057,-5.198562515796056
228.44,-4.234220469660017
228.822,-3.5431990734743595
229.205,-7.897961996669245
229.588,-6.985806108995954
229.97,-16.36856095637395
230.353,-5.090779235450067
230.735,-0.2845225651730072
231.117,-10.590729502679894
231.5,-10.261807131683057
231.882,-4.42729425817564
232.264,-7.573939567142766
232.646,-8.972717407804671
233.029,-3.0208363706465073
233.411,-5.914667925838133
233.793,-4.947784247222457
234.175,-5.174458858486184
234.557,-6.035804740623
234.939,-9.204682596577893
235.321,-2.434578722764403
235.703,-5.268411701082714
236.084,-2.701389910964459
236.466,-1.6974938316104613
236.848,-10.291577877503583
237.23,-2.3571205284203414
237.611,-5.9811630937924845
237.993,-4.2472451633097
238.375,0.752639262643829
238.756,-3.527331406626205
239.138,-7.977730266998708
239.519,-6.395759398907182
239.901,0.25770179886262967
240.282,-11.756553759757523
240.663,-5.073839646237051
241.045,-2.4826802185225985
241.426,-2.5829555931507664
241.807,-2.760121553942355
242.188,-1.895050682373614
242.569,-6.332659106953714
242.95,-0.8788086344794914
243.332,-9.869978459053057
243.713,-13.944907734482387
244.093,-8.844901062606272
244.474,-6.444984103554638
244.855,-7.4291451743238
245.236,-5.022250628551843
245.617,-1.6962597857235493
245.998,-1.694155599823551
246.378,-7.232953399512054
246.759,-3.7112262246255714
247.14,-2.6140856299639896
247.52,-8.925242952269109
247.901,-3.7925596389103666
248.281,-2.4893009932367955
248.662,-2.3313752510231827
249.042,-5.366501437632818
249.423,1.3519270924477869
249.803,-5.048311321166171
250.183,-2.3879427897393635
250.564,-8.19416289437603
250.944,-5.638742258282436
251.324,-1.5043298991583927
251.704,-11.262687729808205
252.084,-3.5236614489330518
252.464,-3.3971459277772533
252.844,-5.7353450651588425
253.224,-0.9850199265564069
253.604,-0.8814915481242073
253.984,0.9589933132083044
254.364,-4.268959723800505
254.744,-1.2587528988306396
255.124,-3.4504717142576813
255.503,-4.214484811514577
255.883,-3.2043944281551346
256.263,-0.9345338012904019
256.642,-2.674107694992726
257.022,-4.101524550931849
257.401,-5.390521894618393
257.781,-15.055926119737975
258.16,-1.5779506981774893
258.539,-5.624881182404531
258.919,-4.63363008244392
259.298,-10.771884264081448
259.677,-8.862284362372783
260.057,-2.044451976848524
260.436,-2.7941169845912683
260.815,-2.172875852560092
261.194,-9.047909491837336
261.573,3.898261987148562
261.952,-4.229858829212809
262.331,-2.4203134244171456
262.71,-7.518096752077511
263.089,-4.802296650049032
263.468,-6.7381549340041245
263.847,-5.282493783991332
264.225,-4.017024050158478
264.604,-8.169847103274945
264.983,-19.386618870937657
265.361,-2.3903769164696276
265.74,-9.844107681426
266.118,-9.513812074022454
266.497,-4.755755129194119
266.875,-4.55456492933555
267.254,-5.264612440620022
267.632,-2.625450182810457
268.011,-6.574545732880984
268.389,0.6629795052852628
268.767,-4.728454370981624
269.145,-2.3514428514622936
269.524,-0.5619906598997544
269.902,-2.3260611453038544
270.28,-4.4381382084209555
270.658,-2.6209308667810913
271.036,-6.6070407584435324
271.414,-1.1174723986935562
271.792,-0.28026564255976916
272.17,-4.286875405561645
272.547,-2.117712692179384
272.925,-5.835651024906275
273.303,-5.807031051663288
273.681,-4.777579394224692
274.058,-3.016231484292669
274.436,-1.3803695694255367
274.814,-4.0620613712715805
275.191,-8.993995903825375
275.569,-0.22334534250643667
275.946,-0.7042742971532492
276.323,0.6280722540521051
276.701,-6.5344485828999765
277.078,-9.52798036179197
277.455,-7.117300242401703
277.833,-7.975358000113644
278.21,-4.55394943208987
278.587,-1.6617993007012446
278.964,-6.758849789094964
279.341,-19.265984297195573
279.718,-4.4207586379745
280.095,-7.8011893813480215
280.472,-2.521846763192531
280.849,-2.9738329000874
281.226,-3.074967823647332
281.603,-4.9574723964106076
281.98,-5.909903193130575
282.356,-9.169852234146042
282.733,-5.35060475603858
283.11,-9.085236632444188
283.486,0.6333397139852361
283.863,-6.937139471910602
284.239,-4.227755373516724
284.616,-7.215653182186611
284.992,-6.0202698133687145
285.369,-2.949584065770852
285.745,-4.94829348595254
286.121,-5.787702658768541
286.498,-2.2242189986654175
286.874,-0.005678167324086769
287.25,-1.0232809346630667
287.626,-9.468052216024539
288.002,-0.9486456953975709
288.379,-1.2313581733220282
288.755,-0.9579330769985033
289.131,-4.9530189485369265
289.506,-3.9319171450634314
289.882,-2.5726288306348226
290.258,-3.879938213637864
290.634,-4.792264464081696
291.01,-6.069160839538007
291.385,-5.4344668014327295
291.761,-5.496328500366129
292.137,-3.0955044840826518
292.512,-2.94282601369142
292.888,-0.5957059638237397
293.263,-2.319798580430312
293.639,-2.5468381747488054
294.014,-4.792004625198604
294.39,-8.598020924108901
294.765,-8.397752009650002
295.14,-2.2561750501020965
295.516,-5.584516458205889
295.891,-5.6014735196478975
296.266,-6.212509804546305
296.641,-7.02569664702365
297.016,-4.9827580347824805
297.391,-5.68031836009288
297.766,-4.667724992652294
298.141,-7.939902098319504
298.516,-4.179976609430584
298.891,-3.59613268375153
299.266,-3.005337685381252
299.641,-11.184388059520169
300.015,-4.866671342310169
300.39,-7.029768367067017
300.765,-7.230342668646419
301.139,-5.569131400623677
301.514,-4.33558456173968
301.889,-4.853999591975527
302.263,-5.087074335733295
302.637,-5.748254503622983
303.012,-4.764039713262569
303.386,-2.122635336426305
303.761,-4.0563583727997
304.135,-3.547315942501647
304.509,-1.0897053820254712
304.883,-3.7896167014465583
305.257,-2.5052221373267365
305.632,-4.956700924914066
306.006,-6.856833333892659
306.38,-6.037940087470704
306.754,-1.9354329684484097
307.128,-4.701817397308571
307.501,-7.982216119310536
307.875,-4.970986737766017
308.249,-3.467933219807823
308.623,-7.719773285443888
308.997,-6.320136053706468
309.37,-3.2822129823850017
309.744,-8.396532394253695
310.117,-5.037704891615899
310.491,-4.628151250562034
310.865,-7.376291270269632
311.238,-6.070089345890917
311.611,-11.248205656400602
311.985,-1.1782288514266681
312.358,-2.3850186146773895
312.731,-1.6453400407399954
313.105,-3.8250667941647327
313.478,-2.8198831339370245
313.851,-2.2914540263477168
314.224,-4.971541828285529
314.597,-1.8326430774331763
314.97,-3.3976202722663413
315.343,-0.9888330975818945
315.716,-0.2618068450357356
316.089,-7.627807753905295
316.462,-6.075458305505043
316.835,-3.305410276616256
317.208,-4.465832412103122
317.58,-0.9715134006917376
317.953,-8.341588914279328
318.326,-3.02225748072843
318.698,0.6324659713626849
319.071,-2.876573522724279
319.443,-5.431783029900712
319.816,-22.409466979735264
320.188,-5.07086806508041
320.561,-5.0654973215752985
320.933,-7.365761276118511
321.305,-2.9662423454248503
321.678,-2.6705026759277084
322.05,-6.857922770179705
322.422,0.30662076909908775
322.794,-3.0806816948818136
323.166,-3.5345737420364616
323.538,-6.000466310537037
323.91,-4.973439701014031
324.282,-5.278576268429347
324.654,-2.8428295888570925
325.026,-5.399166705204207
325.398,-13.674551004931756
325.77,-9.773862098840874
326.141,-4.7907970991387545
326.513,-2.985392273362897
326.885,-5.985602033102613
327.256,-2.455571150175548
327.628,1.1110676814436613
327.999,-5.457000226950695
328.371,-5.488728990476743
328.742,-4.497892763246709
329.114,-11.718631207560747
329.485,-2.7544058404197873
329.856,-9.152308409340009
330.228,-5.855043073291091
330.599,-3.6087565610343013
330.97,-4.845668279559697
331.341,-6.273118570677108
331.712,-6.749156302543035
332.083,-10.050842936895876
332.454,-2.8019178148800044
332.825,-0.6361670852985623
333.196,0.12532934076333158
333.567,-1.8207890946403509
333.938,-3.9696272585429515
334.309,-3.8818535434336994
334.679,-2.496276476598081
335.05,-5.335349691967406
335.421,-6.247048069728809
335.791,-3.0766066097000024
336.162,-5.575817487842213
336.533,-7.507464810661007
336.903,-7.194933522832076
337.273,-6.003765560979744
337.644,-4.870488404953921
338.014,-3.124283629684109
338.385,-2.266364418745886
338.755,-6.392509986759675
339.125,-13.761929921920991
339.495,-0.6204892975163977
339.865,-3.7939062209518744
340.235,-2.0836310823353665
340.606,-0.1241380654587709
340.976,-6.427111041971699
341.345,-5.846190395219455
341.715,-6.865334757568551
342.085,-1.9146557119173646
342.455,-3.868876547852226
342.825,-5.650607257376103
343.195,-4.793077446209243
343.564,-3.971329247633537
343.934,-4.881714544553043
344.304,-4.837638557440961
344.673,-4.944032003979812
345.043,-2.80613380134507
345.412,-12.025622180824923
345.782,-8.77424166366395
346.151,-5.135073991076651
346.52,-9.34577344556585
346.89,-8.087500428199084
347.259,-6.787062211650821
347.628,-7.1606246448929545
347.997,-4.6691721039331044
348.367,-11.64603640966647
348.736,-5.440497239902683
349.105,-5.440354116827552
349.474,-1.57213538776111
349.843,-1.9932421173205608
350.212,-7.288810671844498
350.58,-2.391336341083562
350.949,-4.2669670463650045
351.318,-3.1088924469413364
351.687,-6.36761710990024
352.056,-3.7603215591975396
352.424,-3.7341187021342765
352.793,-4.872262220423142
353.161,-7.5850417770418215
353.53,-2.1938649922739137
353.898,0.08493982856349455
354.267,-2.3674351006987964
354.635,-12.880217579989804
355.004,-7.465518627428367
355.372,-6.433628678142673
355.74,-6.277762510125076
356.108,-6.744215319871868
356.477,-6.276525713896222
356.845,-5.598937146533901
357.213,-5.450715083839153
357.581,-7.09903876779942
357.949,-0.7052544152990197
358.317,-3.733460214087035
358.685,-7.0403898814365835
359.053,-9.66413069121122
359.42,-5.975033015480535
359.788,-2.6781077861038525
360.156,-7.573212626612037
360.524,-3.1124732440400353
360.891,-3.719332151876734
361.259,-6.335383083857774
361.626,-5.557641590330644
361.994,-3.8502103847534417
362.361,0.3585425833883924
362.729,-4.53403972394033
363.096,-9.190531081819692
363.464,-6.274758670097823
363.831,-5.448709888384257
364.198,-3.494228927946196
364.565,-6.677397270760202
364.932,-8.277295739588277
365.3,-10.844731997237615
365.667,-6.1241259155453145
366.034,-4.101560226066667
366.401,-7.710761212540263
366.768,-1.2901751970986817
367.134,-7.50300222402622
367.501,-1.1464093049915733
367.868,-11.707264808233774
368.235,-4.855559869581561
368.602,-4.463627550955743
368.968,-2.6990735253689677
369.335,-2.304087705626025
369.702,-4.962306484405453
370.068,-2.3720692703018735
370.435,-7.2235224452053
370.801,-3.794985650032259
371.167,-7.980057130909707
371.534,-3.492657306054733
371.9,-3.674831458335703
372.266,-5.830345192923494
372.633,-5.926480741060396
372.999,-2.542257854895617
373.365,-3.254766078151364
373.731,-1.580196742837727
374.097,-2.8455695567307266
374.463,-5.079324667526061
374.829,-0.8424051565232615
375.195,-8.301229881783618
375.561,-4.745626701417501
375.927,-4.909704066240621
376.293,-3.768042064295104
376.658,-3.0645958679506404
377.024,-2.49703806908611
377.39,0.30508602927894707
377.755,-3.7617870405084535
378.121,-3.401523919251942
378.487,-1.7852818022687695
378.852,-3.9313425089058924
379.217,-1.6001483070621707
379.583,-8.503386229631863
379.948,-1.6472449749985774
380.314,-4.99334248903205
380.679,-7.820003841596611
381.044,-3.6930046135412335
381.409,-7.351748118233924
381.774,-4.561413439300184
382.139,-3.0718581697687126
382.504,-6.223876563086652
382.869,-0.5274995142312194
383.234,-1.6500022210091703
383.599,-1.4288616534030445
383.964,-6.228932204708979
384.329,-3.8933918962711958
384.694,-5.572144481773011
385.058,-3.32169797631547
385.423,-7.409137933795397
385.788,-2.2169575670359407
386.152,-7.032815418569175
386.517,-2.765795175160433
386.881,-4.665241436698431
387.246,-5.93805997106209
387.61,-0.7855700915691183
387.975,-7.8016129244011685
388.339,-4.9599097819162585
388.703,-5.844810833725923
389.068,-4.334388521343168
389.432,-1.0995713020448532
389.796,-3.720014609000621
390.16,-3.564243326063216
390.524,-7.098629823487601
390.888,-4.379384297234669
391.252,-3.209345309518203
391.616,-0.70813668849379
391.98,-1.1343071072459103
392.344,-4.538144239923194
392.708,-0.5700502835315009
393.071,-1.5708264384456097
393.435,-6.091541579802475
393.799,-5.999224297970204
394.162,-2.229846057953405
394.526,-5.525513251080846
394.889,-2.5666084133201466
395.253,-1.6646303018481599
395.616,-2.877220163015356
395.98,-0.10528666059181536
396.343,-2.030004257048615
396.706,-1.9215109397536725
397.07,-4.775040479053783
397.433,-2.8632778805383055
397.796,-1.4034527504361454
398.159,-5.7167408177906145
398.522,-2.857659747027612
398.885,-0.4007745785729369
399.248,-1.3630036137682535
399.611,-3.701099743722054
399.974,-2.635297712213688
400.337,-1.9682815210506162
400.7,-1.4857518796653755
401.063,-0.38140221507208705
401.425,-2.4497820608901364
401.788,-0.0738843479353159
402.151,-3.4969108073383004
402.513,-1.1826180718860277
402.876,-2.137634775785126
403.238,-4.131100436193996
403.601,-3.5121205550870442
403.963,-1.5568135349398589
404.325,-1.0261181427048063
404.688,-2.6871560313852774
405.05,-2.782595435834864
405.412,-2.5840299963808198
405.774,-2.5118759464213967
406.137,-5.0621812041780165
406.499,-2.8683139716966557
406.861,-4.491363205213715
407.223,-2.1363893186933662
407.585,-3.350155726339992
407.947,-3.107688179412518
408.308,0.3648131710366252
408.67,-0.2899776541623882
409.032,-1.976294085291977
409.394,-0.8188307047342022
409.756,-0.015848723671052212
410.117,-0.9244489367324188
410.479,0.5182162338894326
410.84,0.4453321863015482
411.202,-2.7602396474904087
411.563,-1.4455794401515574
411.925,-0.6922776654589106
412.286,0.29147497413110773
412.647,-1.79299420512986
413.009,-0.2521986042635929
413.37,0.9562638314188967
413.731,1.7359252074687455
414.092,0.5011927433948623
414.453,2.597045456193728
414.814,2.5209507073499187
415.175,3.238847870469321
415.536,4.703834879389184
415.897,5.141168686144306
416.258,5.3927354582284694
416.619,5.7313725709654015
416.98,5.376433963333639
417.341,5.46151953825341
417.701,5.844504405003696
418.062,7.032437682616902
418.423,6.9578900295824
418.783,7.105178940048672
419.144,7.491776642557192
419.504,7.305830540739425
419.865,6.9522444185441
420.225,7.80243627955747
420.585,7.335590247806009
420.946,7.566204046256399
421.306,6.584458398224367
421.666,7.872568959835802
422.026,7.458476231276753
422.386,7.009247756515744
422.746,7.412380983927649
423.106,7.286700950249582
423.466,7.695477134921249
423.826,6.931281563477098
424.186,7.308536382602892
424.546,6.55329254395904
424.906,7.000064014834129
425.266,6.251567977050625
425.625,6.294586200198963
425.985,6.650060194085852
426.345,5.697679673979006
426.704,5.736668083531447
427.064,5.153778980514459
427.423,5.343628121642605
427.783,5.092938943901464
428.142,5.636571880452206
428.501,4.810215476556336
428.861,4.6777132642342005
429.22,5.096161376174271
429.579,4.391302104975644
429.938,4.150080286139077
430.297,3.9569475141344754
430.656,3.9409842038484766
431.015,3.2976272871321872
431.374,3.204735104737705
431.733,2.9615213353614234
432.092,2.934091690693266
432.451,2.635020111185658
432.81,2.4881176999531514
433.169,2.2047091280180102
433.527,1.8151857506217077
433.886,2.4332069038589097
434.244,1.9615722604273078
434.603,1.6853113000362105
434.962,1.4998183098318438
435.32,1.3440167121594562
435.678,1.0767103651841592
436.037,1.2255152148602495
436.395,0.6047841328535155
436.753,0.6900856999453967
437.112,0.6988920466545172
437.47,0.6125479556484509
437.828,0.5499183270337341
438.186,0.3764773521323822
438.544,0.14067283968677746
438.902,-0.05285074842237375
439.26,-0.036831629114870645
439.618,-0.007162734347722265
439.976,-0.16855715053408435
440.334,-0.32179337760278676
440.692,-0.6052715963149536
441.049,-0.5804813411203319
441.407,-0.3891105782385405
441.765,-0.8565789455412098
442.122,-0.9378616760340803
442.48,-0.9895442130861137
442.837,-0.8382868306782578
443.195,-1.1113293378680507
443.552,-1.1559509695683479
443.91,-1.3277624487860569
444.267,-1.6459923668999392
444.624,-1.6081627484719576
444.982,-1.9076825392604344
445.339,-1.5757363688425308
445.696,-1.502376429296402
446.053,-1.8669682851551073
446.41,-2.173916731611118
446.767,-2.507089689066163
447.124,-2.30565930270179
447.481,-2.5020948946659325
447.838,-2.554407706559479
448.195,-2.370615942010234
448.552,-2.5304428730477615
448.908,-2.2897514549390525
449.265,-2.527708513155225
449.622,-2.4283570658316935
449.978,-2.3586898479078
450.335,-2.616949254087266
450.691,-2.5632078543982937
451.048,-2.6381555831504073
451.404,-2.778381999666246
451.761,-2.762117338949467
452.117,-2.9740034514201743
452.473,-2.899748988509131
452.829,-3.148336352767705
453.186,-2.840234631974721
453.542,-3.2134539435986347
453.898,-2.9838185993037776
454.254,-2.8721102441005697
454.61,-3.221910431610885
454.966,-3.2675926123298966
455.322,-3.3042276513415114
455.678,-2.795358664677966
456.033,-3.332613068273795
456.389,-3.724551428841373
456.745,-3.2354193093676082
457.101,-3.278116960164838
457.456,-3.1723586988756294
457.812,-3.4732751296047035
458.167,-3.337992210897057
458.523,-3.366443415120981
458.878,-3.2215695514089577
459.234,-3.4611848939915313
459.589,-3.611622454347148
459.944,-3.2769583173921144
460.3,-3.050631618247641
460.655,-3.550035646532835
461.01,-3.535170574038157
461.365,-3.5881637052270343
461.72,-3.7197788843781545
462.075,-3.56354856699873
462.43,-3.719553363058139
462.785,-3.663789277891736
463.14,-3.7063350233166217
463.495,-3.382595070927109
463.85,-3.6323875372746763
464.205,-3.8009465973346344
464.559,-3.6940432776314047
464.914,-3.820026218771169
465.269,-3.991335431102363
465.623,-3.978990131350237
465.978,-3.8031349914038355
466.332,-3.7746415364313872
466.687,-3.669125894727947
467.041,-4.038243396879607
467.395,-3.7368287091211885
467.75,-3.772525243269776
468.104,-4.096782530294119
468.458,-4.04886194124373
468.812,-4.2390141006386015
469.166,-4.168750278986375
469.52,-4.016571574650252
469.874,-4.0001956858629555
470.228,-4.088949974914572
470.582,-4.101704414535018
470.936,-4.091907806486583
471.29,-4.068659828385311
471.644,-3.6703604494617186
471.998,-4.168009013357924
472.351,-4.020279060146555
472.705,-3.9889443755575207
473.058,-4.114530398683766
473.412,-4.3976341535272505
473.766,-4.181589832829294
474.119,-4.302482874454521
474.472,-4.252396236723008
474.826,-4.1965705207851425
475.179,-4.012042013009728
475.532,-4.111046410106819
475.886,-4.230381102743122
476.239,-3.777246780090677
476.592,-4.2888355167456975
476.945,-4.252421076304028
477.298,-4.275948710201583
477.651,-4.2291918276552325
478.004,-4.18070942819847
478.357,-4.483759311161768
478.71,-4.607410892310085
479.063,-4.515392345931029
479.415,-4.467644158731898
479.768,-4.038952736767291
480.121,-4.628542120647476
480.473,-4.409625784481106
480.826,-4.128222880724032
481.179,-4.394530991342469
481.531,-4.49558802778963
481.883,-4.444652549424579
482.236,-4.309090303710515
482.588,-4.251699857095888
482.94,-3.962207228246773
483.293,-4.716664790035534
483.645,-4.875201192248404
483.997,-4.239319787614459
484.349,-4.253869776312532
484.701,-4.313301478184663
485.053,-4.506724356062811
485.405,-4.599677689374545
485.757,-4.492240146163062
486.109,-4.783101325353467
486.461,-4.427284431385555
486.813,-4.463060498519126
487.164,-4.27593876051009
487.516,-4.602926677919935
487.868,-4.703567678016862
488.219,-4.504110987413051
488.571,-4.366712984505843
488.922,-4.194666589811549
489.274,-4.47681636672958
489.625,-4.675487209711694
489.977,-4.740709196563871
490.328,-4.950902798281059
490.679,-4.588494259926451
491.03,-4.774924667105552
491.382,-4.665521808450489
491.733,-4.5466360182413865
492.084,-4.862000506911263
492.435,-5.027784578354121
492.786,-4.860700698500435
493.137,-4.846292749741903
493.488,-4.932938913344451
493.839,-5.133807333035551
494.189,-4.886117427674767
494.54,-4.859624040612391
494.891,-4.62238356904967
495.242,-5.267182350541162
495.592,-5.015445649834199
495.943,-5.019081866589879
496.293,-4.9577101513299375
496.644,-4.721545045947089
496.994,-5.120578748104604
497.345,-4.900045850249167
497.695,-5.462734626100043
498.045,-5.000772630779726
498.395,-5.3838788921633025
498.746,-4.9252113023898865
499.096,-5.079575951127083
499.446,-5.1652149011710655
499.796,-5.27740814138534
500.146,-5.248447751437666
500.496,-5.4345142897187175
500.846,-5.261194820698221
501.196,-5.195473681331365
501.545,-5.3421135632562695
501.895,-5.1055762241170335
502.245,-5.179799459075832
502.595,-5.123394825200472
502.944,-5.233896290031505
503.294,-5.361366157265657
503.643,-5.233899325782315
503.993,-5.4417880103349505
504.342,-5.315574875745881
504.692,-5.253995976144351
505.041,-5.452591276012975
505.39,-5.219599577640391
505.74,-5.090697485740313
506.089,-5.489743372103573
506.438,-5.373246161678964
506.787,-5.997287638855693
507.136,-5.476122899302838
507.485,-5.731093155160092
507.834,-5.497717072010757
508.183,-5.490285605543674
508.532,-5.276791850797459
508.881,-5.2346561796187645
509.229,-5.880253219504685
509.578,-5.680374881282626
509.927,-5.389724352197497
510.276,-5.789058085659129
510.624,-5.571944550609619
510.973,-5.838978114704927
511.321,-5.863324844836435
511.67,-5.301667117886857
512.018,-5.843492240667407
512.366,-5.561722227898546
512.715,-5.866748707265941
513.063,-5.8673508130052365
513.411,-5.583691727407645
513.759,-5.945594502620003
514.107,-6.1119828902086955
514.456,-5.872791372885203
514.804,-5.87968222856885
515.152,-5.7444299262367435
515.499,-6.076019426125717
515.847,-5.732535385562956
516.195,-6.050513659295179
516.543,-5.913207508808708
516.891,-5.974045098987295
517.238,-6.002355745697813
517.586,-6.04055063162988
517.934,-5.981308447336424
518.281,-6.052983731540426
518.629,-5.961309681670304
518.976,-5.78648430055285
519.324,-6.0801918975045055
519.671,-6.134047458717189
520.018,-6.110787564097729
520.365,-6.159109973473672
520.713,-6.127967846077411
521.06,-6.093105003925046
521.407,-6.2313022327477485
521.754,-6.084049956938832
522.101,-6.1880495536321
522.448,-6.263774721552948
522.795,-5.868438445004411
523.142,-5.8881443676258405
523.489,-5.891932105384657
523.836,-5.821106444101579
524.182,-5.875630395321971
524.529,-5.6855459374970465
524.876,-5.96142192206334
525.222,-6.110228256087052
525.569,-5.993202897574158
525.915,-6.349030936329932
526.262,-6.151431392140555
526.608,-6.221672713386412
526.954,-6.184620463666194
527.301,-6.1127483793217925
527.647,-5.99647421341205
527.993,-6.060651862329634
528.339,-6.139388869421587
528.686,-6.290436031825527
529.032,-6.205629378161704
529.378,-6.110189699802187
529.724,-5.973276308385718
530.07,-5.818839746174202
530.415,-5.934102773884585
530.761,-6.232887325285944
531.107,-5.99148390668362
531.453,-6.050910144562166
531.799,-6.076433461196729
532.144,-6.266291606639616
532.49,-5.9747563600365865
532.835,-6.270430253922349
533.181,-6.240414757541746
533.526,-6.4430993229683695
533.872,-6.1865960264950095
534.217,-6.151134088522526
534.562,-6.211940106514167
534.908,-6.125090567097364
535.253,-6.140649807897232
535.598,-6.15525104192391
535.943,-6.072233378909699
536.288,-6.320557229765629
536.633,-6.180501987837395
536.978,-6.218283907742805
537.323,-5.945055191056426
537.668,-6.208971662361777
538.013,-6.361889627190563
538.358,-6.2438858990902
538.702,-6.280967822426833
539.047,-6.189061486128808
539.392,-6.176827932485802
539.736,-6.14519758151314
540.081,-6.180691245971902
540.425,-5.915488971234783
540.77,-6.027128036779341
541.114,-6.062185873617241
541.459,-6.230243911491455
541.803,-6.092190311278382
542.147,-6.059798112888174
542.491,-6.292526258701863
542.835,-6.246738161823951
543.18,-6.044350257042601
543.524,-6.057753793713045
543.868,-6.2531489743392585
544.212,-6.105257437259268
544.556,-5.980088770176263
544.899,-6.1099368151215385
545.243,-5.999222897339601
545.587,-6.057735756698318
545.931,-6.200583880852866
546.274,-6.057214087389112
546.618,-6.012749999736387
546.962,-6.0746170026329915
547.305,-6.078480326638826
547.649,-6.117937791921356
547.992,-6.262721627434303
548.336,-6.038612471753389
548.679,-6.017043314000349
549.022,-5.682599257108844
549.365,-6.042936758736724
549.709,-6.020033925997316
550.052,-5.908389515004718
550.395,-6.054329601831197
550.738,-5.950928475980695
551.081,-6.247023727508336
551.424,-5.9872919422428
551.767,-6.003622861504772
552.11,-6.011306032014004
552.453,-6.568554096352041
552.795,-6.1085949699870215
553.138,-6.078837872048661
553.481,-6.103666392113165
553.823,-5.987091061286373
554.166,-6.090225838838995
554.508,-5.909843681570469
554.851,-6.271393523365454
555.193,-6.112210249419085
555.536,-5.95981215113945
555.878,-6.05240795959648
556.22,-5.921256590150133
556.563,-5.990527851187345
556.905,-6.111344491757389
557.247,-6.021385744700035
557.589,-5.778714856787399
557.931,-6.185557727370887
558.273,-5.898220791302876
558.615,-5.918441334280082
558.957,-6.073354357625812
559.299,-6.155879508192973
559.64,-6.087942285793176
559.982,-5.6109623331927185
560.324,-5.928914553934959
560.666,-5.85320212198505
561.007,-6.051173491996796
561.349,-6.163762415959084
561.69,-6.1682409323298675
562.032,-5.935335186317418
562.373,-6.255273806252469
562.715,-6.099279680501936
563.056,-5.844605168244909
563.397,-5.9428211302264575
563.738,-5.939245651498043
564.08,-6.154671793040275
564.421,-5.856684816995084
564.762,-5.986543153725643
565.103,-6.144737468841468
565.444,-6.157899830032565
565.785,-5.900323696788549
566.126,-5.8920859348862935
566.466,-5.785017694399252
566.807,-5.989908301106749
567.148,-6.178124843132909
567.489,-6.023233906471908
567.829,-6.107936745160057
568.17,-6.065978266422576
568.51,-5.84372771118256
568.851,-5.922997490091041
569.191,-5.79382264455528
569.532,-5.9184927367296485
569.872,-6.132167940009485
570.212,-5.824808880412677
570.553,-5.643574964607609
570.893,-5.750720036929272
571.233,-5.775975949268834
571.573,-6.005754838153474
571.913,-6.026171306845155
572.253,-5.858168000291678
572.593,-5.8785727674576735
572.933,-5.983753664320824
573.273,-5.9089750231621485
573.613,-5.957773072361256
573.952,-6.139806165409763
574.292,-5.877680538122898
574.632,-5.815499510055524
574.971,-6.1027060559864905
575.311,-5.636895437833594
575.65,-5.79419425972917
575.99,-5.780046668075629
576.329,-5.730945067460137
576.669,-6.068651936347791
577.008,-6.093602193044195
577.347,-5.848332916245093
577.687,-5.7649204174739355
578.026,-5.834024910779756
578.365,-5.9223670831031345
578.704,-5.7270552580705925
579.043,-5.736688967356332
579.382,-5.821360998008776
579.721,-5.906003924086451
580.06,-5.715272754015684
580.399,-5.635755739998759
580.737,-6.014337577169384
581.076,-5.942341930493937
581.415,-5.9635809543471545
581.753,-5.724710112674626
582.092,-5.987215450841841
582.431,-5.3913049897715055
582.769,-5.749944191926834
583.108,-5.619820255969066
583.446,-5.6851490471083
583.784,-5.735971132736191
584.123,-5.763927174260537
584.461,-5.412169793134097
584.799,-5.6622249426688445
585.137,-5.438693785846787
585.475,-6.010066637602359
585.813,-5.857593732350739
586.151,-5.579537050089976
586.489,-5.731379193498067
586.827,-5.598202970681057
587.165,-5.596955479066214
587.503,-5.6435498771639185
587.841,-5.614000962766898
588.178,-5.714223560449464
588.516,-5.345258065599865
588.854,-5.652903006715444
589.191,-5.370685198251306
589.529,-5.34513639367707
589.866,-4.961353100286416
590.204,-5.081897817264094
590.541,-5.208227893485608
590.878,-5.146272694549014
591.215,-5.279820915287932
591.553,-4.995314805066024
591.89,-4.994739017686462
592.227,-5.282641948609343
592.564,-5.07713131330525
592.901,-5.113408800470166
593.238,-4.920267272796775
593.575,-5.1138097370730415
593.912,-4.979307896701552
594.249,-4.783430984648889
594.585,-5.068273215287114
594.922,-4.81489110977936
595.259,-4.994329255964174
595.595,-4.952545999277517
595.932,-5.143319992504374
596.269,-5.0256123786648494
596.605,-5.089513352718487
596.941,-4.936526394097531
597.278,-5.2167384995069055
597.614,-5.1799670334991
597.95,-5.3712611841461975
598.287,-5.196895824313764
598.623,-5.257679736760423
598.959,-5.342854889778047
599.295,-5.429309373500061
599.631,-5.35655644737069
599.967,-5.5317148230606605
600.303,-5.643407299943534
600.639,-5.422360180114323
600.975,-5.671655279777162
601.311,-5.194992785342159
601.646,-5.296744248720074
601.982,-5.621554550913042
602.318,-5.13032918147348
602.653,-5.439686308514843
602.989,-5.473663525069778
603.324,-5.668123185441986
603.66,-5.497398290651508
603.995,-5.667841525415075
604.331,-5.389808210573662
604.666,-5.47671271866482
605.001,-5.550168655333403
605.336,-5.834619789285949
605.671,-5.27991471286799
606.007,-5.334528507873383
606.342,-5.360133428428731
606.677,-5.478843696278472
607.012,-5.118763893026602
607.346,-5.288469996443532
607.681,-5.174743732754986
608.016,-5.309046737662962
608.351,-5.387547544960239
608.686,-5.617681772434191
609.02,-5.604731106615672
609.355,-5.351005930390693
609.689,-5.155319556796339
610.024,-5.205613710503975
610.358,-5.272188059963954
610.693,-5.6606385356560756
611.027,-5.385672654101941
611.361,-5.376457836845075
611.696,-5.39204027739017
612.03,-5.294706530472958
612.364,-5.094813766320618
612.698,-5.364395865043633
613.032,-5.146387126089589
613.366,-5.562177488601937
613.7,-5.538356421637016
614.034,-5.5655326087977794
614.368,-5.360324110409
614.702,-5.4129509312510224
615.035,-5.195963651826443
615.369,-5.43546913739143
615.703,-5.163833693175247
616.036,-5.263792887934735
616.37,-5.514208360855784
616.703,-5.097049733409239
617.037,-5.250719003274677
617.37,-5.316721219652155
617.704,-5.493604227955528
618.037,-5.429215964448654
618.37,-5.3001420872850575
618.704,-5.400010420227339
619.037,-5.0615388150652825
619.37,-5.451286873477514
619.703,-5.44257694756781
620.036,-5.246108268593316
620.369,-5.315698186610504
620.702,-5.184582891385505
621.035,-5.308866067466925
621.367,-5.49537033620581
621.7,-5.138434172493262
622.033,-5.1855585705930975
622.366,-5.325061361381024
622.698,-5.510547147617561
623.031,-5.527004336822589
623.363,-5.077780882798821
623.696,-5.371867927301494
624.028,-5.082118561256049
624.361,-5.29513519505692
624.693,-5.133714373966925
625.025,-5.350659294454265
625.357,-5.3637993717249675
625.689,-5.176018218526445
626.022,-5.232152416824774
626.354,-5.32497014182839
626.686,-5.36722969817995
627.018,-5.165515991873849
627.35,-5.106751045721968
627.681,-5.362244008835466
628.013,-5.217846965829354
628.345,-5.167112312219532
628.677,-5.501177515452513
629.008,-5.1398680106965395
629.34,-5.715289184526582
629.672,-5.25577636668047
630.003,-5.120421731225427
630.335,-5.353896922091875
630.666,-5.185934516911864
630.997,-5.217765939322169
631.329,-5.404333097660104
631.66,-4.958297888980916
631.991,-4.9154248299187175
632.322,-5.316672532105716
632.653,-5.197994635345527
632.984,-4.917809295548611
633.316,-5.111659726092041
633.646,-5.220520864810206
633.977,-5.120688595111392
634.308,-5.454220423891669
634.639,-5.432498336064261
634.97,-5.155759181340036
635.301,-5.322291462150738
635.631,-5.148297629739023
635.962,-5.2244374340645425
636.292,-5.159831987493616
636.623,-5.102053840486263
636.953,-5.329090422686595
637.284,-5.319227332378772
637.614,-5.01124262180437
637.944,-5.351453921201948
638.275,-5.158785791114264
638.605,-5.180127139618372
638.935,-4.970532878830872
639.265,-5.2306901662990795
639.595,-5.082941672790545
639.925,-4.881348083664891
640.255,-5.16188332191364
640.585,-5.096139750873256
640.915,-5.134604341382383
641.245,-5.273084289977604
641.575,-4.515688834613786
641.904,-4.929495935315728
642.234,-4.95929205901996
642.564,-5.201901257327789
642.893,-5.13718815993025
643.223,-5.071964316864347
643.552,-5.359162225155594
643.882,-4.822077150550464
644.211,-5.362773010884719
644.54,-4.932212361010856
644.869,-5.039671101602372
645.199,-5.340814357887227
645.528,-4.942625500799377
645.857,-4.761536084811329
646.186,-4.883860572033004
646.515,-5.017218855336979
646.844,-4.545562356417653
647.173,-5.266170122855105
647.502,-4.9891254102133775
647.83,-4.949605649238758
648.159,-5.111936685665785
648.488,-4.921637100861701
648.817,-4.643831671271182
649.145,-4.6964724856989015
649.474,-5.035382726314546
649.802,-4.688438764367919
650.131,-4.97168804270883
650.459,-4.9371300559512505
650.787,-5.083023172461439
651.116,-4.932003198415818
651.444,-4.693729737717174
651.772,-4.973650410894537
652.1,-5.21731430007255
652.428,-4.952383905638406
652.756,-4.820835461848317
653.084,-5.13737528253192
653.412,-4.951575476986133
653.74,-5.192644663167568
654.068,-5.075589100504293
654.396,-4.928785443394317
654.724,-5.008792377487994
655.051,-4.7658462209171315
655.379,-4.980542745377903
655.707,-4.815441573931232
656.034,-4.931816905138326
656.362,-4.674705353535223
656.689,-5.087532097342569
657.016,-5.138378419142605
657.344,-5.153184744279867
657.671,-4.386232859413144
657.998,-5.038128348185165
658.325,-4.893557184459676
658.653,-5.054755392222759
658.98,-4.794575092463795
659.307,-5.062365019705145
659.634,-4.908536128973277
659.961,-5.11292301248598
660.287,-4.961650847910036
660.614,-4.848282179395169
660.941,-4.9793699729386365
661.268,-4.700986774323205
661.595,-4.9100837572328535
661.921,-5.037114977388558
662.248,-4.450912177396151
662.574,-4.629350320451473
662.901,-4.63172356799865
663.227,-5.185336771086093
663.553,-4.96717964147008
663.88,-4.703189421082187
664.206,-4.682672406835837
664.532,-4.825755589817714
664.858,-4.792631177448666
665.185,-4.976940415111038
665.511,-4.782507415961545
665.837,-5.128795486374581
666.163,-4.621599431210794
666.489,-4.883152631622254
666.814,-4.717905855950915
667.14,-4.954431300180272
667.466,-4.50807131808094
667.792,-4.715026196333837
668.117,-5.0034856944216966
668.443,-4.537193014561864
668.769,-5.136328030539998
669.094,-4.470016256739719
669.419,-4.5655603308616275
669.745,-4.35323276193495
670.07,-4.541333886114804
670.396,-4.600554850341879
670.721,-4.925663736710147
671.046,-5.0074955897534075
671.371,-4.2577367224480005
671.696,-4.741996520748792
672.021,-4.6871007578659425
672.346,-4.803808099679302
672.671,-4.6892588707294385
672.996,-4.513738957711245
673.321,-4.441086199347196
673.646,-4.678804279762219
673.97,-4.624440851003034
674.295,-4.380756420371073
674.62,-4.2658653953843215
674.944,-4.739107285174706
675.269,-4.639897727353384
675.593,-4.647780419930037
675.918,-4.491833714271498
676.242,-4.636421327501904
676.567,-4.534526506877056
676.891,-4.527383245819706
677.215,-4.319752755387328
677.539,-4.365976356064954
677.863,-4.910417818656578
678.187,-4.6651360307169645
678.511,-4.568289874470993
678.835,-4.83298436021712
679.159,-4.715597177271046
679.483,-4.477391511371327
679.807,-4.873921830915979
680.131,-4.589256669791806
680.455,-4.584163759696765
680.778,-4.827467200847717
681.102,-4.601047189072877
681.425,-4.702274580307474
681.749,-4.240389935873049
682.072,-4.466389028136052
682.396,-4.210600889048363
682.719,-4.428880255435876
683.042,-4.278293247751417
683.366,-4.414991445584276
683.689,-4.449781539665133
684.012,-4.726814326455059
684.335,-4.5064856562290005
684.658,-4.595985632703995
684.981,-4.911071096038226
685.304,-4.790391211605078
685.627,-4.6124965590105695
685.95,-4.426218017488275
686.273,-4.331229355164704
686.595,-4.372927121834167
686.918,-4.362757969304703
687.241,-4.353843146248337
687.563,-4.547378152221502
687.886,-4.228373225023344
688.208,-4.661963860312275
688.531,-4.514608044236041
688.853,-4.742317132616899
689.175,-4.2678225231044244
689.498,-4.383234047165571
689.82,-4.266190996221522
690.142,-4.3401668734520085
690.464,-4.3824049188024485
690.786,-4.4057281869390685
691.108,-4.700351974261595
691.43,-4.227028052464183
691.752,-4.756422410519688
692.074,-4.7225932700040145
692.396,-4.35165546591182
692.718,-4.54552127950189
693.039,-4.267998535059577
693.361,-4.423705172426717
693.683,-4.308674614352589
694.004,-4.200839328569213
694.326,-4.224600164894905
694.647,-3.9207963451813788
694.969,-4.1314028255979425
695.29,-4.495450075967122
695.611,-4.451621749810965
695.932,-3.9247299180815696
696.254,-4.4606712356996425
696.575,-4.589234888081307
696.896,-4.4546073561960995
697.217,-4.04703210332331
697.538,-4.28793352288179
697.859,-3.9166857075845716
698.18,-4.9657024185834056
698.501,-3.978731110920452
698.821,-4.210399419858633
699.142,-4.790416641490241
699.463,-4.421789134945775
699.783,-4.754112985557339
700.104,-3.9465615602525213
700.424,-4.114617675960301
700.745,-3.851695872441517
701.065,-4.639499393992025
701.386,-4.5992859540671605
701.706,-3.768563679264944
702.026,-4.390331921957188
702.347,-4.293315380557286
702.667,-4.4575281800717
702.987,-4.456150063067749
703.307,-4.417022970592652
703.627,-4.0194900108868135
703.947,-4.301036965351815
704.267,-4.364551524815199
704.587,-4.074558146673093
704.906,-4.307920096607848
705.226,-4.177663163629712
705.546,-4.193164639916121
705.865,-4.220585811388724
706.185,-4.867173271486587
706.505,-3.9659526822808306
706.824,-4.162470222058908
707.143,-4.319512635413741
707.463,-4.226710413772207
707.782,-3.924593751355633
708.101,-4.5359901785249175
708.421,-4.500738261566955
708.74,-3.9658954633503645
709.059,-4.339879315998106
709.378,-3.8768618341752643
709.697,-4.1849529088298985
710.016,-3.8390651768366197
710.335,-4.00075258454344
710.654,-4.283669247598256
710.973,-3.9554888459422326
711.291,-4.387611383882428
711.61,-4.02380270133406
711.929,-4.511970736012702
712.247,-4.145225783223044
712.566,-4.445340797747589
712.884,-4.495952332376691
713.203,-3.875780573889019
713.521,-4.271183672124444
713.84,-3.9829292496862174
714.158,-4.2102961304500415
714.476,-4.107385681406445
714.794,-4.121425945120427
715.112,-3.749475058967038
715.431,-4.066110461102747
715.749,-4.1107071851522905
716.067,-3.9277668713933256
716.384,-4.070453623323428
716.702,-4.015136705141694
717.02,-4.132395750583916
717.338,-4.320894755422821
717.656,-3.902830651303262
717.973,-4.473218948478176
718.291,-4.507780428921703
718.608,-3.889590195892751
718.926,-3.947533794574296
719.243,-4.070974961555682
719.561,-3.8866052620363534
719.878,-4.153127595052887
720.195,-4.494247265107979
720.513,-4.528321373371658
720.83,-4.278604390525565
721.147,-3.3799234006012284
721.464,-5.220046860535653
721.781,-4.3847300120648445
722.098,-4.389034233251272
722.415,-4.381057467244801
722.732,-4.059586318837945
723.049,-3.8719342095440523
723.366,-4.408791269004352
723.682,-4.082647788464257
723.999,-4.365194111147776
724.316,-4.467905231922144
724.632,-3.7193180704493343
724.949,-3.124999688402757
725.265,-3.99152046506506
725.582,-4.040000946275323
725.898,-4.218103517574151
726.214,-4.329438738897159
726.53,-3.749180268641911
726.847,-4.364471716691992
727.163,-4.272557545384512
727.479,-3.837698092626841
727.795,-4.734103419584117
728.111,-3.9707694244144447
728.427,-3.8602631975410033
728.743,-4.242495649586038
729.059,-3.9775775751510016
729.374,-4.3083162338281245
729.69,-4.446014256597752
730.006,-4.199081587898454
730.321,-4.452109563230874
730.637,-4.1314044066991364
730.952,-4.45886719980357
731.268,-4.2660177458808874
731.583,-3.974373862414073
731.899,-3.868688425550566
732.214,-3.8361296603420723
732.529,-4.389078519401989
732.844,-4.407466288315618
733.16,-4.488325936594302
733.475,-4.794695663008156
733.79,-4.616676072822644
734.105,-4.372802780287952
734.42,-3.8796123085824417
734.735,-4.425037020976162
735.049,-4.383340951829297
735.364,-4.530910576645948
735.679,-4.454019304801012
735.994,-4.907745331444972
736.308,-4.364155994396569
736.623,-4.560767302231862
736.937,-4.276092822162639
737.252,-3.3114086177225532
737.566,-4.114430025136049
737.881,-4.316824987395032
738.195,-4.3327914615609195
738.509,-4.443992648623957
738.823,-4.824917933235973
739.137,-3.921903407782087
739.452,-4.362526463464437
739.766,-5.023031823780574
740.08,-3.7102393003097447
740.394,-4.096271403814095
740.707,-4.755292035268496
741.021,-5.271529543358939
741.335,-3.7067598450419745
741.649,-3.7699153610321794
741.962,-4.599378944602224
742.276,-4.719861049432778
742.59,-4.6005456555993245
742.903,-4.337918675450319
743.217,-5.3489982292201335
743.53,-4.65908756911031
743.843,-4.330932651678661
744.157,-4.601870653019907
744.47,-4.2726838235001265
744.783,-4.438074139766261
745.096,-4.781404684322373
745.409,-5.07186115722267
745.722,-5.595099186919635
746.035,-5.033911799635985
746.348,-5.096640801729481
746.661,-5.862505383325109
746.974,-4.946300776490448
747.287,-4.912851381459862
747.6,-4.397164329949399
747.912,-4.520303659905857
748.225,-4.801937371517736
748.537,-5.049639394036102
748.85,-5.194695973669788
749.162,-5.1755968982568445
749.475,-5.155847112536304
749.787,-5.288250744039407
750.099,-5.46661790848146
750.412,-4.163276025682865
750.724,-4.850628106719535
751.036,-4.191992991867684
751.348,-5.238648104635108
751.66,-4.972742251275328
751.972,-5.148707423533948
752.284,-5.051943235589393
752.596,-5.236244893039823
752.908,-5.743786429611169
753.219,-4.6547096416861775
753.531,-5.165953989985041
753.843,-4.658272155300429
754.154,-5.6679678372326086
754.466,-4.826597628762671
754.778,-4.903997002195088
755.089,-5.344114704957272
755.4,-5.797511514008432
755.712,-4.4094568732027355
756.023,-5.179248238640547
756.334,-6.023428013328399
756.645,-5.63667315775482
756.957,-5.082661035078431
757.268,-5.614770215385675
757.579,-5.485209611315843
757.89,-5.673193856180437
758.201,-5.385571667076685
758.511,-6.295510553227559
758.822,-5.70164414771542
759.133,-5.371083207139853
759.444,-5.249327767930229
759.754,-5.307395770070284
760.065,-5.796875997360067
760.375,-5.907482906974845
760.686,-5.52833909621729
760.996,-4.769438932505283
761.307,-5.123913718542055
761.617,-6.504311233961881
761.927,-5.1152396737504775
762.238,-5.5845580137147435
762.548,-6.45911623732283
762.858,-5.2920301560178595
763.168,-5.701775911928707
763.478,-5.693739153062483
763.788,-5.548476226582161
764.098,-5.943278669452804
764.408,-5.314822888413204
764.718,-6.482953975313672
765.027,-6.788856110006073
765.337,-5.387212216400983
765.647,-5.1359736384954795
765.956,-4.9530113744429975
766.266,-5.927493373449832
766.575,-5.957833171383481
766.885,-5.171270899673732
767.194,-6.198315091073205
767.503,-6.196596164193988
767.813,-5.294899887428504
768.122,-6.034940275433773
768.431,-5.553107089482472
768.74,-4.75241417115498
769.049,-5.4423245905643105
769.358,-5.481389708985785
769.667,-6.512576210417131
769.976,-5.329916570469398
770.285,-6.415065476941874
770.594,-6.136496125484875
770.902,-6.8716183148202745
771.211,-5.598370166397983
771.52,-5.385179957576348
771.828,-5.322224484744022
772.137,-5.192387955195073
772.445,-5.556962846165287
772.754,-5.087196754114207
773.062,-5.672672279812659
773.37,-5.1871617652700195
773.678,-5.68169319160268
773.987,-6.001189390347528
774.295,-5.541228060124928
774.603,-6.06989127418546
774.911,-5.467102254793821
775.219,-5.288841190612704
775.527,-5.9497309209528355
775.835,-6.286850141828343
776.142,-6.706069672228617
776.45,-5.5527812536804335
776.758,-5.693959187298171
777.066,-5.47064772399848
777.373,-5.976298216351994
777.681,-6.373133870964095
777.988,-4.792476812910145
778.296,-6.347079608055139
778.603,-6.26341357335128
778.91,-5.3511677602961365
779.218,-5.196397344754961
779.525,-6.352147429038817
779.832,-6.119485686029565
780.139,-6.137024965759606
780.446,-5.991051839133328
780.753,-5.225945728694177
781.06,-5.600416527269793
781.367,-6.774069776212354
781.674,-5.799792556219901
781.981,-5.839128425252741
782.288,-6.275841599768901
782.594,-5.325507490627332
782.901,-4.745044862513551
783.207,-5.7869809729211585
783.514,-6.473906704959889
783.82,-5.678253785679723
784.127,-5.645991636294279
784.433,-5.55177407650031
784.74,-5.78114774285361
785.046,-6.803774893239334
785.352,-6.267744324369223
785.658,-6.101549063475108
785.964,-6.15525765326725
786.27,-7.7158512767860445
786.576,-5.8047438710437795
786.882,-6.083416062061749
787.188,-6.800892477237173
787.494,-6.878464398315695
787.8,-5.777601306434199
788.105,-5.614298175444519
788.411,-7.461629662909559
788.717,-5.750708588870057
789.022,-5.460159265340163
789.328,-6.9929033393007485
789.633,-6.052035702783493
789.939,-6.811664315993973
790.244,-5.945675415860091
790.549,-5.047897423741396
790.855,-7.10101871486282
791.16,-6.465941556662604
791.465,-5.563367973579741
791.77,-7.641361669772592
792.075,-7.37803734419532
792.38,-5.627587901114119
792.685,-5.488373468609015
792.99,-6.560570681513369
793.294,-6.062746514503165
793.599,-5.205180279374356
793.904,-5.567103706211977
794.209,-6.3812867647585385
794.513,-6.618416782145958
794.818,-5.335684390787199
795.122,-5.4077088211085735
795.427,-5.903577299485061
795.731,-7.40176999174285
796.035,-6.639124905830903
796.339,-5.63839795381953
796.644,-5.1108998072768275
796.948,-5.61245426613202
797.252,-6.14898540679176
797.556,-6.707598906376733
797.86,-7.256520954072607
798.164,-5.002969628444572
798.468,-5.376055578505864
798.772,-5.247909592978275
799.075,-6.355529307713988
799.379,-6.921798012168469
799.683,-7.1320658890758235
799.986,-7.033393328166732
800.29,-4.4002456251727535
800.593,-6.282399883824457
800.897,-6.39199013433324
801.2,-5.909196247939468
801.504,-5.518957675492532
801.807,-5.290443905363619
802.11,-6.167215366253276
802.413,-5.378530689155419
802.716,-6.337729474794232
803.019,-6.007456153940963
803.322,-5.947237506778054
803.625,-7.230598327508808
803.928,-5.144248657752643
804.231,-6.780271357973568
804.534,-4.979983160577241
804.837,-5.420555652473132
805.139,-6.587928986231599
805.442,-6.405233688537963
805.745,-6.482357273888599
806.047,-6.519417099542303
806.35,-5.721430258019676
806.652,-4.545246061879781
806.954,-6.7381094858235855
807.257,-7.558639626730261
807.559,-7.254757267502961
807.861,-4.936023200073318
808.163,-6.226667664371453
808.465,-6.665683826205604
808.767,-6.495137998158377
809.069,-5.641104629791377
809.371,-4.7117526308355835
809.673,-7.253896361271658
809.975,-5.659035103757395
810.277,-6.438376167222726
810.578,-5.650548174523135
810.88,-6.193554343565455
811.182,-6.719531910129861
811.483,-6.7561960921452116
811.785,-5.125163761560779
812.086,-5.846966133888463
812.387,-5.7016782743798755
812.689,-6.618889450696062
812.99,-4.006997501218964
813.291,-5.818778777372713
813.592,-7.009299269233632
813.893,-6.092977196076959
814.195,-5.628838167079697
814.496,-7.83585571570222
814.796,-5.142022760062624
815.097,-5.489328146891165
815.398,-4.842210939352224
815.699,-6.9143820589864795
816,-6.952342917182056
816.3,-4.974270762192754
816.601,-4.739075057393899
816.901,-6.635695687349552
817.202,-3.7645473648085357
817.502,-6.600189249401262
817.803,-7.702130162537094
818.103,-5.04311871184893
818.403,-5.78803217831999
818.704,-4.392771761121682
819.004,-4.826238565578143
819.304,-5.545158993852363
819.604,-4.245472642014699
819.904,-5.413316429511253
820.204,-7.215669558504989
820.504,-4.356800477689365
820.804,-6.318445388503299
821.104,-5.394539677640924
821.403,-5.465008557941779
821.703,-7.477960723305019
822.003,-8.184143100557243
822.302,-5.3681091688374645
822.602,-7.410457140053216
822.901,-4.991024334487786
823.201,-6.176550464395086
823.5,-7.281568257324023
823.799,-5.152872661844428
824.098,-5.522178590856559
824.398,-4.825146722914931
824.697,-4.846680933749203
824.996,-5.115209094369359
825.295,-3.6884162656338284
825.594,-4.819828754845003
825.893,-5.243102693763658
826.192,-4.929886472998889
826.49,-6.373695006187716
826.789,-4.031167251147161
827.088,-5.560484391660235
827.386,-9.005977597100784
827.685,-8.333651440944585
827.983,-4.968317622263845
828.282,-6.28439183528115
828.58,-4.68592645808328
828.879,-5.8699484764578695
829.177,-5.103653351825218
829.475,-5.874545491012842
829.773,-4.782378516349988
830.072,-5.7184200072478015
830.37,-7.2316585295745694
830.668,-7.5153324163589
830.966,-5.152906650973047
831.264,-6.021785459922926
831.562,-6.557058843368815
831.859,-3.8476173999562824
832.157,-5.355789901587086
832.455,-6.714859373283756
832.752,-5.603264272173879
833.05,-7.544016231545813
833.348,-6.329507758885945
833.645,-3.6228265858103614
833.942,-5.137007339174691
834.24,-6.04997598319644
834.537,-8.374278139606506
834.834,-7.245307608411951
835.132,-9.354253094306959
835.429,-6.671427046808091
835.726,-4.343094820742404
836.023,-8.737292880059599
836.32,-6.456927772915062
836.617,-5.539039089183405
836.914,-6.28827063017242
837.21,-8.163173283135958
837.507,-4.931838568420042
837.804,-4.699316684834755
838.101,-6.8405652055081125
838.397,-4.948883870035491
838.694,-6.871563763830476
838.99,-7.686005286648415
839.287,-3.1681764276651774
839.583,-5.628126783184339
839.879,-4.456018218640693
840.176,-9.676716025361728
840.472,-3.8281397930942154
840.768,-6.617876996935051
841.064,-6.88680869111228
841.36,-6.269549119972001
841.656,-3.597664919942579
841.952,-4.855136309429563
842.248,-4.387444943355984
842.544,-4.5847544306160986
842.839,-3.9693156004401113
843.135,-5.8279176574518825
843.431,-2.5678813147019484
843.726,-4.921384445395869
844.022,-5.895167322876993
844.317,-6.474866627142086
844.613,-5.2433013624716445
844.908,-5.443851822404027
845.204,-7.253693449828568
845.499,-7.470452007597665
845.794,-4.943554028079155
846.089,-8.00597936292002
846.384,-6.201793937297661
846.679,-6.933854695713758
846.974,-4.848811341681709
847.269,-6.0540620841677155
847.564,-6.032295770326894
847.859,-5.196944643424234
848.154,-6.105086302128313
848.448,-5.338682193761656
848.743,-5.378196518363721
849.038,-6.0821307240307485
849.332,-9.592438197994154
849.627,-5.022016544232668
849.921,-6.6319541258059775
850.215,-6.433303726117185
850.51,-5.725176697865088
850.804,-6.525824887609487
851.098,-6.4458239499167425
851.392,-5.88789069558203
851.686,-6.238300034473362
851.981,-6.593201866294753
852.275,-7.375212930366556
852.568,-8.286056355451874
852.862,-5.452343757994492
853.156,-5.745223452757348
853.45,-5.151315430436034
853.744,-9.796421597512522
854.037,-4.4458847805263675
854.331,-3.8892456801228916
854.624,-5.16241118311136
854.918,-6.378493350814988
855.211,-6.830102117715387
855.505,-6.009098149558396
855.798,-4.992679735759959
856.091,-5.18832557686122
856.384,-7.237238565512536
856.678,-7.132869271555261
856.971,-7.3658452796069644
857.264,-8.172172146552045
857.557,-5.14470516597575
857.85,-5.463622688447295
858.143,-5.745294064408721
858.435,-7.188307452507709
858.728,-7.194524864494096
859.021,-5.298746740410344
859.313,-5.533699490788513
859.606,-7.188396683344937
859.899,-5.207752072691616
860.191,-7.015368512380849
860.483,-7.461947380210573
860.776,-3.7447265617381267
861.068,-6.291454330210272
861.36,-6.089600897925442
861.653,-7.965995785711061
861.945,-4.609980856819065
862.237,-7.65227414697567
862.529,-6.099992860999332
862.821,-5.440039688562741
863.113,-7.342503769069245
863.405,-9.661878176807251
863.696,-7.202256807457234
863.988,-5.838270370505993
864.28,-4.760318328055707
864.572,-7.72881934414402
864.863,-2.84576212487917
865.155,-4.201628697732062
865.446,-7.03723786086395
865.738,-5.947412702624439
866.029,-4.548111071465797
866.32,-6.892314416931254
866.611,-5.522068732602548
866.903,-6.781257859782518
867.194,-4.695542666182835
867.485,-4.4631169754769395
867.776,-1.3035462535355413
868.067,-6.917353621102648
868.358,-8.125898541330026
868.649,-6.149697644624312
868.939,-3.8053530153485116
869.23,-3.381127869487629
869.521,-8.681371496989852
869.811,-4.759712080459515
870.102,-8.420474559355549
870.393,-4.855457336649828
870.683,-4.919523152700343
870.973,-5.029461669908458
871.264,-4.120917665490154
871.554,-3.4357289782033
871.844,-5.636984882858131
872.135,-7.2909555421114955
872.425,-9.527906473536733
872.715,-9.952809125061265
873.005,-3.8403468390472417
873.295,-6.639057592991006
873.585,-6.2347284283282205
873.874,-5.488869889104307
874.164,1.3027547416527996
874.454,-5.881945517391268
874.744,-2.3134576814412484
875.033,-13.44907577613229
875.323,-8.323641761769958
875.612,-5.843817448944376
875.902,-7.608629162185899
876.191,-3.755016924415963
876.48,-9.813151136458979
876.77,-4.234886117909438
877.059,-4.289000920707216
877.348,-10.809271338740091
877.637,-3.5608180148976296
877.926,-6.593824922205574
878.215,-12.706389959466065
878.504,-5.200910587831792
878.793,-11.45811978621204
879.082,-5.67070039034116
879.371,-7.407095178712191
879.659,-2.41651845588196
879.948,-5.661196809442649
880.237,-6.345700103275281
880.525,-10.73854640543678
880.814,-3.2413063661581845
881.102,-12.751867916088356
881.391,-10.404280383554338
881.679,-37.33291143638034
881.967,6.157455565756742
882.255,-0.94804286366107
882.544,-7.8949485540802415
882.832,-5.757363608980828
883.12,-6.010572085768066
883.408,-0.08579831345118227
883.696,-4.005853110524745
883.983,-4.54299058060243
884.271,-3.3616589084701443
