153.834,0.0
154.224,0.4698215964501656
154.614,-42.31803225034205
155.005,16.571294645432758
155.395,11.24242454540705
155.785,-1.180790863280736
156.176,-26.909600094586548
156.566,0.0
156.956,4.769653872365917
157.346,0.0
157.736,-0.9173941201951594
158.126,-4.893218750217427
158.516,-0.14463543392993078
158.906,12.136760306823138
159.296,4.365833659868114
159.686,-9.282361383301748
160.075,6.259648161693448
160.465,-3.6457154437021155
160.855,5.996918341559401
161.245,4.313633665586172
161.634,-9.823168708035347
162.024,4.755114637524363
162.414,0.0
162.803,-2.4738445266559714
163.193,13.276532754057005
163.582,-2.643171706303816
163.971,0.0
164.361,5.286009899221672
164.75,21.74805391782218
165.139,-5.785051637267667
165.529,-2.2732187924343648
165.918,-12.002002514610812
166.307,0.0
166.696,-4.962734594939457
167.085,24.119557950504163
167.474,-20.35184341689584
167.863,14.62296899701121
168.252,-12.106768913147983
168.641,17.587025544629068
169.03,0.0
169.419,0.2442009523249149
169.808,-2.870583282404428
170.197,8.120541855526294
170.585,2.6566120835311327
170.974,12.743602360359017
171.363,19.955970313584825
171.751,31.085489036301333
172.14,-0.5180651750979659
172.529,6.693930154091268
172.917,-15.026781003924132
173.306,2.546831528593356
173.694,-5.123134045900562
174.082,0.0
174.471,-11.18392965149439
174.859,0.0
175.247,2.454291049762854
175.635,-2.007330747228805
176.024,-31.964453283492983
176.412,17.77766178481785
176.8,-5.519504480627662
177.188,-2.487226781478897
177.576,-22.088237177428294
177.964,0.0
178.352,0.0
178.74,-0.1312035948992673
179.128,1.583898581887247
179.515,16.689993434728645
179.903,-0.6387876863236825
180.291,-4.933677944766993
180.679,2.4854356271361797
181.066,-30.961173234501388
181.454,0.0
181.842,0.0
182.229,15.266443993000314
182.617,18.887122169363728
183.004,6.048040875396357
183.391,1.5176847384753502
183.779,14.923810995146729
184.166,6.404669110778768
184.554,-11.119602234230516
184.941,26.92546562722635
185.328,3.3320251080273886
185.715,19.353707252874106
186.102,-14.168888506514142
186.489,-16.25217133995785
186.876,0.0
187.263,-3.3349923268617863
187.65,-37.31579061639375
188.037,6.756954432650088
188.424,-5.224905669981315
188.811,2.232469778511983
189.198,2.511032236693005
189.585,2.089631978072493
189.971,1.492020653947455
190.358,-7.247884303987456
190.745,10.109640621730621
191.131,5.270399907685404
191.518,13.145262449930703
191.905,5.676777165338175
192.291,1.4660572099391698
192.677,11.50320023855176
193.064,4.144493595327151
193.45,-5.312962437288209
193.837,5.745673722877352
194.223,3.0310639436088995
194.609,8.667051677014571
194.995,3.1274230238997225
195.381,3.9517364932420884
195.768,1.329832240383568
196.154,6.3658323299469215
196.54,-5.741808043049322
196.926,-5.445093321015932
197.312,5.318105828180899
197.698,-1.741479583196019
198.084,8.225233413015937
198.469,1.1755341283492184
198.855,9.298651000936378
199.241,3.0184644646508723
199.627,4.7173263009859
200.012,-6.964825464267926
200.398,2.537823422628462
200.784,4.420666305061163
201.169,1.0185142455817524
201.555,1.1223691468135424
201.94,6.507717495019197
202.326,-10.307195864203486
202.711,12.97897137801148
203.096,-1.6676678820382547
203.482,9.71499900376816
203.867,5.293234268878473
204.252,6.003890270581355
204.637,1.3918525291776265
205.023,-14.556885756044412
205.408,10.222645583838224
205.793,-0.9033539170156732
206.178,6.8636677053347475
206.563,-7.209568881526795
206.948,6.2273162311793175
207.333,-4.775973778863631
207.718,-3.954687114358183
208.102,-1.9748247618233732
208.487,-0.6199198732234988
208.872,2.1149613705705392
209.257,6.1927984587365295
209.641,5.904268688197548
210.026,1.9715457729186137
210.41,6.742340930272809
210.795,-1.1223538889362252
211.18,5.700011278759267
211.564,-0.255444041408164
211.948,-2.6923411529022485
212.333,3.52472953673886
212.717,-3.0219049651268066
213.101,5.251064124742957
213.486,5.496690657973767
213.87,-7.318865457083472
214.254,-15.908578920133273
214.638,2.9951441986398297
215.022,12.8479540502316
215.406,6.065154104624672
215.79,-4.456233605847845
216.174,8.570801050261563
216.558,-5.279263191808291
216.942,6.6243203149750345
217.326,-2.889962307298696
217.71,-0.3400407714129714
218.094,10.603236786611127
218.477,-2.16370804002468
218.861,2.59955567018985
219.245,-3.3230519820613598
219.628,17.88008816883863
220.012,4.473018106548125
220.395,-4.827722184360831
220.779,-2.929268034568834
221.162,0.9476762645667519
221.546,-0.8967354559250179
221.929,-5.303898115760545
222.312,9.268243825558745
222.696,-3.414472584768962
223.079,2.9968869338302837
223.462,4.185669821677467
223.845,4.33767823755226
224.228,5.509604028681745
224.611,-5.0068462288557605
224.994,0.14349191269778216
225.377,-4.029432137453671
225.76,11.55130619959343
226.143,3.7007590337586618
226.526,4.783779634522356
226.909,1.2375950576529484
227.292,15.519895711461752
227.675,2.823911292257626
228.057,-0.9342939079815963
228.44,3.2335052977125485
228.822,5.680488257233426
229.205,-5.9061077030109335
229.588,-1.8883988825609952
229.97,-19.57325179723701
230.353,2.1133472657256456
230.735,12.177602175368527
231.117,-10.296104350627079
231.5,-9.51434280663813
231.882,1.3526498793903712
232.264,-6.5442743770376435
232.646,-0.5670468072036848
233.029,8.470233288357234
233.411,-4.60291671055259
233.793,0.7158937324919062
234.175,0.49735965760348533
234.557,-3.1446952617421107
234.939,-4.808615718942929
235.321,7.149150871835317
235.703,1.1838229301814562
236.084,4.002210369209936
236.466,6.405510760046647
236.848,-7.853431066910963
237.23,7.367529757910783
237.611,-4.231443623344494
237.993,0.7504801937692123
238.375,14.533791915179863
238.756,10.249084308191323
239.138,-5.4790424221329594
239.519,-1.5537041430581422
239.901,11.992446205137353
240.282,-11.720233586728165
240.663,2.132100376091019
241.045,10.019092677892473
241.426,6.673867952837407
241.807,3.467506071554228
242.188,6.790241276026319
242.569,-1.023676926072782
242.95,9.279248614408244
243.332,-9.295868954392807
243.713,-11.649999655648177
244.093,-5.9518574244958735
244.474,-3.328810341840645
244.855,-7.164080057462734
245.236,3.5952413421700387
245.617,10.011374132767811
245.998,5.25692179958859
246.378,-2.688413274188573
246.759,5.071855540490007
247.14,5.996866555378231
247.52,-6.858958238322764
247.901,1.80605266764143
248.281,7.676941198553546
248.662,8.636476089876718
249.042,-0.3666472789934316
249.423,10.961753499714481
249.803,0.8810021155018135
250.183,5.7737404432965524
250.564,-6.113619703138762
250.944,1.154402344365865
251.324,8.023562423990876
251.704,-6.935063567887474
252.084,1.3513219817192434
252.464,4.9101739065395416
252.844,2.747787571285147
253.224,9.764481316805934
253.604,13.566405848379521
253.984,14.416418646030337
254.364,1.8111262423321133
254.744,10.416727981247435
255.124,4.609736789422738
255.503,5.026903281850558
255.883,4.974686417496541
256.263,8.694890662310765
256.642,4.588116138135088
257.022,1.7329926809877965
257.401,-1.7649707439325062
257.781,-19.017522534140937
258.16,5.705652638986447
258.539,-1.8107419610471378
258.919,-1.1900082609143894
259.298,-5.967556243375175
259.677,-2.9868207276503744
260.057,4.591396775665121
260.436,8.444416314263618
260.815,3.1901037430167065
261.194,-4.68908135420643
261.573,18.358159283097148
261.952,2.1616035101219464
262.331,10.529475703867366
262.71,-4.700045458080637
263.089,3.9480051922886927
263.468,-1.400552716421923
263.847,0.6602678630739793
264.225,2.397806853345764
264.604,-4.325562847192366
264.983,-22.320442956454812
265.361,5.466086904549954
265.74,-9.232629626027553
266.118,-2.430747745681605
266.497,3.309187283658578
266.875,1.4278728334046864
267.254,-0.6874387787797649
267.632,3.9906164034248572
268.011,-5.563127813067471
268.389,12.086471484162203
268.767,-1.0615061114271396
269.145,4.382837564310578
269.524,9.037732536457874
269.902,5.061243005312787
270.28,0.3807368386844266
270.658,5.337556586282524
271.036,-2.2476182305895183
271.414,9.219898011982723
271.792,7.929982614903788
272.17,5.175659723682659
272.547,9.353178380931439
272.925,1.1536433853033188
273.303,-3.673568270587588
273.681,-1.5216867041711692
274.058,4.459293195085409
274.436,9.977873648485504
274.814,2.7711290844356378
275.191,-7.587679892710009
275.569,8.839002249526335
275.946,6.0008931792348825
276.323,11.898999042245928
276.701,-2.6252703593368416
277.078,-8.596256078800863
277.455,-4.143550288785957
277.833,-4.648721341327575
278.21,4.335221820597912
278.587,7.174239343772468
278.964,-1.9852421395993347
279.341,-22.974650412571663
279.718,2.060000703850504
280.095,-3.719460105090293
280.472,7.987724101273798
280.849,6.122593599740912
281.226,6.1519957080367575
281.603,0.2870829255267743
281.98,-1.8954923251459839
282.356,-7.494595118274824
282.733,1.1911399641307447
283.11,-5.314902845439991
283.486,13.39695606916333
283.863,-1.253209056284459
284.239,4.95911526997034
284.616,-6.767501396497678
284.992,-1.6029413748763535
285.369,3.873622084059124
285.745,-0.2162479157178225
286.121,0.13166034235295548
286.498,7.194992287887389
286.874,7.92114810915147
287.25,6.6389530608405884
287.626,-12.841336369291215
288.002,9.367283193764314
288.379,10.940574376693666
288.755,7.624408054969791
289.131,3.5906814196122143
289.506,1.2435686372536192
289.882,5.250743369817454
290.258,3.1203772887388896
290.634,0.35300229077530443
291.01,-2.0818335635821787
291.385,2.2899488479148165
291.761,2.9282211383999424
292.137,7.516826520088805
292.512,3.916592022360517
292.888,9.252291502521727
293.263,7.050665199323284
293.639,3.693708059203146
294.014,2.135059203821764
294.39,-7.25796635314087
294.765,-5.500340554733688
295.14,7.75331389759784
295.516,0.15131201487516127
295.891,-2.0228370771367783
296.266,-2.111054761684585
296.641,-3.163042174260204
297.016,3.65877184073929
297.391,-0.1778869205083661
297.766,5.687973168270552
298.141,-1.4670168169857003
298.516,0.2137443997688447
298.891,2.9754351119936953
299.266,6.3228303749209065
299.641,-11.480121280841654
300.015,0.25890808246482694
300.39,-1.6932424154205377
300.765,-2.8008928780856754
301.139,-0.8601679946993935
301.514,0.4745793143215771
301.889,3.195574981755047
302.263,5.091947163233903
302.637,-1.661427592858733
303.012,0.5089494729442977
303.386,3.616453714402916
303.761,3.017386844726867
304.135,2.1764158038980934
304.509,6.6156511223992664
304.883,3.185293924048419
305.257,5.16214166109883
305.632,2.7232111692759253
306.006,-0.8936796860158827
306.38,-2.6511882701372707
306.754,7.366730065559111
307.128,0.6805343809603981
307.501,-1.9981247306360257
307.875,-0.6131832128364538
308.249,5.65686623167071
308.623,-3.4990557294848355
308.997,-3.1093385671837153
309.37,2.319841060889285
309.744,-6.286582178653599
310.117,2.062138134263999
310.491,0.05153627730676977
310.865,-2.6104147678858296
311.238,-3.1836285767672288
311.611,-11.636596869505832
311.985,6.943903912581869
312.358,5.879023426516616
312.731,6.7527732102222835
313.105,4.222113676726175
313.478,4.039578206700826
313.851,10.645446584783231
314.224,1.6925569219934642
314.597,8.695501632287417
314.97,4.474479223810601
315.343,7.032401474698653
315.716,11.048310063249525
316.089,-5.062042956499629
316.462,0.9792988706293467
316.835,4.42167652514677
317.208,0.07952893839267523
317.58,8.295628804517703
317.953,-3.015689593708568
318.326,3.0774705638417865
318.698,14.729110786137946
319.071,6.10095118489836
319.443,0.41824934759918153
319.816,-32.69404982403809
320.188,1.0779394559210898
320.561,-1.027301731815461
320.933,-4.4825729537609345
321.305,5.90310601170663
321.678,9.133586059956727
322.05,-2.891473592686011
322.422,11.277370335927477
322.794,4.173775731019564
323.166,3.2005410914668864
323.538,0.1727365789444585
323.91,0.5935723653285628
324.282,-1.901004965076316
324.654,5.294863972381235
325.026,3.304964380600767
325.398,-18.62310692159796
325.77,-10.749789656297578
326.141,3.043767884127546
326.513,4.23527770585049
326.885,-0.41912443287517226
327.256,8.56242021060519
327.628,13.989988379507373
327.999,4.263392007799056
328.371,1.0024554398882672
328.742,4.56509156514943
329.114,-11.158866359614349
329.485,7.603468577699363
329.856,-7.365982445643899
330.228,2.230331506851058
330.599,1.9537111991414549
330.97,1.3723842675222393
331.341,0.6836838391083918
331.712,-0.9527291940492347
332.083,-6.84747492929853
332.454,6.376206444373157
332.825,7.098692557373252
333.196,13.489478512376673
333.567,5.386672180324662
333.938,2.808077342328245
334.309,2.558463715879822
334.679,6.64036919768815
335.05,-1.2779237085241315
335.421,-1.388158725949698
335.791,5.8063371984767675
336.162,-1.7835812926379908
336.533,-4.443129224785757
336.903,-4.143570256004214
337.273,-1.9418510501026278
337.644,0.9025890159919888
338.014,5.053101934775661
338.385,8.098910971370636
338.755,0.2364763756740611
339.125,-13.835696377630953
339.495,8.167550718777598
339.865,1.2061773875864663
340.235,5.869524576836119
340.606,10.021020538743029
340.976,-2.3935302574454647
341.345,-0.19053788696808058
341.715,-1.7766348789943995
342.085,7.855533744854479
342.455,3.8222406403114983
342.825,-0.5925285872218544
343.195,0.8278170995232542
343.564,2.0290590062905753
343.934,1.3652313149415205
344.304,2.29770234877158
344.673,-0.6837425000329509
345.043,4.7295587599347915
345.412,-12.579094235111517
345.782,-7.700398419237389
346.151,-1.0121485390821672
346.52,-5.596831925035517
346.89,-3.109899359484493
347.259,-1.029024337759195
347.628,-3.267175290027208
347.997,3.2554808939930653
348.367,-11.207166992772796
348.736,0.41184157952874273
349.105,1.9139592817936186
349.474,5.361058705449198
349.843,7.044272086927325
350.212,-5.833161412579736
350.58,5.283738200076997
350.949,2.9685048288890314
351.318,4.152098862986036
351.687,-1.4628911440953487
352.056,3.7600982227999573
352.424,-0.023500717311839905
352.793,0.712694885969164
353.161,-3.481534593396504
353.53,8.914137582327365
353.898,10.297089359847496
354.267,5.282287697654545
354.635,-16.576941719263488
355.004,-3.3982257718302806
355.372,-1.0070015940364494
355.74,-1.1038801563424123
356.108,-3.881348762930753
356.477,0.056005440269768794
356.845,0.6336523663373292
357.213,2.288970203268156
357.581,-1.932087984554544
357.949,9.96674140034164
358.317,1.8958126262630848
358.685,-2.227320100996013
359.053,-5.060587843349215
359.42,-2.9088105880163875
359.788,6.579449069108178
360.156,-2.731272036180503
360.524,4.1780666588447675
360.891,3.4315241858414565
361.259,-2.2865373585144297
361.626,-0.23720557041700444
361.994,1.990074359162259
362.361,13.06988788238562
362.729,-1.210897118610204
363.096,-8.139906919697465
363.464,-2.565016157869082
363.831,-0.5081586686271667
364.198,1.3104481919101962
364.565,-1.0196709901713739
364.932,-3.9505124237208387
365.3,-7.613095943771535
365.667,0.2564043692821253
366.034,1.6003543260702084
366.401,-5.183291278851309
366.768,10.231972429589032
367.134,-4.218473490807784
367.501,10.200099885371447
367.868,-12.835008779700702
368.235,0.9012710106014908
368.602,1.6228367330434559
368.968,5.07550147213158
369.335,7.863931049529633
369.702,1.5880464295531274
370.068,6.94045940136516
370.435,-4.167556396039643
370.801,3.370353245764098
371.167,-4.93240174077288
371.534,2.618918860961915
371.9,4.800626105717821
372.266,-1.247225262849539
372.633,-0.5260339405592606
372.999,6.89606523009855
373.365,3.500288391415258
373.731,7.69371339546455
374.097,5.98371961177736
374.463,0.8290626067738304
374.829,8.012310061710503
375.195,-5.375240931711552
375.561,2.394153986972501
375.927,0.9692599841768256
376.293,3.209032979883728
376.658,2.5522407058641536
377.024,3.3336086986547877
377.39,10.140254196864978
377.755,4.3985208685171555
378.121,4.136586871741049
378.487,7.278208837808927
378.852,2.442862189169342
379.217,7.9500919093595375
379.583,-5.02164259870489
379.948,5.8674202359996475
380.314,0.5039154294821397
380.679,-3.1452524919642055
381.044,1.818897506456093
381.409,-4.665217215267327
381.774,3.8616688114197
382.139,5.255921224571857
382.504,-1.12360498800261
382.869,8.826093001466878
383.234,7.927231006106575
383.599,6.672167220821533
383.964,-3.067644011310901
384.329,2.088899043792031
384.694,-1.017952327147703
385.058,5.375865511889945
385.423,-5.073762706756907
385.788,5.398560696055511
386.152,-2.3717694547435846
386.517,4.0541727952937805
386.881,1.3696001219704421
387.246,-0.28657452307797143
387.61,10.042907813749645
387.975,-5.271601788841356
388.339,1.0639423962966656
388.703,-0.37535952655430194
389.068,0.6806575355870685
389.432,9.951278962745729
389.796,1.8541269902886137
390.16,4.810371865375306
390.524,-4.420462970727038
390.888,1.555601170329215
391.252,4.65962283770596
391.616,8.936044992159035
391.98,8.929954176405834
392.344,0.8113861375548066
392.708,10.071074570967022
393.071,7.493651208732169
393.435,-1.0372659695082689
393.799,0.7675334275972822
394.162,5.84975426101403
394.526,-0.21230689356102206
394.889,7.17114154649176
395.253,7.986683002164187
395.616,8.249007637155833
395.98,11.638248827510001
396.343,9.233335251962002
396.706,5.629564488901743
397.07,0.3825980540966946
397.433,5.514103725612079
397.796,7.380963543610958
398.159,0.4246849193601175
398.522,5.049759442741288
398.885,10.93961137440854
399.248,9.65207490403145
399.611,3.9149003826126805
399.974,6.6226240153879745
400.337,7.204012574824711
400.7,8.550139287618459
401.063,8.80780910190997
401.425,6.721012126501358
401.788,11.516238247907129
402.151,4.000674278608475
402.513,8.823320783611116
402.876,7.229187849930075
403.238,3.0975792969904594
403.601,2.802413504255278
403.963,7.7068336951363055
404.325,9.29656508934843
404.688,6.443196400116694
405.05,5.352589479043293
405.412,6.986585269651989
405.774,5.0687248241607605
406.137,1.7860230949074412
406.499,5.354728023628633
406.861,1.0491546825356965
407.223,5.560159095961045
407.585,3.71725962105318
407.947,5.575830081495748
408.308,11.509471901145112
408.67,10.376723364024421
409.032,6.34325729868124
409.394,11.103930447521455
409.756,10.607351514385703
410.117,8.581981606057033
410.479,11.763518583505745
410.84,11.9270107711353
411.202,3.9575952304639914
411.563,8.199499096252689
411.925,10.0491251711113
412.286,12.230338443432688
412.647,7.336364763057301
413.009,11.734006404331508
413.37,13.733906429166444
413.731,14.549579974480459
414.092,12.35231874496327
414.453,17.72603561173387
414.814,17.917709268829398
415.175,18.229214235399144
415.536,21.697861759578068
415.897,22.823399325570172
416.258,24.293855345696205
416.619,23.737004611104524
416.98,23.645248968366538
417.341,23.000410914078866
417.701,24.339717811606008
418.062,26.815973854921463
418.423,27.606629385375573
418.783,27.31308352770792
419.144,28.18056290619699
419.504,28.158071786057842
419.865,27.559944851808936
420.225,28.777214191902267
420.585,28.014468171051323
420.946,27.787755815889895
421.306,26.573634217953398
421.666,28.948784334613954
422.026,28.406751475820435
422.386,27.296814480383485
422.746,28.033049767176273
423.106,27.844072026829313
423.466,28.900438555288943
423.826,27.55624028914707
424.186,28.119962062295404
424.546,26.75151846782571
424.906,27.60343645889076
425.266,25.819462894170247
425.625,25.873177131020256
425.985,26.630970331228433
426.345,24.755169294399813
426.704,24.599988656951805
427.064,23.55402362029756
427.423,23.851155656535486
427.783,23.106348745356797
428.142,24.367152904663868
428.501,22.621961551593845
428.861,22.259377447725633
429.22,23.081284100950665
429.579,21.659541915655975
429.938,20.980739360539417
430.297,20.939011916351156
430.656,20.538108743125314
431.015,19.33414409037468
431.374,18.949365227243245
431.733,18.667305593689875
432.092,18.61420793134511
432.451,17.877407043154516
432.81,17.362435534255
433.169,17.021502581997417
433.527,16.007667297062564
433.886,17.253412614739972
434.244,16.143562661154938
434.603,15.695001197739012
434.962,15.355508389742388
435.32,14.757905626511715
435.678,14.169458391624197
436.037,14.444037282929797
436.395,13.234403984140732
436.753,13.417824991405496
437.112,13.297539746707832
437.47,13.100034052123043
437.828,13.079269109337632
438.186,12.535683812775623
438.544,12.255195930306586
438.902,11.648960867102474
439.26,11.62233262683268
439.618,11.905619915076493
439.976,11.410667181620532
440.334,11.093550271752713
440.692,10.482374050543145
441.049,10.694805079156955
441.407,10.900122056865218
441.765,9.835421254755568
442.122,9.835207601383832
442.48,9.536192711295246
442.837,10.018369943629702
443.195,9.242407070100123
443.552,9.236814053773175
443.91,8.873552127385341
444.267,8.266973282701601
444.624,8.284856280415422
444.982,7.5812296350038375
445.339,8.363587482719488
445.696,8.49722424517176
446.053,7.696430909789799
446.41,7.039712192341233
446.767,6.371703248924153
447.124,6.811478955862149
447.481,6.349850619718452
447.838,6.376734652849085
448.195,6.525630519075627
448.552,6.286963021011146
448.908,6.62814884688251
449.265,6.088778189660358
449.622,6.278000684631105
449.978,6.418058853422422
450.335,6.003962813030413
450.691,5.995997199585403
451.048,5.877396320670476
451.404,5.3680871377965245
451.761,5.542434127635374
452.117,5.225591784457271
452.473,5.2529506443885365
452.829,4.574576055851392
453.186,5.259581994635063
453.542,4.536681405740303
453.898,5.1197284069416655
454.254,5.16663434471989
454.61,4.475558765825646
454.966,4.442402701675179
455.322,4.428175840534564
455.678,5.3313861056309975
456.033,4.130728872805598
456.389,3.590112346653422
456.745,4.386782720591578
457.101,4.4682734659941845
457.456,4.528813994076151
457.812,3.965667508668396
458.167,4.133173054570296
458.523,4.051971164291452
458.878,4.276011544237995
459.234,3.9279858511198142
459.589,3.467920794322447
459.944,4.219271359504321
460.3,4.609747376112403
460.655,3.652533663975053
461.01,3.6522493364017516
461.365,3.564056931133185
461.72,3.296234643002261
462.075,3.529102117361149
462.43,3.336034032616011
462.785,3.341611211345053
463.14,3.3239818076970082
463.495,3.8845925510171
463.85,3.3973711744319868
464.205,3.112530070890868
464.559,3.2598476030538035
464.914,3.097782898016975
465.269,2.66737560682898
465.623,2.7112541038573337
465.978,2.978963422512678
466.332,2.9893530309470213
466.687,3.1642930969880654
467.041,2.4610959081069113
467.395,2.9395633208808873
467.75,3.059227113787409
468.104,2.2648578174280685
468.458,2.3905816085559746
468.812,2.0687331861484397
469.166,2.1631687707918617
469.52,2.4798214049250724
469.874,2.3966306364940944
470.228,2.3463535732282987
470.582,2.276733187041775
470.936,2.259321892850906
471.29,2.258451748104607
471.644,3.031265388585117
471.998,2.116744718914081
472.351,2.4695413289900174
472.705,2.3547084184527978
473.058,2.0792750811447003
473.412,1.550446610977822
473.766,1.9829597113594655
474.119,1.738960106536834
474.472,1.9041521115399773
474.826,1.9435441910118003
475.179,2.2662151362238183
475.532,2.049636411717087
475.886,1.8046580675860662
476.239,2.614251027854001
476.592,1.6390862153890147
476.945,1.6466334701086192
477.298,1.6428482984186537
477.651,1.7175091126985274
478.004,1.753283810558632
478.357,1.2056276585453654
478.71,0.8773277318206005
479.063,1.036827879416851
479.415,1.2695655913591781
479.768,2.041795396504679
480.121,0.8033057259493416
480.473,1.259703885224779
480.826,1.7062324294090518
481.179,1.1998233239029534
481.531,1.0001728029885049
481.883,1.1451320600368438
482.236,1.2876608235305285
482.588,1.4795923479916695
482.94,1.9387257222328054
483.293,0.44901832597886165
483.645,0.18461709401612064
483.997,1.333427796019006
484.349,1.3796724991217413
484.701,1.1872236477776126
485.053,0.7997211332817239
485.405,0.5385281126333834
485.757,0.7990523237974345
486.109,0.2465185895556687
486.461,0.8729190447857637
486.813,0.8417398637917743
487.164,1.1803330102580414
487.516,0.5237273660171231
487.868,0.2553896946772824
488.219,0.674777568072671
488.571,0.9470060260848314
488.922,1.1707082578943417
489.274,0.6984788894324704
489.625,0.2668043432960474
489.977,0.20779656424219328
490.328,-0.3319367657357989
490.679,0.3676588885398455
491.03,0.047134278240210756
491.382,0.16002856051959452
491.733,0.5314778500846464
492.084,-0.14223705555239047
492.435,-0.6441141231507067
492.786,-0.1808612305535199
493.137,-0.2624373233653398
493.488,-0.4751235947803995
493.839,-0.8876747288996633
494.189,-0.41422536069811056
494.54,-0.47071269417501593
494.891,0.18747203623359682
495.242,-1.1320758357718261
495.592,-0.5369970595078493
495.943,-0.658529184513073
496.293,-0.6725345644872689
496.644,-0.0669383201039139
496.994,-0.8822212815104065
497.345,-0.5537959751284245
497.695,-1.50998554832904
498.045,-0.6493075457648634
498.395,-1.3406341779863062
498.746,-0.628863382972819
499.096,-0.8332527789108337
499.446,-1.2067320891516804
499.796,-1.3325923089167584
500.146,-1.4975803989216323
500.496,-1.7658069772186034
500.846,-1.2803251129939495
501.196,-1.3170460946612883
501.545,-1.6682483000228403
501.895,-1.1872211112185194
502.245,-1.1667774104069315
502.595,-1.0263502400244202
502.944,-1.328398432208002
503.294,-1.6547264769732095
503.643,-1.3627497568011113
503.993,-1.8750722559139195
504.342,-1.5129198817181302
504.692,-1.3056352162164346
505.041,-1.8361541655039781
505.39,-1.4272180843208044
505.74,-1.2694572569742282
506.089,-1.9975137208815297
506.438,-1.678262804798492
506.787,-3.03657970126094
507.136,-1.970078436943838
507.485,-2.4610988681488353
507.834,-1.9544738923794494
508.183,-1.9361713813142891
508.532,-1.57468087470063
508.881,-1.580721965260478
509.229,-2.837311596622776
509.578,-2.440728165122677
509.927,-1.8968963047639305
510.276,-2.6623265465260526
510.624,-2.229278423544767
510.973,-2.8230595465548958
511.321,-2.8181429622679177
511.67,-1.658818120362003
512.018,-2.815440787857469
512.366,-2.2950463191618913
512.715,-2.8979166240753136
513.063,-2.9129990104143344
513.411,-2.362679114089743
513.759,-3.035755902273993
514.107,-3.3209206824985626
514.456,-2.9532743619124253
514.804,-2.9003394254205412
515.152,-2.701362313501872
515.499,-3.348903060206241
515.847,-2.6837429642861164
516.195,-3.329028156353542
516.543,-3.110150039137981
516.891,-3.254501650526242
517.238,-3.3420716669729202
517.586,-3.231761702006361
517.934,-3.195978696079243
518.281,-3.3494869248884704
518.629,-3.194131994558822
518.976,-2.9439731482401403
519.324,-3.52241263913528
519.671,-3.5231134897343224
520.018,-3.574808993250687
520.365,-3.615639561411184
520.713,-3.588334803325559
521.06,-3.4483105275674615
521.407,-3.593342350256209
521.754,-3.465048401319217
522.101,-3.6692290739557945
522.448,-3.7362593496208003
522.795,-3.0519287941458546
523.142,-3.1357608811065156
523.489,-3.0699257435795513
523.836,-2.9942563637886144
524.182,-3.121171833659873
524.529,-2.631495759676561
524.876,-3.2328337833778438
525.222,-3.511568921277394
525.569,-3.34511036850468
525.915,-4.005991512653667
526.262,-3.6544712988809964
526.608,-3.714138119720847
526.954,-3.604373857895743
527.301,-3.4979777975814272
527.647,-3.3270455835723913
527.993,-3.423517494509051
528.339,-3.5966552117697126
528.686,-3.9593511117671047
529.032,-3.751353245081993
529.378,-3.6096980180869016
529.724,-3.2409777665683346
530.07,-2.8843818142723414
530.415,-3.1784678898873775
530.761,-3.768290805445237
531.107,-3.3074792013257737
531.453,-3.30102478888939
531.799,-3.4815675078194
532.144,-3.8312617518222636
532.49,-3.25709560913643
532.835,-3.8135436701419367
533.181,-3.7831416972678515
533.526,-4.090441452107355
533.872,-3.634502697431747
534.217,-3.568233054236985
534.562,-3.739304549932654
534.908,-3.543404619533389
535.253,-3.5569432182672434
535.598,-3.614699121718663
535.943,-3.48279757525779
536.288,-3.9320963427791273
536.633,-3.6534824318677255
536.978,-3.7269024791382854
537.323,-3.2215676546854417
537.668,-3.7198667524147875
538.013,-3.9515278119076185
538.358,-3.7892635559029713
538.702,-3.837346869459585
539.047,-3.750104714215514
539.392,-3.62411571820674
539.736,-3.571182498684431
540.081,-3.636887967713124
540.425,-3.11562001363773
540.77,-3.4187334970135854
541.114,-3.4431213526061564
541.459,-3.7567616775409323
541.803,-3.503332467293878
542.147,-3.3665229322676216
542.491,-3.8484501346104554
542.835,-3.7552507245317783
543.18,-3.3635012690367003
543.524,-3.3245164859490037
543.868,-3.7250647967288764
544.212,-3.435964860684913
544.556,-3.15490131681652
544.899,-3.3354652032708665
545.243,-3.2779693907416307
545.587,-3.27563745464834
545.931,-3.5867346617318785
546.274,-3.208477371026463
546.618,-3.134732483981064
546.962,-3.2669253140320476
547.305,-3.2628417156732183
547.649,-3.355957899651885
547.992,-3.618300958517773
548.336,-3.269135642697437
548.679,-3.167733849513434
549.022,-2.4444544211173724
549.365,-3.277383767739223
549.709,-3.077463475240794
550.052,-2.8565955712764186
550.395,-3.198484047925619
550.738,-2.9344968483948937
551.081,-3.615363969015554
551.424,-2.990846346268864
551.767,-3.0251112969180034
552.11,-3.0243234893870707
552.453,-4.143715419583144
552.795,-3.240258547949677
553.138,-3.1611966887041243
553.481,-3.213174580815443
553.823,-2.937475627419846
554.166,-3.118250681634729
554.508,-2.822135059896303
554.851,-3.4972501819192847
555.193,-3.1493071715633336
555.536,-2.8506021094468523
555.878,-3.018914102237568
556.22,-2.7422688114178038
556.563,-2.8801239567165555
556.905,-3.11227973083323
557.247,-3.03232801206143
557.589,-2.3937615450140886
557.931,-3.254863602954682
558.273,-2.69224947524451
558.615,-2.7639578567162264
558.957,-3.008218187899021
559.299,-3.1473954451506616
559.64,-3.0269047680191763
559.982,-2.122618225906928
560.324,-2.715958410083174
560.666,-2.5621368070936548
561.007,-2.8925509935553153
561.349,-3.0999739845381566
561.69,-3.2124225315765194
562.032,-2.676273696745727
562.373,-3.3131796052598856
562.715,-3.1009317121150106
563.056,-2.458072130478743
563.397,-2.676850854289438
563.738,-2.63056606093746
564.08,-3.1519212126424345
564.421,-2.48636830671496
564.762,-2.6713796093577855
565.103,-3.0919248581687264
565.444,-3.0880369898419695
565.785,-2.6374528342302854
566.126,-2.5506796906762306
566.466,-2.2554912168251886
566.807,-2.6947220862258137
567.148,-3.011715145006531
567.489,-2.7397537122547004
567.829,-3.0177352194255915
568.17,-2.7801608376639995
568.51,-2.3489284662916803
568.851,-2.5511247494349956
569.191,-2.2565765304476595
569.532,-2.464240983311355
569.872,-2.84831499200956
570.212,-2.2440774472387823
570.553,-1.8770101723237083
570.893,-2.0529891450485636
571.233,-2.080228872186542
571.573,-2.631266137352412
571.913,-2.5831435342383613
572.253,-2.3442648768616623
572.593,-2.2531916058048704
572.933,-2.5335157159015047
573.273,-2.3406713625421336
573.613,-2.460917158050845
573.952,-2.8842532601374504
574.292,-2.3595849917376226
574.632,-2.1643269442634265
574.971,-2.668222190562288
575.311,-1.7714294617810127
575.65,-2.1083179323273322
575.99,-1.9714208522083296
576.329,-1.8834747143186867
576.669,-2.751289847429639
577.008,-2.7044140367912686
577.347,-2.151840574843826
577.687,-2.0273034384332544
578.026,-2.093148848608333
578.365,-2.3415637229844166
578.704,-1.9019361682946418
579.043,-1.9048347720667378
579.382,-2.088410802409408
579.721,-2.2014560363686284
580.06,-1.9139129270461555
580.399,-1.5573644986466288
580.737,-2.393519245191483
581.076,-2.2597468680897
581.415,-2.2840514140755275
581.753,-1.7137796967602572
582.092,-2.3266551933037234
582.431,-1.165268707446414
582.769,-1.8608038843627652
583.108,-1.6203319795323212
583.446,-1.7377545806169528
583.784,-1.670705024735087
584.123,-1.8062547187879605
584.461,-1.1675777445110609
584.799,-1.7030441820046223
585.137,-1.09444007732149
585.475,-2.277848110714676
585.813,-2.025123258608783
586.151,-1.3945816173741665
586.489,-1.8318909408748911
586.827,-1.3035736234669224
587.165,-1.4284222752175666
587.503,-1.390361580039545
587.841,-1.2791524238317025
588.178,-1.475672606905079
588.516,-0.8121290670074257
588.854,-1.38524612553122
589.191,-0.7141140970204862
589.529,-0.7410826296862665
589.866,0.05817117073649381
590.204,-0.23007277027410628
590.541,-0.4438390993944942
590.878,-0.2931383451515621
591.215,-0.4207768957725961
591.553,-0.03098520495954568
591.89,0.12578663336728757
592.227,-0.5672776225285955
592.564,-0.049630722325486265
592.901,-0.11503547525421876
593.238,0.22296405069333167
593.575,-0.09380057966733737
593.912,0.2063279748486347
594.249,0.4797006774844325
594.585,0.05877525137767327
594.922,0.4896163406830221
595.259,0.12059661724520093
595.595,0.21680564586288412
595.932,-0.12558981922336265
596.269,0.1408750371481871
596.605,0.07790616616289636
596.941,0.3666914359438595
597.278,-0.15697152021244762
597.614,-0.2255901804913788
597.95,-0.44657427758894336
598.287,-0.14619874364143706
598.623,-0.2321129851095944
598.959,-0.40592199709021554
599.295,-0.5200908686276935
599.631,-0.2897777686109281
599.967,-0.7124626270524034
600.303,-1.008943587353054
600.639,-0.417207618573836
600.975,-1.0315807963150294
601.311,-0.018925130403265218
601.646,-0.13080874656319524
601.982,-0.8810906249165713
602.318,0.1723027748172188
602.653,-0.4249066384406149
602.989,-0.5762019929698216
603.324,-0.8931658317507638
603.66,-0.49865584783118266
603.995,-0.9358165524765304
604.331,-0.3592270003653919
604.666,-0.4755736002972044
605.001,-0.636956767145821
605.336,-1.2487660007337562
605.671,-0.05405051005671769
606.007,-0.29029611360683966
606.342,-0.3050519460597812
606.677,-0.34064528615614703
607.012,0.2657202449656112
607.346,-0.0075689083101389
607.681,0.22590318027525055
608.016,-0.06586396606668543
608.351,-0.12501497717219953
608.686,-0.5384781918016291
609.02,-0.5072091978447624
609.355,-0.050400140688215085
609.689,0.24002457038894862
610.024,0.31325489466492873
610.358,0.09488050179985119
610.693,-0.6822201829199992
611.027,-0.04944234433511381
611.361,-0.022025491772950642
611.696,-0.02539448739958033
612.03,0.23992123935891432
612.364,0.5025720444742586
612.698,0.14182294186386013
613.032,0.4183970458382978
613.366,-0.19618406494399326
613.7,-0.3141872836360635
614.034,-0.20812958646216118
614.368,0.2300814837111878
614.702,0.09204173767307719
615.035,0.48770092241284263
615.369,-0.03154092770416862
615.703,0.4805828137850381
616.036,0.369510778086461
616.37,-0.22269195635440528
616.703,0.6642241757157732
617.037,0.4680677218210852
617.37,0.3924155440486954
617.704,0.07401440817511411
618.037,0.09473432715687025
618.37,0.4265588859604871
618.704,0.28549319006911733
619.037,0.9440716495628133
619.37,0.20324818507401693
619.703,0.21745881827198493
620.036,0.5695602940362942
620.369,0.6463638038236862
620.702,0.8959631357385853
621.035,0.5623978724313343
621.367,0.25600175129033936
621.7,1.0188130033720015
622.033,0.9053022144544496
622.366,0.6483448956671488
622.698,0.2977528012578295
623.031,0.2656811568656044
623.363,1.1951060476670352
623.696,0.5857056747424652
624.028,1.2339177580652854
624.361,0.8163838135530775
624.693,1.083148917258495
625.025,0.6304784284513557
625.357,0.7411365945623003
625.689,1.0338476677303543
626.022,0.9853290750043672
626.354,0.8280421101623087
626.686,0.8238381302504197
627.018,1.2280967018852844
627.35,1.3969135769303238
627.681,0.8190223357613914
628.013,1.122148812860365
628.345,1.2756922632459413
628.677,0.5986529736003964
629.008,1.3384463722534745
629.34,0.13713984909695132
629.672,1.0925386482289168
630.003,1.4723157945176233
630.335,0.9381660536537564
630.666,1.3404350186469274
630.997,1.2094656694707442
631.329,0.888668431789765
631.66,1.7556467782885796
631.991,1.9649830775411463
632.322,1.1690050744362965
632.653,1.4313991836879614
632.984,1.9197886288877302
633.316,1.6935959249144528
633.646,1.3700638268629424
633.977,1.6567975253287603
634.308,1.0626555402542937
634.639,0.937072863947904
634.97,1.4213350481747848
635.301,1.2566861687356923
635.631,1.4999955184051548
635.962,1.5750671607509705
636.292,1.6253192792501205
636.623,1.7094573386267182
636.953,1.2565938442482811
637.284,1.4809357170699475
637.614,2.058955368434697
637.944,1.3970985507895224
638.275,1.7292716163272415
638.605,1.8383964280618794
638.935,2.20076326895623
639.265,1.5661838548048996
639.595,1.8366286271646481
639.925,2.3501664572641494
640.255,1.875154488547622
640.585,1.9662737555583127
640.915,1.9708119466740006
641.245,1.8385449616846345
641.575,3.2187458758192014
641.904,2.3676365812133566
642.234,2.3939066368038864
642.564,1.8952660040860256
642.893,2.1037910960620803
643.223,2.128157624574484
643.552,1.7247810511290416
643.882,2.7499373074166344
644.211,1.6894230119599163
644.54,2.490413451563107
644.869,2.3700314665954423
645.199,1.7843438562934661
645.528,2.6484244677307682
645.857,2.9888852414239455
646.186,2.765378286754509
646.515,2.406160618724009
646.844,3.4288139316365593
647.173,2.044492045454707
647.502,2.751365390870768
647.83,2.7858988582897535
648.159,2.413259191860108
648.488,2.852475529365776
648.817,3.327801396271557
649.145,3.2307148065636038
649.474,2.5842742900820177
649.802,3.3315137188662596
650.131,2.7636078895811718
650.459,2.8549189396181913
650.787,2.3705748496723493
651.116,2.909887336265996
651.444,3.1270233529325973
651.772,2.885607195103022
652.1,2.347782839494134
652.428,2.857954231208935
652.756,3.2306208166351977
653.084,2.6802826012435133
653.412,2.8869365133563485
653.74,2.634869078159668
654.068,2.82741118903801
654.396,3.17863771590109
654.724,3.0407417048057788
655.051,3.334250850066155
655.379,2.9064672592350598
655.707,3.369355470446485
656.034,3.137852636540562
656.362,3.7307773575806875
656.689,2.8756127884828877
657.016,2.7704009596371453
657.344,2.892560018730852
657.671,4.400723628800891
657.998,3.143569868304999
658.325,3.3344561415063985
658.653,3.1797046613554922
658.98,3.7511512337995034
659.307,3.346706142488955
659.634,3.3728902007450032
659.961,3.019141858251665
660.287,3.508541830531429
660.614,3.506834615919143
660.941,3.381490476331395
661.268,3.9664461081817515
661.595,3.577985366508317
661.921,3.2386313946539236
662.248,4.4181012729329225
662.574,4.213349227912526
662.901,4.022557432008668
663.227,3.035607757480668
663.553,3.5579377106339654
663.88,4.081510627844064
664.206,3.879377765905472
664.532,3.6984694860541345
664.858,3.743687412349401
665.185,3.5341436977525444
665.511,3.924598861405253
665.837,3.262846897089346
666.163,4.246156460972267
666.489,3.6901387711172235
666.814,4.184047968587497
667.14,3.6620584844095365
667.466,4.484611525094096
667.792,4.123613128560713
668.117,3.6317792900122754
668.443,4.479650637297687
668.769,3.2601362462851693
669.094,4.623045280136641
669.419,4.455439212584499
669.745,4.855289789454735
670.07,4.6223650574552355
670.396,4.428654968492371
670.721,3.7807263763653283
671.046,3.7224524109424566
671.371,5.110503503108381
671.696,4.177535535217295
672.021,4.267367784546346
672.346,4.36712831680963
672.671,4.49219155904678
672.996,4.6886733181081794
673.321,4.96852668362387
673.646,4.455927485310157
673.97,4.587419880316272
674.295,5.110983431238616
674.62,5.40464631451455
674.944,4.443077109291563
675.269,4.5725806576855845
675.593,4.425593688786105
675.918,4.7481801149577425
676.242,4.643918866164108
676.567,5.0286386229512905
676.891,4.995809013092173
677.215,5.45752751781837
677.539,5.152167992162916
677.863,4.234123481552137
678.187,4.6463766297671825
678.511,4.988615120837441
678.835,4.3882572761587495
679.159,4.810219560406315
679.483,5.0658797543562795
679.807,4.390857207956356
680.131,4.842298512848256
680.455,5.013080207267364
680.778,4.625393774082108
681.102,5.014035088091947
681.425,4.805104171000205
681.749,5.749162084225072
682.072,5.4214058492164705
682.396,5.783519058955544
682.719,5.4417351537093
683.042,5.822748459095903
683.366,5.527607639302377
683.689,5.421022018194748
684.012,4.954754822919643
684.335,5.217964988557698
684.658,5.1723877878398286
684.981,4.454251490561547
685.304,4.785753553198018
685.627,5.1985643848497105
685.95,5.667767244289694
686.273,5.724481090934508
686.595,5.637070843545535
686.918,5.676319028371396
687.241,5.738608151988522
687.563,5.397392915384709
687.886,6.013429946666474
688.208,5.207390997291365
688.531,5.613667774509416
688.853,4.893697846722524
689.175,6.071831456258754
689.498,5.687042707359402
689.82,6.104704948969084
690.142,6.036114232514201
690.464,5.749393129197299
690.786,5.600177220063283
691.108,5.164491913614189
691.43,6.121911218783407
691.752,5.1020463075476785
692.074,5.1831845296306
692.396,5.98061908686334
692.718,5.579280441328967
693.039,6.123053327775601
693.361,5.981631846023378
693.683,6.045351686499139
694.004,6.235845699652234
694.326,6.399359241278718
694.647,6.902630478114258
694.969,6.545742259181167
695.29,6.017230031887704
695.611,5.879752663253103
695.932,7.060706160182079
696.254,6.135271477996117
696.575,5.807241590038686
696.896,5.917793162794189
697.217,6.929338205152484
697.538,6.335202227274356
697.859,7.262256268386818
698.18,5.119712840449778
698.501,6.926816373703579
698.821,6.699378753104948
699.142,5.426922041588602
699.463,6.176160455213445
699.783,5.562105393134617
700.104,7.263952742209085
700.424,6.862424352629926
700.745,7.44343241358458
701.065,5.934743074658142
701.386,5.9485965640431555
701.706,7.978310745573682
702.026,6.388797142674739
702.347,6.586798843451127
702.667,6.203083252395733
702.987,6.482147459812692
703.307,6.519607807271906
703.627,7.245392991605763
703.947,6.527061820278972
704.267,6.403055479627881
704.587,7.1240292481919365
704.906,6.486227952341697
705.226,6.853814020752342
705.546,6.856232389724824
705.865,6.787889020000953
706.185,5.672027433927663
706.505,7.231583215206717
706.824,6.8455029118605015
707.143,6.613933871081455
707.463,6.774831687559794
707.782,7.307176093480269
708.101,6.320810630697298
708.421,6.341797841997237
708.74,7.33618290856479
709.059,6.400154239506921
709.378,7.537161391630428
709.697,6.808530040518282
710.016,7.759628909503127
710.335,7.418659492136167
710.654,6.805176348135352
710.973,7.235911462724561
711.291,6.52171269046873
711.61,7.2871833901621805
711.929,6.217301180019855
712.247,6.893282785273003
712.566,6.529850900407704
712.884,6.350622669244424
713.203,7.684240990961372
713.521,6.826686659273228
713.84,7.118785737030767
714.158,6.671864659834674
714.476,7.075259417511248
714.794,7.18799608140361
715.112,7.8829362956508415
715.431,7.1948324664779895
715.749,7.057149227259636
716.067,7.5416572054380655
716.384,7.176229258104189
716.702,7.253618518227754
717.02,7.281726401358571
717.338,6.543755793688706
717.656,7.184396865492317
717.973,6.503868054348994
718.291,6.348047315037002
718.608,7.595888841686941
718.926,7.40477590245423
719.243,7.1496073267440385
719.561,7.421925596584578
719.878,7.004905720252398
720.195,6.58863148936632
720.513,6.109916273522265
720.83,6.782542916082279
721.147,8.361950203833082
721.464,4.681994067344781
721.781,6.2837207215618465
722.098,6.220954599598692
722.415,6.307604756467875
722.732,6.8311470941593635
723.049,7.527824819858421
723.366,6.190816816699657
723.682,6.943857065194134
723.999,6.461562635960747
724.316,6.0135912064121
724.632,7.426872096833441
724.949,8.481924194796024
725.265,6.948120580382241
725.582,7.091720608924591
725.898,6.340136687411707
726.214,6.333851078867821
726.53,7.276276956536271
726.847,6.0553457889999285
727.163,6.185157171546903
727.479,7.093401511076687
727.795,5.60202383441829
728.111,6.841172988460445
728.427,6.861618099357843
728.743,6.191368287962912
729.059,6.372103883875732
729.374,5.7986232958676664
729.69,5.877969324235239
730.006,6.0731295620275905
730.321,5.393525202393697
730.637,6.727004997086904
730.952,5.83357976776721
731.268,5.697184121770039
731.583,6.194785617030607
731.899,6.572391374228815
732.214,6.7920080708866
732.529,5.700076371292395
732.844,5.1187958867045245
733.16,5.3450052385858795
733.475,4.673408961143714
733.79,5.094192301660436
734.105,5.26383675381896
734.42,6.402587452876837
734.735,5.182224133525158
735.049,5.308850879047134
735.364,5.084501142056746
735.679,5.008337399839521
735.994,3.934306325711771
736.308,5.0085591374496765
736.623,4.697679525833674
736.937,5.14203307366681
737.252,6.985826409414157
737.566,5.232374542136703
737.881,4.989124303379091
738.195,4.812253522285997
738.509,4.711852945958805
738.823,3.4307241815477534
739.137,5.602959297688559
739.452,4.846473017814172
739.766,3.301630153328755
740.08,5.865667167104401
740.394,5.079346106974635
740.707,4.0319448325605185
741.021,3.064724292404026
741.335,5.664818680700394
741.649,5.690751925459461
741.962,3.583318680979028
742.276,3.7034543612583186
742.59,4.069112948914415
742.903,4.532048810728363
743.217,2.3061775284984107
743.53,3.6994857416547444
743.843,3.9434060721162787
744.157,3.4167733586155378
744.47,4.5343473150571
744.783,4.437745899464128
745.096,3.2156632577247084
745.409,2.9778057302517547
745.722,1.7287340062671177
746.035,2.7554309338146123
746.348,2.7684582643917226
746.661,1.043539825423686
746.974,2.525048451531836
747.287,3.003974661465659
747.6,3.494114015051038
747.912,3.363908542771052
748.225,2.6671708503720266
748.537,2.5969532308883343
748.85,1.8209924458372915
749.162,1.8601858168596286
749.475,2.036352363165048
749.787,1.89066980485956
750.099,1.4447497591894451
750.412,4.201429809168227
750.724,2.790216532618985
751.036,3.1952969561174065
751.348,1.5846574020882893
751.66,1.9607227801812477
751.972,1.9931234960981603
752.284,2.034321080253008
752.596,1.639289878869607
752.908,0.5654527188393972
753.219,2.378640912209914
753.531,1.647240217278248
753.843,2.303241738990948
754.154,0.6697327398244551
754.466,2.3176047301333287
754.778,1.8468139124681604
755.089,1.278912174617828
755.4,0.23616420547264597
755.712,3.2644602723152585
756.023,1.1399421728192862
756.334,-0.31481384202308726
756.645,0.15967856186482648
756.957,1.1860115059298362
757.268,0.5119784470272627
757.579,0.717506056234708
757.89,0.19643142422191961
758.201,0.6494755241578833
758.511,-0.97480662205568
758.822,0.17126149506814292
759.133,0.4911577806328926
759.444,0.8588969447708755
759.754,0.5921398111134617
760.065,-0.3097643731224837
760.375,-0.6215195793676151
760.686,0.1925425437938435
760.996,1.4947516453747003
761.307,0.8667089970848706
761.617,-1.6741999047407041
761.927,0.8682067725359429
762.238,0.0856372359554912
762.548,-1.6054191647208929
762.858,0.3886779384980323
763.168,0.18599380503671503
763.478,-0.44697037278172513
763.788,-0.13400297099839414
764.098,-0.5334964583235614
764.408,0.3253886392793085
764.718,-1.8869211049547607
765.027,-2.6269071223728364
765.337,0.2550718738627339
765.647,0.5388778508464623
765.956,0.9251835452319509
766.266,-1.176372992461867
766.575,-1.1825027675443678
766.885,0.27586831559837366
767.194,-1.5363254639824047
767.503,-1.380883842353234
767.813,0.25839440386519585
768.122,-1.1154810432892597
768.431,-0.2466885003634264
768.74,1.3729488422813354
769.049,-0.07262661823503061
769.358,-0.1715646589844317
769.667,-2.4375141592543903
769.976,0.1727008304496605
770.285,-1.9382975744393565
770.594,-1.589999223261953
770.902,-2.828408152429795
771.211,-0.18319009295602778
771.52,-0.25740565283545624
771.828,-0.09406883831948268
772.137,0.452679874293374
772.445,-0.7413750508414781
772.754,0.33952542746667325
773.062,-0.6842529196730236
773.37,0.48972307422881645
773.678,-0.6876963344227134
773.987,-1.7096236614764486
774.295,-0.7184428230948278
774.603,-1.5669333949561177
774.911,-0.36821412290245903
775.219,0.20977173378862332
775.527,-1.405138938314895
775.835,-2.26331270822322
776.142,-2.7804840895752054
776.45,-0.8363716514258969
776.758,-0.7067957898266868
777.066,-0.7030657912518736
777.373,-1.4006436765236565
777.681,-2.419407640558924
777.988,0.5181823341302927
778.296,-2.343374425854911
778.603,-2.2517864960132967
778.91,-0.3712343404817416
779.218,-0.28959084366521903
779.525,-2.3280119153670173
779.832,-2.361708735896842
780.139,-1.8794446806138725
780.446,-1.5419666835026185
780.753,-0.6263774446548311
781.06,-0.7927180376865166
781.367,-3.0378019053390273
781.674,-1.1358753304499314
781.981,-1.8756557794488289
782.288,-2.073108054501855
782.594,-0.9080566947975408
782.901,0.5474321802037222
783.207,-1.3566648322094061
783.514,-3.426703070589342
783.82,-1.316265069701057
784.127,-0.8551920623268854
784.433,-0.8864267859525369
784.74,-1.6703070703977707
785.046,-3.132967176186235
785.352,-2.546248641669271
785.658,-2.1119677391587413
785.964,-2.1476430511749824
786.27,-5.1712692461114145
786.576,-1.748868213918139
786.882,-1.9478759338297131
787.188,-3.4927214753839677
787.494,-4.1027031682827415
787.8,-1.8646621880977539
788.105,-1.1897607206238972
788.411,-4.8095207028145275
788.717,-1.7433741304932975
789.022,-0.7042764839636723
789.328,-3.8494673273736573
789.633,-2.439008458028675
789.939,-3.842978749008564
790.244,-2.163214359255494
790.549,-0.14156524006144638
790.855,-4.621109144972593
791.16,-3.151218552120891
791.465,-1.2100103099100126
791.77,-4.917019521081529
792.075,-4.936039924166188
792.38,-1.0444744653118916
792.685,-1.4055666719109656
792.99,-3.657300289667826
793.294,-1.8832695888701
793.599,-0.07022460060649324
793.904,-1.4373467236152793
794.209,-3.2156692838367467
794.513,-3.6656856836755094
794.818,-1.326793387753229
795.122,-1.6923852773888857
795.427,-2.0774450510699465
795.731,-4.512424052064944
796.035,-3.0430155018002303
796.339,-1.8561489656693284
796.644,-0.35759531344119033
796.948,-1.144539143256344
797.252,-2.266037147144437
797.556,-3.6393997182533866
797.86,-4.435704341408631
798.164,-0.7565422478780209
798.468,-0.9916793977920826
798.772,-0.894915841009168
799.075,-3.347549438292631
799.379,-4.179211345241433
799.683,-4.565140186909117
799.986,-4.069514825227059
800.29,0.9023076674331041
800.593,-3.2655708862170587
800.897,-3.0937675633672748
801.2,-1.97641425573447
801.504,-1.3642339937943442
801.807,-1.0313400912587476
802.11,-2.600423093495364
802.413,-1.2207491802377246
802.716,-2.8431547431193493
803.019,-2.591619303278601
803.322,-2.515840782935621
803.625,-4.528320705904175
803.928,-0.5204823979178852
804.231,-3.830199653849147
804.534,-0.45511587871484216
804.837,-1.5266929964226126
805.139,-2.8149435630054995
805.442,-3.76076141444897
805.745,-3.7169721008177206
806.047,-3.5129628365074947
806.35,-1.3460248379359545
806.652,0.43765912246534455
806.954,-3.96223253962251
807.257,-5.7709725107939285
807.559,-4.507287874965189
807.861,-0.4840841868351588
808.163,-2.721561992435089
808.465,-4.055601582810055
808.767,-2.8956130037804964
809.069,-2.2074980266913258
809.371,0.5786715668337318
809.673,-5.072856877081771
809.975,-1.6622174923345097
810.277,-4.020797784213161
810.578,-1.695379655802175
810.88,-2.7412843941924945
811.182,-3.311312364469447
811.483,-4.7505460021537225
811.785,-1.14318650980599
812.086,-2.825415456000314
812.387,-2.1947339110094095
812.689,-4.009861808926959
812.99,0.7906562673305445
813.291,-1.9161344428681906
813.592,-4.0296596477440545
813.893,-2.764757399674365
814.195,-1.8593281965645585
814.496,-6.075973149849425
814.796,-0.410979719322134
815.097,-1.9468415349359733
815.398,0.1653833105357263
815.699,-4.123776608445765
816,-4.528937486506232
816.3,-0.9436675003487087
816.601,0.5125794874358385
816.901,-3.362697382014284
817.202,1.5355554257451007
817.502,-2.841189763143707
817.803,-5.584749441299015
818.103,-1.5021744891824886
818.403,-3.221958841389028
818.704,0.10246289090940222
819.004,-0.5865329899100694
819.304,-3.007931069327565
819.604,-0.08899227541900176
819.904,-2.1421747922126078
820.204,-4.746698206828087
820.504,0.9436726790111801
820.804,-3.2007413908923623
821.104,-2.062466185246138
821.403,-1.681972498935812
821.703,-6.164798905723907
822.003,-6.701912440687698
822.302,-2.021170341076604
822.602,-5.128701006216139
822.901,0.5834119781939479
823.201,-2.8688659864542037
823.5,-3.9160169212041067
823.799,-1.268092428925291
824.098,-1.3790626239840476
824.398,0.39891320930839125
824.697,-0.47953619347523035
824.996,-0.6920305325354094
825.295,2.706708039945604
825.594,-0.3819829305449561
825.893,-0.8992024921929207
826.192,-0.5778548958525601
826.49,-3.3185533207443916
826.789,2.0968878949887158
827.088,-1.5762540207448794
827.386,-8.291621010932568
827.685,-7.017224375835837
827.983,-0.5127404118436221
828.282,-1.8854045658957757
828.58,0.60473582765739
828.879,-1.6589250551085986
829.177,-0.6601188870480823
829.475,-3.157553323275136
829.773,-0.6335006495832729
830.072,-1.2119169566197658
830.37,-6.293246800877382
830.668,-5.260306383208626
830.966,-1.2341823486687737
831.264,-2.52874685565494
831.562,-5.273763102753423
831.859,1.681432560823225
832.157,-1.84726158605425
832.455,-4.878954101518642
832.752,-0.8805861539599216
833.05,-6.327881274551931
833.348,-2.6001866895906502
833.645,1.9110681006682126
833.942,-0.7799538080485777
834.24,-2.972311328349409
834.537,-5.495436446503005
834.834,-5.111511336442523
835.132,-7.764897398098972
835.429,-2.6154541723520524
835.726,0.38538093285836095
836.023,-7.737564557706128
836.32,-3.0697070168868787
836.617,-1.9564625134155027
836.914,-2.485585920393741
837.21,-7.175707384776735
837.507,-0.49271998300220604
837.804,0.06376024368448618
838.101,-5.0966001122334035
838.397,-0.9034210948044409
838.694,-4.185819709131082
838.99,-5.598497739017986
839.287,1.783326295212413
839.583,-0.8748953001057576
839.879,0.8496897407358766
840.176,-8.523081055207196
840.472,0.508210929973785
840.768,-3.578403855195863
841.064,-4.095489518551076
841.36,-3.5477439288166073
841.656,1.717093017950379
841.952,-0.2903933253519175
842.248,-0.2610943627421994
842.544,0.3327207382938369
842.839,1.160999003159191
843.135,-3.986253480397555
843.431,3.0528724078941725
843.726,-0.3118071113823751
844.022,-2.530750722770807
844.317,-1.8233832954631495
844.613,-0.09522834348468084
844.908,-0.7530690933424878
845.204,-3.1482421165325136
845.499,-5.292189783357995
845.794,-0.6257576820302471
846.089,-5.294975617302203
846.384,-2.578537018397858
846.679,-4.446090681275149
846.974,-0.7543337556089462
847.269,-1.8301965323456126
847.564,-2.6645276207519153
847.859,-0.46505709648580185
848.154,-2.7482830434836973
848.448,-2.1020597091959545
848.743,-2.163018507752954
849.038,-2.15752189103313
849.332,-8.968825836575675
849.627,-1.4174828553142842
849.921,-2.9010457494091906
850.215,-2.3764329230386965
850.51,-1.8908589210857814
850.804,-3.9083861184289126
851.098,-2.434487319118151
851.392,-2.0947578702288996
851.686,-3.163074461126713
851.981,-3.8565085746139944
852.275,-4.168643360997498
852.568,-6.335319998659049
852.862,-2.4838623921434264
853.156,-1.8551518548779966
853.45,-1.3276929332643763
853.744,-9.915370011572834
854.037,0.4880444796708324
854.331,0.8021301152139136
854.624,-1.5037936084573071
854.918,-4.04700327334281
855.211,-4.3457075036513695
855.505,-3.0953550366415037
855.798,-0.06876968144101024
856.091,-0.6210392001086918
856.384,-5.143023946864044
856.678,-5.094329382179075
856.971,-5.726380244523692
857.264,-7.839001124677792
857.557,-0.01463288106258654
857.85,-1.2577786322210054
858.143,-2.9302303890462205
858.435,-5.252776525699509
858.728,-6.163973270029112
859.021,-2.398694998018062
859.313,-2.551554663816635
859.606,-5.720617726232581
859.899,-1.625650714044937
860.191,-4.749909284785448
860.483,-5.092071683442624
860.776,2.0804241564243386
861.068,-3.3125475805078146
861.36,-3.0714583127057553
861.653,-5.847971570988004
861.945,0.031913260179855324
862.237,-5.803839487133848
862.529,-3.618212396340115
862.821,-1.7358209488370584
863.113,-5.168894766595328
863.405,-9.364792813784248
863.696,-3.8341831075883084
863.988,-2.3372569443499964
864.28,0.4924882740946771
864.572,-6.5029595436678385
864.863,4.691247264817787
865.155,0.3364914819939476
865.446,-5.540452099581711
865.738,-3.406408857267497
866.029,0.4989340487288313
866.32,-3.9111601127529982
866.611,0.32466549372135617
866.903,-2.8752416038554562
867.194,1.4471302615982828
867.485,0.35851134183000266
867.776,6.582037044512734
868.067,-5.253575070222583
868.358,-6.843842462242783
868.649,-2.2257307353673403
868.939,1.844845842535423
869.23,1.0629495245325338
869.521,-8.077267816289284
869.811,0.5463954804731691
870.102,-8.443536433023816
870.393,-1.4163718686751912
870.683,-0.7231073941595118
870.973,0.11501894497205858
871.264,7.703063133944337
871.554,2.6883049214708192
871.844,-1.4546111648708875
872.135,0.6256533446917407
872.425,-7.433115787839874
872.715,-11.604966792122807
873.005,3.1520537783071894
873.295,-3.7683317192410217
873.585,-2.7916017329832488
873.874,-1.2756767289707627
874.164,10.452606706636141
874.454,1.787797987821628
874.744,4.774601454088451
875.033,-12.440391979780525
875.323,-4.391676632310826
875.612,-1.9988154326974221
875.902,-2.5567180817151316
876.191,2.3607201107022644
876.48,-6.540504299907531
876.77,1.9165116017918626
877.059,2.911658443121572
877.348,-13.022435939066987
877.637,9.195148444192583
877.926,4.345789339564448
878.215,-9.878160274964117
878.504,6.607653844600522
878.793,-9.514906868363964
879.082,6.9466518480727535
879.371,-1.8696278298206601
879.659,6.9574851356287235
879.948,2.5926848849513737
880.237,-0.004166498176837841
880.525,-11.929039845303272
880.814,6.174594709737152
881.102,-16.18869121471087
881.391,-3.2223403094298915
881.679,-60.892032307494226
881.967,25.57264379252509
882.255,11.99986481319784
882.544,-7.623123824783954
882.832,-2.737421842272044
883.12,-0.9653266161504356
883.408,8.851960693657059
883.696,4.867556086142306
883.983,-0.5004472144403518
884.271,3.8411976698601977
