153.834,0.0
154.224,1.7603615210694945
154.614,-24.415682104590722
155.005,6.7788449088804255
155.395,4.028370093266509
155.785,-2.031671466058015
156.176,-8.91122935465948
156.566,0.0
156.956,3.3068170441295868
157.346,0.0
157.736,0.09691001300805639
158.126,0.16767349852912594
158.516,1.9888409090740526
158.906,6.507694346085708
159.296,1.7868414377330115
159.686,-3.9126820540410305
160.075,3.231034179735739
160.465,-1.3822150872619217
160.855,4.941057771978378
161.245,3.4222894577413614
161.634,-6.338060407707913
162.024,1.8833289834306854
162.414,0.0
162.803,-0.7411518928699128
163.193,2.7551412618169064
163.582,0.6768304982657571
163.971,0.0
164.361,0.4890866695063463
164.75,12.165579063975493
165.139,-0.7781512503836436
165.529,-0.7644068124839057
165.918,-1.7911589975272886
166.307,0.0
166.696,-1.5498639083380419
167.085,13.758815473024404
167.474,-7.1945391473918345
167.863,8.085970223304537
168.252,-7.3626020618423
168.641,8.239457125528748
169.03,0.0
169.419,-0.4480356693521355
169.808,0.3481709908978172
170.197,5.723324474319263
170.585,-1.1332536427415132
170.974,6.859287629582109
171.363,11.99869349110497
171.751,15.057986797549807
172.14,0.3863433300576208
172.529,4.2494003609001805
172.917,-4.492585176756571
173.306,0.5478467615629822
173.694,2.582391511799315
174.082,0.0
174.471,-7.638983163867611
174.859,0.0
175.247,0.23694799012907153
175.635,0.2657168199174509
176.024,-21.484072927243723
176.412,9.158384688195545
176.8,-1.3908936011119764
177.188,-1.1139433523068367
177.576,-2.4795368708827135
177.964,0.0
178.352,0.0
178.74,4.104334819847721
179.128,1.9375999986174313
179.515,5.194637593750525
179.903,0.795108421205496
180.291,-6.1405532056639025
180.679,-1.717985462244043
181.066,-15.260006184878568
181.454,0.0
181.842,0.0
182.229,8.332875853285653
182.617,8.370026900925902
183.004,-0.4929821682373715
183.391,1.5888780126155753
183.779,2.61017335355685
184.166,2.890759549518789
184.554,-3.3597258281059967
184.941,12.124344439110619
185.328,-1.377498071571531
185.715,4.413994211067972
186.102,-2.2774813824067888
186.489,-10.75551925325816
186.876,0.0
187.263,-2.087316803310301
187.65,-13.63372070493905
188.037,0.972822817638989
188.424,-3.261439405230508
188.811,26.534982361731053
189.198,18.912895939544352
189.585,23.92784562876961
189.971,17.362642072227963
190.358,15.536582642720337
190.745,26.638422318974524
191.131,22.400385751054888
191.518,28.14822385061288
191.905,23.248419318797655
192.291,22.919688107452114
192.677,25.359900082614033
193.064,21.799020386383347
193.45,18.398512424013493
193.837,10.985304981688607
194.223,21.029669825316226
194.609,24.669478909354215
194.995,16.62969808252569
195.381,22.192553406951046
195.768,25.345547765716805
196.154,24.701718623568112
196.54,11.57762658327549
196.926,15.706209047006029
197.312,23.15348194460813
197.698,18.034971767273696
198.084,4.475991749578693
198.469,16.520862906824387
198.855,26.88081073202675
199.241,17.689462574990877
199.627,15.140900205222492
200.012,16.424046521298912
200.398,18.886378820085934
200.784,24.76203535894166
201.169,24.782559252075636
201.555,20.136691841879603
201.94,19.473056853292675
202.326,15.950619786238207
202.711,24.972281693597697
203.096,16.344180178799864
203.482,24.068162952582323
203.867,15.369698894827923
204.252,14.328321797450032
204.637,14.64225597940703
205.023,13.408200521031086
205.408,17.59649690487978
205.793,19.27129775290213
206.178,22.237279276763203
206.563,11.11092020042097
206.948,24.109585068307428
207.333,19.98290178240505
207.718,21.257400036864524
208.102,12.877489192382223
208.487,17.445927241905203
208.872,16.88563783570375
209.257,12.34787914257205
209.641,26.550637872043463
210.026,21.520513281627984
210.41,15.568191843337226
210.795,17.609758761426686
211.18,20.115032413193056
211.564,14.103508858762655
211.948,17.861761323912884
212.333,22.449849228358936
212.717,17.56930951914799
213.101,19.50849516784323
213.486,20.63916199028996
213.87,14.570276838042197
214.254,15.53834486004411
214.638,19.702424087176393
215.022,24.068074871349186
215.406,19.284176639826942
215.79,17.843702934572875
216.174,19.402846753468193
216.558,17.53656144350324
216.942,22.36025051054002
217.326,19.898099869918575
217.71,17.890298260842762
218.094,25.830503722255777
218.477,16.194617525819236
218.861,19.16692877211875
219.245,15.728235892996945
219.628,27.76161785971416
220.012,24.106979753717415
220.395,17.19216878550438
220.779,19.25671388344328
221.162,20.35066869776609
221.546,15.127494064708491
221.929,18.24491007329758
222.312,16.820721772596766
222.696,14.184727171525727
223.079,21.949132342069014
223.462,18.40536278122092
223.845,15.555169116970873
224.228,21.35391163388126
224.611,13.140436121847392
224.994,23.010157061494624
225.377,17.363888452856372
225.76,28.05568827503459
226.143,21.713458477350255
226.526,17.726012464098655
226.909,20.968924081963817
227.292,22.202177169427912
227.675,22.096594843001224
228.057,14.662481319249949
228.44,21.161107332116504
228.822,18.397399179244232
229.205,14.148079554555201
229.588,26.15733240864752
229.97,12.423686399413286
230.353,22.656657726363445
230.735,23.88182191953607
231.117,14.737972398292932
231.5,13.7029680899442
231.882,20.668559283242548
232.264,13.448390383773782
232.646,12.428154303584346
233.029,26.041213575183285
233.411,8.659432628593903
233.793,21.9660404654421
234.175,18.157483226762036
234.557,14.155175259908503
234.939,17.297459872173025
235.321,20.306178738298243
235.703,19.8661063362364
236.084,17.582087137369243
236.466,18.36249915498157
236.848,20.277182650524605
237.23,26.035826182624124
237.611,12.67545664991913
237.993,16.94328891250314
238.375,26.52421504993945
238.756,15.45843821281525
239.138,19.416970317537395
239.519,18.77283890351725
239.901,32.2897903480947
240.282,17.182670975220255
240.663,25.508103029717805
241.045,12.844149182054858
241.426,24.776022009212834
241.807,12.332673715425932
242.188,24.5642655850713
242.569,20.75076619563775
242.95,24.98471686516442
243.332,13.267460235329011
243.713,15.017916157565868
244.093,18.795122443941082
244.474,18.169870781930157
244.855,10.353600663616092
245.236,23.052386228785227
245.617,29.536778873960948
245.998,18.147958016010055
246.378,19.520294017855647
246.759,24.295405185579362
247.14,22.784854920002683
247.52,21.21686205920857
247.901,17.382136236074118
248.281,24.00278289003437
248.662,21.16107736041644
249.042,16.942956546962407
249.423,21.357392702090362
249.803,18.53092091962503
250.183,22.039324492354364
250.564,17.32457403243113
250.944,17.530869890464334
251.324,24.90420000292609
251.704,17.665423907380177
252.084,14.896328178850164
252.464,25.043775356709006
252.844,13.411587524433845
253.224,22.890652283783744
253.604,23.881404861719542
253.984,26.04469991215149
254.364,16.982926675386
254.744,26.796120847295793
255.124,24.069229448769054
255.503,15.567155550054483
255.883,20.944317087654174
256.263,26.1211600099935
256.642,20.429431206487905
257.022,17.53541664875778
257.401,14.961713850197926
257.781,10.034624309428287
258.16,22.439402303823798
258.539,20.960398285340112
258.919,14.180184824665586
259.298,19.118168881074613
259.677,15.626843127386
260.057,18.45529820134778
260.436,20.851617387803465
260.815,18.83631104256616
261.194,16.836334947888947
261.573,30.145003173153874
261.952,15.598062879821448
262.331,19.28307467310133
262.71,14.585168425275821
263.089,19.483191504557617
263.468,18.930369753208595
263.847,18.381296453766538
264.225,15.272178293026844
264.604,17.502062725502697
264.983,13.334897225064736
265.361,23.906340861560455
265.74,15.433906148457632
266.118,15.693959915742605
266.497,26.367360877106854
266.875,17.508890675953452
267.254,14.734255325682504
267.632,17.295182332635488
268.011,12.571723669119248
268.389,24.665189972346315
268.767,15.775886675978521
269.145,18.10440644753164
269.524,24.2799865285954
269.902,20.405192940730537
270.28,12.022512966230593
270.658,18.57498097796533
271.036,19.392358257733555
271.414,22.287256741370363
271.792,18.645117534251877
272.17,18.18458389729519
272.547,24.653442723353926
272.925,12.90843184099181
273.303,11.879918295288146
273.681,15.83877225539342
274.058,20.817945933823864
274.436,22.78805002312636
274.814,21.651210178350613
275.191,13.012080192785904
275.569,24.87420950089916
275.946,15.715912159515266
276.323,20.559551414672477
276.701,21.161147493204393
277.078,12.330774810908858
277.455,11.95217941705151
277.833,19.627309767194394
278.21,24.136656488577543
278.587,21.506767218091976
278.964,14.496848424493969
279.341,9.673947142173029
279.718,18.124001503849136
280.095,23.194085849761084
280.472,20.60686275058597
280.849,21.025882596522116
281.226,26.22208133110457
281.603,21.667135325585992
281.98,19.681348537326983
282.356,13.958617128386141
282.733,18.22283439107553
283.11,21.477309161464326
283.486,26.390130249921807
283.863,14.644060802421652
284.239,25.74410224356941
284.616,12.456467646039018
284.992,15.619135593424728
285.369,20.74089682437506
285.745,14.862645290916237
286.121,17.474827151884508
286.498,16.659145832816964
286.874,13.25979911327163
287.25,21.295850067713765
287.626,6.456184345003403
288.002,26.30206518832457
288.379,29.398328028493722
288.755,22.425581987149926
289.131,25.163326078667072
289.506,15.284064469446458
289.882,20.443267300245463
290.258,20.906358753379312
290.634,16.491707066475183
291.01,19.863923791045465
291.385,22.051837543040705
291.761,22.26618784862723
292.137,21.81673545110881
292.512,16.774259272472367
292.888,28.05179944793102
293.263,22.849580028267216
293.639,15.917564409782111
294.014,24.444071943825136
294.39,15.078309799905561
294.765,23.01397199320955
295.14,20.013987746825762
295.516,17.831269380226672
295.891,19.054577467284
296.266,13.679103000005544
296.641,21.238579542965528
297.016,27.76787335181336
297.391,16.14110031447621
297.766,24.883682104965562
298.141,16.184467980717574
298.516,15.422853999405902
298.891,16.685918635317453
299.266,21.02415377352357
299.641,12.96772356581541
300.015,21.633838134254653
300.39,21.76261280274748
300.765,19.742965173707606
301.139,12.650370830199563
301.514,22.769159946507404
301.889,22.02334385354819
302.263,17.27813289689118
302.637,19.751001433999917
303.012,13.829233941895614
303.386,16.759639693009483
303.761,17.738042369283725
304.135,15.601764168611348
304.509,15.318364927992086
304.883,26.028005763048057
305.257,18.3751927013002
305.632,20.54593319967137
306.006,19.45115482953596
306.38,18.933092978820337
306.754,20.607213286777764
307.128,17.95501963598067
307.501,17.902202753953347
307.875,12.701647850217576
308.249,19.917927181989892
308.623,18.144962198790317
308.997,17.583301274318245
309.37,16.01698943067401
309.744,15.143513279764923
310.117,19.599536348790018
310.491,15.018757684979475
310.865,17.74564259723346
311.238,12.182874141084682
311.611,15.38340079337715
311.985,22.89219456960162
312.358,20.153189318707277
312.731,21.42678534561475
313.105,18.859304440997057
313.478,17.047457739026008
313.851,21.15524411880777
314.224,19.724120399681635
314.597,23.956535063469197
314.97,25.974209248896525
315.343,18.090171085493246
315.716,24.937895661518812
316.089,15.457822604413854
316.462,19.673965798372457
316.835,19.85245578650452
317.208,14.707227992415794
317.58,22.733680376005537
317.953,21.5307223260652
318.326,19.67088204551659
318.698,23.88461692235089
319.071,24.356778601317334
319.443,21.785903312674698
319.816,11.695185054744453
320.188,17.997146939054254
320.561,15.793863950218773
320.933,17.00017963281169
321.305,24.242150721418206
321.678,26.90407531903048
322.05,16.1624150179007
322.422,22.288176823503814
322.794,18.131370936007055
323.166,15.433154143035875
323.538,20.654304980042856
323.91,17.143959876184706
324.282,10.557442144342161
324.654,17.87969936072571
325.026,18.816825773695378
325.398,8.613082701982199
325.77,6.13053899760805
326.141,25.711269605173094
326.513,15.393726443430701
326.885,23.16402482778425
327.256,25.824462629951274
327.628,28.103443916779355
327.999,29.38113957148862
328.371,20.540333995296358
328.742,20.30142945160074
329.114,15.854042863544066
329.485,26.570802003529845
329.856,10.801473383133224
330.228,21.97824935624167
330.599,14.326441474283143
330.97,19.771370299915393
331.341,21.910242509880206
331.712,22.783044963660785
332.083,18.011284148184803
332.454,24.78200571008033
332.825,18.4603355017147
333.196,32.76027881626192
333.567,18.032050943963597
333.938,16.492179105924095
334.309,24.564851268922343
334.679,19.86251019063976
335.05,15.613909417321436
335.421,21.980687620903414
335.791,22.847416349047204
336.162,14.294588465376489
336.533,17.435218544172965
336.903,17.57941139328578
337.273,20.30868353948165
337.644,21.234183383236125
338.014,23.181551067961657
338.385,26.110873295840854
338.755,26.50042008741321
339.125,15.698818344860072
339.495,19.552972834279473
339.865,14.424340744169168
340.235,19.022089764183715
340.606,26.907066168764047
340.976,16.52252164337103
341.345,19.337543324284972
341.715,22.004404819490752
342.085,21.761788553448344
342.455,19.432872039458893
342.825,18.877337282099486
343.195,17.834776454668194
343.564,20.858121278020892
343.934,19.598390008182783
344.304,26.291987701542283
344.673,17.77747861531546
345.043,22.406575267563344
345.412,15.993411064166192
345.782,15.340098184160656
346.151,14.325888096709438
346.52,23.728600567871
346.89,21.676272171511773
347.259,21.841544321188728
347.628,20.60732717418302
347.997,26.39185644850527
348.367,18.352788935129567
348.736,24.37979437298266
349.105,22.25441186644615
349.474,20.373957606891654
349.843,25.110268326283066
350.212,10.135537890723477
350.58,16.349561466779946
350.949,26.349372902894412
351.318,21.181961983593567
351.687,20.686331881782657
352.056,19.12272531264158
352.424,15.314924558459047
352.793,21.63661357739286
353.161,20.349116393818438
353.53,26.836357934530362
353.898,25.510584806759077
354.267,18.353143387625163
354.635,11.295571977803835
355.004,24.229668104634627
355.372,15.801609281546119
355.74,21.57456031064795
356.108,13.283881593639842
356.477,23.974053997957586
356.845,24.56577711094068
357.213,26.858045394941666
357.581,25.971781450725082
357.949,26.46585153875282
358.317,20.482087000275406
358.685,27.055392353910186
359.053,22.438766338177743
359.42,11.845011994328452
359.788,19.859075823027002
360.156,21.580338338032586
360.524,20.389472591825772
360.891,17.956815204663993
361.259,13.843963828378875
361.626,21.14667416204398
361.994,16.789880925549543
362.361,29.842665011539253
362.729,12.725458785718965
363.096,13.782879900592981
363.464,15.101677602835743
363.831,15.495813123336738
364.198,13.76628410767487
364.565,23.612859750656156
364.932,19.921073498900483
365.3,21.31727765776012
365.667,20.590936988710343
366.034,22.152468719421847
366.401,18.18314875811314
366.768,27.15086006673547
367.134,15.407038633375002
367.501,31.279990639491594
367.868,9.462862557297354
368.235,14.077563089588331
368.602,24.116881342932018
368.968,25.45836749578221
369.335,28.146811259096076
369.702,22.926608157565557
370.068,26.7829279728538
370.435,17.505381334149543
370.801,26.443001659298517
371.167,16.308076739137878
371.534,18.889796584469885
371.9,33.67387718489555
372.266,19.32933257252221
372.633,25.33135606368998
372.999,27.17691921191738
373.365,22.313633175212345
373.731,24.902149782408184
374.097,20.423430980301184
374.463,22.205236230427317
374.829,20.398918329445095
375.195,19.96080421592401
375.561,27.413005500384564
375.927,20.436473239004062
376.293,18.88242385478066
376.658,16.524943338281403
377.024,20.132108339936313
377.39,22.571093532488455
377.755,26.906822078699722
378.121,23.750892787974916
378.487,20.478980413858253
378.852,14.850748881797072
379.217,24.857224361180137
379.583,20.866268764181275
379.948,17.495812486494568
380.314,20.096372790689472
380.679,22.29674546067587
381.044,17.468272188374574
381.409,16.138035237761013
381.774,26.762140812341244
382.139,24.437926390256614
382.504,21.920491410997453
382.869,21.892524808222134
383.234,22.89845799561489
383.599,22.416192692427032
383.964,14.040521677035787
384.329,19.758399778359014
384.694,15.067330905404974
385.058,29.612681368064386
385.423,14.541541107838313
385.788,22.134341924221232
386.152,21.600877425981643
386.517,21.513932314167675
386.881,19.179986056826433
387.246,23.334979876181066
387.61,23.24351482965979
387.975,12.849051106380056
388.339,21.88439553086223
388.703,22.090583374928674
389.068,16.73333721862801
389.432,32.0470543208732
389.796,16.88948683711586
390.16,22.290357998518182
390.524,15.222052639647588
390.888,15.112951239034759
391.252,20.585029939248336
391.616,24.079214169386507
391.98,21.93468151041061
392.344,20.017732631831063
392.708,24.43681775937763
393.071,23.942280864239276
393.435,18.17683834263048
393.799,25.100234272084826
394.162,24.17596779561168
394.526,21.483823401760016
394.889,27.236236805386245
395.253,23.839121376940454
395.616,26.454000680461156
395.98,32.03332478823983
396.343,34.336872702823115
396.706,19.72991446876
397.07,20.51509677979241
397.433,19.795962146807344
397.796,23.2538189427067
398.159,28.57996738697541
398.522,24.657169064333107
398.885,28.344571670427925
399.248,31.832351622091174
399.611,22.032408124131205
399.974,27.77186739589312
400.337,25.154944158221813
400.7,28.283537880830153
401.063,20.59057082926934
401.425,24.54356687215905
401.788,28.84941853892299
402.151,20.0502270128075
402.513,20.146892671482814
402.876,24.75346646258826
403.238,21.222246564851613
403.601,18.650219281107525
403.963,23.769730103059437
404.325,24.461136070998833
404.688,29.247137851768052
405.05,20.844738309608772
405.412,25.67392942035871
405.774,22.93108870835404
406.137,19.684426047459276
406.499,22.637548126016515
406.861,17.060206773005724
407.223,21.474036673327994
407.585,21.190037229771477
407.947,24.961399768692356
408.308,23.70192924304223
408.67,25.667707744645934
409.032,22.07644445773673
409.394,31.274493265170616
409.756,25.7720930580649
410.117,23.906151255214375
410.479,26.263232478562326
410.84,23.740428889080487
411.202,18.032017524596526
411.563,25.78365994872324
411.925,24.353070598391263
412.286,26.50301090450793
412.647,21.86815319837024
413.009,32.30364793463789
413.37,26.538781818110426
413.731,25.534663656983962
414.092,24.587964926157287
414.453,31.58424162427211
414.814,29.634224843683864
415.175,28.8341940982741
415.536,31.114411066292387
415.897,32.28296790484944
416.258,33.34195033660017
416.619,30.00987276133
416.98,32.51475769450728
417.341,29.663166834615804
417.701,31.344348903579984
418.062,31.702110941815526
418.423,34.739441985952084
418.783,34.54481886419602
419.144,33.74324933418112
419.504,34.31431589193999
419.865,33.794620537465384
420.225,34.12953644583575
420.585,32.37757004633105
420.946,31.182209746125466
421.306,31.920203475426383
421.666,33.96580765031793
422.026,33.293258112487905
422.386,32.90525902255686
422.746,33.318524549017184
423.106,32.99318663904169
423.466,34.28276369727778
423.826,34.47487875731997
424.186,34.811223758143534
424.546,33.75489197192165
424.906,34.56930756014448
425.266,33.110443776093305
425.625,33.58776939438849
425.985,34.1021461336843
426.345,33.013828557604015
426.704,32.864701272639174
427.064,32.65229188771516
427.423,32.652922833459286
427.783,32.29168630188815
428.142,33.057035328843725
428.501,32.3492140496726
428.861,31.656545098959292
429.22,32.46323260094989
429.579,31.638673173094592
429.938,31.72936940758869
430.297,31.9751600014567
430.656,31.650977042568783
431.015,30.906528598972816
431.374,30.764645141326486
431.733,30.736269928434982
432.092,31.006175411528766
432.451,30.52748641605461
432.81,30.366851805883343
433.169,30.047345027078407
433.527,30.05534895959073
433.886,30.44521433237757
434.244,29.88181813308214
434.603,30.135857703399036
434.962,29.655101562144075
435.32,29.26257752167069
435.678,29.172416543352064
436.037,29.091541421375986
436.395,28.611967259327013
436.753,28.82593546257555
437.112,28.877149030771694
437.47,28.887357621240763
437.828,29.019505204725665
438.186,28.946110171470323
438.544,28.6668943515698
438.902,28.271036662138606
439.26,28.34616012768633
439.618,28.531740134642142
439.976,28.5219759089517
440.334,28.217726924219967
440.692,27.86395051152815
441.049,28.1200649070668
441.407,28.218928454996384
441.765,27.47139648737138
442.122,27.912213710919648
442.48,27.475357087367684
442.837,27.846434778242138
443.195,26.899808800469426
443.552,27.239571682783186
443.91,27.093462892002307
444.267,26.86727551305325
444.624,26.852120746724005
444.982,26.681384101597462
445.339,27.160976258526908
445.696,27.083616512849595
446.053,26.810394542212947
446.41,26.439056373200447
446.767,26.178425931358266
447.124,26.2876470427525
447.481,26.086933424689924
447.838,26.06222033284129
448.195,25.765197962263496
448.552,25.83013207255585
448.908,26.17380586316821
449.265,25.958077067619143
449.622,26.088670874098252
449.978,26.02222985908665
450.335,25.486304436272885
450.691,25.76180828207337
451.048,25.869925522775766
451.404,25.4407772500468
451.761,25.67959299450377
452.117,25.390125712866435
452.473,25.408840158904784
452.829,24.989661330000658
453.186,25.574917791321127
453.542,25.31739105209552
453.898,25.30327870524134
454.254,25.13678231613647
454.61,24.958848005144816
454.966,25.161079425078263
455.322,24.89796396229285
455.678,25.502853564987472
456.033,24.86820995364527
456.389,24.648892746809363
456.745,25.075662615079008
457.101,24.759638254942512
457.456,25.02541038616879
457.812,24.617244147715148
458.167,24.669832956239983
458.523,24.686999586496878
458.878,24.688670795003564
459.234,24.334336771197904
459.589,24.30774814817765
459.944,24.58173653708941
460.3,24.874486525611964
460.655,24.386625373361408
461.01,24.26110320070016
461.365,24.302425153072498
461.72,24.0738345992032
462.075,24.082726979615078
462.43,24.12063952628468
462.785,24.09143465700593
463.14,23.90716819686676
463.495,24.222261861931518
463.85,23.984280649344985
464.205,23.589955580191887
464.559,23.767996494781283
464.914,23.416583619708348
465.269,23.585472434086853
465.623,23.506770421183415
465.978,23.75588278358236
466.332,23.462600372153954
466.687,23.588746797556723
467.041,22.95860642976006
467.395,23.425632499366596
467.75,23.34546027731799
468.104,23.01738600503648
468.458,22.944201878488496
468.812,23.083484086025404
469.166,22.678867045869943
469.52,23.087605547188687
469.874,22.88636121000699
470.228,22.835730175975087
470.582,22.708634852827355
470.936,22.763823121332337
471.29,22.85546011653486
471.644,22.982601601714656
471.998,22.777192383441253
472.351,22.8077991361461
472.705,22.74180948755811
473.058,22.47108299907759
473.412,22.42144642684126
473.766,22.43276263136523
474.119,22.345386682362427
474.472,22.529863786926224
474.826,22.278056517963805
475.179,22.50081987226407
475.532,22.37619185326729
475.886,22.270209366611546
476.239,22.50009882861991
476.592,22.134846053409806
476.945,22.03969464637616
477.298,21.923270152274046
477.651,21.869559507037394
478.004,21.697554225321564
478.357,21.739353584912173
478.71,21.404198186925218
479.063,21.386549798383214
479.415,21.585566473691173
479.768,21.925084274627338
480.121,21.445053160021164
480.473,21.33875333844728
480.826,21.5339618707756
481.179,21.320611833075695
481.531,21.227208557399244
481.883,21.0043888178608
482.236,21.35997430601536
482.588,21.386265937822277
482.94,21.60803684722221
483.293,20.9123628333295
483.645,20.57752828274446
483.997,21.013364696563592
484.349,20.974990284617466
484.701,21.029726109113845
485.053,21.030692800493334
485.405,20.669296550946704
485.757,20.70825806183528
486.109,20.3030188845128
486.461,20.56125556346709
486.813,20.690283129504124
487.164,20.785927743621873
487.516,20.42937232046206
487.868,20.239326618588773
488.219,20.36508064505378
488.571,20.381303907830723
488.922,20.418537077825643
489.274,20.24107720302366
489.625,20.120882078080843
489.977,19.92320709818617
490.328,19.739127164935834
490.679,20.014090909379757
491.03,19.8245039892724
491.382,19.73975663322596
491.733,19.80872600187683
492.084,19.41917091806405
492.435,19.1682410447236
492.786,19.54866136434458
493.137,19.42258115339163
493.488,19.17375791593518
493.839,19.027656306104486
494.189,18.979242465993657
494.54,18.99904387493578
494.891,19.347716416666888
495.242,18.823705150960723
495.592,19.13163131326274
495.943,18.716744396584502
496.293,19.030581882202753
496.644,19.05490056333599
496.994,18.598613473553133
497.345,18.66843163337709
497.695,18.12383990832907
498.045,18.71201295111065
498.395,18.287557970375357
498.746,18.62452158142176
499.096,18.164339413206516
499.446,18.043983270682183
499.796,18.076153697661958
500.146,17.826298427171054
500.496,17.81552377660292
500.846,17.995831736198433
501.196,17.97696204317291
501.545,17.615332098309075
501.895,17.810711897273844
502.245,17.97016528801504
502.595,18.03509225991077
502.944,17.77968366055674
503.294,17.580029254360042
503.643,17.566077249473395
503.993,17.462124316638924
504.342,17.550038192561576
504.692,17.53448461087734
505.041,17.415565737872495
505.39,17.37731374272717
505.74,17.529831620345707
506.089,17.080757930750448
506.438,17.26697659763035
506.787,16.450364329874912
507.136,17.091256770122754
507.485,16.83599919529458
507.834,16.92490864669334
508.183,17.027733446380275
508.532,17.078013079439042
508.881,17.108629824735342
509.229,16.431161231461648
509.578,16.694493658115977
509.927,16.8793168725063
510.276,16.4154944770555
510.624,16.726936016879023
510.973,16.333666160924757
511.321,16.33144395495295
511.67,16.833197669181658
512.018,16.342114037345706
512.366,16.559034669659432
512.715,16.300773642209332
513.063,16.163627956689812
513.411,16.47848183230242
513.759,16.123889474594268
514.107,15.99543766721894
514.456,16.123888891451823
514.804,16.20923331115776
515.152,16.04132119258915
515.499,15.84707161450261
515.847,16.18403521226083
516.195,15.837046257489751
516.543,15.892662848137476
516.891,15.752769557955371
517.238,15.634964760120232
517.586,15.6461192082486
517.934,15.777847004167112
518.281,15.698244257700384
518.629,15.708458304637015
518.976,15.794865112610847
519.324,15.576376815660254
519.671,15.508880357351902
520.018,15.501248501923198
520.365,15.360731701381265
520.713,15.465935846042958
521.06,15.534407386427663
521.407,15.483404590382307
521.754,15.52236777712481
522.101,15.41513350357618
522.448,15.330119079724524
522.795,15.727760578640508
523.142,15.517708756597129
523.489,15.66983634437356
523.836,15.628437753863446
524.182,15.628356493952202
524.529,15.86507521335293
524.876,15.390091399447174
525.222,15.3118781701683
525.569,15.434081779089812
525.915,15.192595182409743
526.262,15.256809054637623
526.608,15.354995335635397
526.954,15.404803121234313
527.301,15.3352468585113
527.647,15.411306519691742
527.993,15.315623797266378
528.339,15.372132312750237
528.686,15.09881807240628
529.032,15.18369987804368
529.378,15.360119861115605
529.724,15.490539753243121
530.07,15.625877981210213
530.415,15.5054518939971
530.761,15.151295283147233
531.107,15.491522295965229
531.453,15.473173265294918
531.799,15.338459862158492
532.144,15.18199669512764
532.49,15.545076001032648
532.835,15.322735067879933
533.181,15.358618612204161
533.526,15.107364803887688
533.872,15.409433936121424
534.217,15.36313955880955
534.562,15.432583253416228
534.908,15.432204626965529
535.253,15.554733377167805
535.598,15.503956011307567
535.943,15.580124491608343
536.288,15.336986679261008
536.633,15.495024878315544
536.978,15.45620004449626
537.323,15.722861203440534
537.668,15.548071869379525
538.013,15.352345985460992
538.358,15.367139468688611
538.702,15.363159644284567
539.047,15.499269147751182
539.392,15.519755268336429
539.736,15.563702810041633
540.081,15.581408327754712
540.425,15.850527219215254
540.77,15.70283037528778
541.114,15.692913092964105
541.459,15.566946783138862
541.803,15.646901740647758
542.147,15.704312504941145
542.491,15.453845712734719
542.835,15.551361492772182
543.18,15.663492160815549
543.524,15.768350492467635
543.868,15.559735507735407
544.212,15.762355986675184
544.556,15.816684284650398
544.899,15.724553455393018
545.243,15.810171893817557
545.587,15.822592889959692
545.931,15.557947276055472
546.274,15.82038817033048
546.618,15.849416569412094
546.962,15.762405049427386
547.305,15.79343905866927
547.649,15.770336325618196
547.992,15.585297426684212
548.336,15.853296996982339
548.679,15.972709339116602
549.022,16.25880349894507
549.365,15.88138576845574
549.709,15.98820237784375
550.052,16.155095352025064
550.395,15.988876561737234
550.738,16.18317107704983
551.081,15.873691293849914
551.424,16.15112856748804
551.767,16.096325752669337
552.11,16.136912596791063
552.453,15.597364360560817
552.795,16.000529918623354
553.138,16.029543724322693
553.481,16.11801929397595
553.823,16.208288245138395
554.166,16.085268343669362
554.508,16.265534353542968
554.851,16.004878373882264
555.193,16.16168993674892
555.536,16.34853489001594
555.878,16.19061693078298
556.22,16.340304772525197
556.563,16.32896717876949
556.905,16.287085076810172
557.247,16.3221786593743
557.589,16.684256032760654
557.931,16.241658815757653
558.273,16.572496811011447
558.615,16.570383325140494
558.957,16.362523546769282
559.299,16.520608193021534
559.64,16.4650508732868
559.982,16.923164039458033
560.324,16.632715907873468
560.666,16.78066917526704
561.007,16.595582907252158
561.349,16.504026932004923
561.69,16.3913030460651
562.032,16.768687244272794
562.373,16.444794959980978
562.715,16.658255324576402
563.056,16.87388260559077
563.397,16.7558720204962
563.738,16.979479851594643
564.08,16.577878527952915
564.421,17.0433835744182
564.762,16.957996778162443
565.103,16.63211380211257
565.444,16.686728347912393
565.785,16.92139299713113
566.126,17.015774966113423
566.466,17.214386822919344
566.807,16.938750910214317
567.148,16.778498761423343
567.489,17.061694270759496
567.829,16.828938660175236
568.17,17.128082414661726
568.51,17.300558661510497
568.851,17.179522719204
569.191,17.352563884669095
569.532,17.258727454545852
569.872,17.153529132370817
570.212,17.467106281241932
570.553,17.65281710861614
570.893,17.569037354391362
571.233,17.449627767939887
571.573,17.32820061937988
571.913,17.41604996435151
572.253,17.410037722466974
572.593,17.482059166688334
572.933,17.451202879999702
573.273,17.507320516027708
573.613,17.500349688762366
573.952,17.318580442587848
574.292,17.526811095086536
574.632,17.660182750217647
574.971,17.482946270661408
575.311,17.8794466901339
575.65,17.84153257216705
575.99,17.86959390172639
576.329,17.91358142396598
576.669,17.569808630159866
577.008,17.588465646153285
577.347,17.910557774963923
577.687,17.910804094314027
578.026,17.990709662678892
578.365,17.851564649493053
578.704,17.98966861525157
579.043,18.123162038361684
579.382,18.029363514008416
579.721,17.94932039399152
580.06,18.124053622150193
580.399,18.398467065580494
580.737,17.96562450941343
581.076,18.08429380746173
581.415,18.023378105329034
581.753,18.293977324916433
582.092,18.052556697302585
582.431,18.57548490723145
582.769,18.295134687967035
583.108,18.395447298559315
583.446,18.374541542501667
583.784,18.55170694936425
584.123,18.48310944170936
584.461,18.68818327441989
584.799,18.497581655045742
585.137,18.72980951657595
585.475,18.321710209034
585.813,18.548868020005138
586.151,18.61919358971653
586.489,18.51683557196176
586.827,18.79164501990817
587.165,18.714767677417743
587.503,18.971536061537478
587.841,19.076011870496533
588.178,18.826392635949944
588.516,19.194073745064916
588.854,19.085218653275604
589.191,19.44295058965043
589.529,19.473129567571174
589.866,19.982699949541992
590.204,19.8190619475874
590.541,19.724597330129395
590.878,19.773782192601644
591.215,19.74276630378787
591.553,20.124636441143284
591.89,20.235918430034438
592.227,19.833507588118415
592.564,20.03959058126641
592.901,20.1103596130268
593.238,20.320078798142713
593.575,20.039841270368854
593.912,20.226421916798625
594.249,20.452270893338753
594.585,20.323257960358607
594.922,20.609858581244865
595.259,20.371126020029067
595.595,20.376866807722717
595.932,20.37889134723364
596.269,20.52306139755384
596.605,20.451674321622885
596.941,20.494603136070058
597.278,20.285034850249584
597.614,20.26407260454901
597.95,20.226830977438684
598.287,20.341367169147876
598.623,20.39515192328148
598.959,20.413578856298507
599.295,20.346586090998763
599.631,20.410448991563385
599.967,20.252542138141653
600.303,20.08139761468845
600.639,20.35999384009835
600.975,20.02471432903009
601.311,20.773246442732113
601.646,20.35974618680121
601.982,20.208939996154626
602.318,20.710551188657412
602.653,20.552242232132638
602.989,20.430821089913263
603.324,20.347602548511354
603.66,20.558649041540768
603.995,20.433926707452375
604.331,20.75362124699012
604.666,20.696474099634504
605.001,20.69865718028918
605.336,20.429982533010868
605.671,20.963821137427857
606.007,20.93396210457699
606.342,20.928611380294914
606.677,20.99724413884384
607.012,21.439725512024697
607.346,21.210425853973923
607.681,21.234660034622348
608.016,21.197746250511365
608.351,21.202537150748025
608.686,20.924608926238783
609.02,20.957395098832958
609.355,21.51886858252899
609.689,21.391206884812657
610.024,21.42712361963022
610.358,21.465881216121215
610.693,21.04050198653486
611.027,21.33950611303001
611.361,21.380152761505514
611.696,21.459846252652646
612.03,21.74481554600855
612.364,21.91153237896527
612.698,21.84703869031146
613.032,21.90367286994231
613.366,21.651219759137042
613.7,21.497197737917226
614.034,21.76701106369778
614.368,22.06120212183442
614.702,21.86248790606189
615.035,22.253076212917083
615.369,21.884326512446364
615.703,22.399697054875574
616.036,22.271576154230452
616.37,21.854778336744253
616.703,22.379715805425082
617.037,22.283415325109203
617.37,22.413321828250602
617.704,22.26375625662301
618.037,22.477248027941673
618.37,22.571826764227783
618.704,22.516620864922043
619.037,22.767387966461808
619.37,22.518086586545824
619.703,22.731483709244053
620.036,22.708281738874483
620.369,22.84381332949332
620.702,23.01290533584969
621.035,22.887957015311848
621.367,22.655505594700802
621.7,23.224376506799572
622.033,23.200920418278212
622.366,23.0320561968726
622.698,22.927986164035776
623.031,23.015051145957163
623.363,23.506322743337492
623.696,23.261135792775303
624.028,23.69775302392795
624.361,23.413802493746577
624.693,23.593504524480537
625.025,23.232220928152095
625.357,23.446761792210776
625.689,23.622508865505772
626.022,23.611174511765224
626.354,23.56755210266631
626.686,23.698711246497062
627.018,23.850479564972076
627.35,24.062253758325898
627.681,23.56895995392604
628.013,23.79945876256125
628.345,24.004932691801383
628.677,23.813094401384713
629.008,24.05913667409719
629.34,23.346213563571894
629.672,23.850030507675314
630.003,24.20819911079804
630.335,24.06259374938276
630.666,24.370222140762202
630.997,24.102737690683032
631.329,23.967073150640243
631.66,24.68421909641135
631.991,24.791406373009295
632.322,24.311623143675657
632.653,24.489730827769684
632.984,24.928676722769193
633.316,24.746114904913398
633.646,24.772520092121628
633.977,24.90952117744728
634.308,24.76660814495536
634.639,24.630720242899933
634.97,24.567107754981425
635.301,24.947080951403322
635.631,25.081041178863817
635.962,25.144431948377523
636.292,25.183685777804065
636.623,24.96164246874142
636.953,25.023111911881966
637.284,24.99099474269645
637.614,25.639884399848075
637.944,25.172979823960723
638.275,25.564884089641435
638.605,25.698000712039086
638.935,25.697451360647623
639.265,25.527730659901724
639.595,25.316535721445046
639.925,25.68360734546777
640.255,25.560236241039036
640.585,25.94127347657011
640.915,26.055762191795914
641.245,26.040514522176437
641.575,26.582542072041477
641.904,26.05932346067727
642.234,26.09641801329761
642.564,26.031696946705118
642.893,26.271327361219228
643.223,26.02081607482334
643.552,25.91279975387923
643.882,26.62507243859494
644.211,25.905296961045778
644.54,26.34190079453979
644.869,26.58879651262182
645.199,26.340700533998174
645.528,26.78846306851548
645.857,26.751622813400598
646.186,26.849620677361855
646.515,26.782082150628796
646.844,27.027707718791802
647.173,26.477035622185603
647.502,26.942153356441047
647.83,27.17558242285217
648.159,27.049079677419552
648.488,26.94318710504327
648.817,27.387900214163707
649.145,27.41505925827013
649.474,27.1956836821363
649.802,27.635585677503656
650.131,27.20133599347324
650.459,27.43899142161119
650.787,26.985070975224698
651.116,27.347555073949255
651.444,27.38709150666336
651.772,27.38451225724653
652.1,27.514207484435612
652.428,27.795568530138787
652.756,27.540421620155527
653.084,27.436810498340687
653.412,27.732472613244006
653.74,27.691511852058618
654.068,27.72876103326477
654.396,27.885501747653255
654.724,28.05017359379895
655.051,27.670485440508912
655.379,27.728059614190936
655.707,28.562869222961826
656.034,27.81826534205368
656.362,28.635182778588927
656.689,28.21293283420304
657.016,27.832788597738997
657.344,27.93293877655192
657.671,28.984449471979335
657.998,28.47569344188368
658.325,28.563462585444682
658.653,28.478065100197036
658.98,28.918790916902243
659.307,28.887715516514223
659.634,28.936231509958894
659.961,28.399481138943642
660.287,28.88686669118441
660.614,28.885157881264153
660.941,28.76919768109226
661.268,29.314979438788793
661.595,28.821879991876003
661.921,28.64289856320164
662.248,29.303373579912773
662.574,29.313157868751407
662.901,29.280539849689507
663.227,28.788126806319553
663.553,29.03110698293829
663.88,29.438663416757432
664.206,29.128352100116828
664.532,29.18147651732293
664.858,29.06927884468221
665.185,29.302709530189283
665.511,29.43280790188138
665.837,29.59945993977396
666.163,29.643546255311865
666.489,29.160243021785647
666.814,29.70470596121649
667.14,29.53788725570957
667.466,30.069693745471465
667.792,29.565772216240923
668.117,29.389240824064213
668.443,29.86999370747461
668.769,29.25553932266528
669.094,30.079868885126395
669.419,29.87203896017264
669.745,29.966816590134684
670.07,30.02842006213103
670.396,30.075730993098567
670.721,29.67146124884426
671.046,29.784393254581424
671.371,30.518719732965277
671.696,29.869165161292834
672.021,30.516223335077836
672.346,30.28970190169096
672.671,29.94396258475463
672.996,30.260319553926678
673.321,30.618807327448547
673.646,30.188611934035507
673.97,30.37090361283279
674.295,30.490348983511453
674.62,30.367994486484726
674.944,30.438034015424304
675.269,30.395002613797384
675.593,30.204852805494472
675.918,30.464173925883728
676.242,30.99378089356247
676.567,30.507925777564306
676.891,31.373485360644295
677.215,31.384696933744685
677.539,30.572852878631682
677.863,30.674094803217514
678.187,31.033408104005993
678.511,30.87234981526638
678.835,31.013223109316463
679.159,31.39363392024866
679.483,31.241119674260304
679.807,30.804748939122863
680.131,30.9428150608289
680.455,31.142165286181097
680.778,30.958717055941115
681.102,31.382428324208483
681.425,31.255614384625613
681.749,32.172058238716616
682.072,31.615814806069004
682.396,31.467633724800724
682.719,31.950923325284716
683.042,31.872462863329492
683.366,32.31617435989523
683.689,31.825727802710933
684.012,31.552354614279352
684.335,31.543802524061515
684.658,31.714359460568627
684.981,31.221561544425725
685.304,31.56157746177827
685.627,31.81706599159784
685.95,32.355817525862335
686.273,31.95241880344812
686.595,32.34406277510482
686.918,32.099185866085556
687.241,32.72272688690903
687.563,32.19853646496376
687.886,31.98925928203003
688.208,31.720216805650416
688.531,32.322970275774075
688.853,31.715401490872487
689.175,32.694932125106455
689.498,32.29472210370692
689.82,32.1180436144042
690.142,32.459890951049616
690.464,32.59506590881445
690.786,31.932349135222438
691.108,32.03925786926064
691.43,33.02104551914165
691.752,32.56252214797278
692.074,33.24549601502384
692.396,32.97882517059744
692.718,32.51098041402658
693.039,32.671531009915284
693.361,33.37337650788391
693.683,33.24090846292865
694.004,33.108586490739754
694.326,32.91583486768244
694.647,33.010781546944955
694.969,33.823025136341954
695.29,32.918231258155934
695.611,32.44338482319415
695.932,33.56912875847952
696.254,33.881711723194826
696.575,33.2017484781692
696.896,33.18857697992588
697.217,34.69459367883893
697.538,33.062621524382735
697.859,33.501725910960424
698.18,33.233134806247456
698.501,33.895289469256774
698.821,34.029264024030695
699.142,33.48333409793636
699.463,33.36779393533251
699.783,33.108865408803176
700.104,33.49912102513497
700.424,33.89589494955658
700.745,34.46025087409366
701.065,34.14961761064609
701.386,33.32481733512284
701.706,35.59404858231081
702.026,33.36163639072751
702.347,34.473216329241346
702.667,33.51715216172978
702.987,34.00777109012439
703.307,33.74088978372917
703.627,34.684450842094314
703.947,33.759512647077614
704.267,34.09374603945265
704.587,34.41129836102258
704.906,33.714845808137895
705.226,34.397158136429574
705.546,33.899077054492615
705.865,34.61984108087132
706.185,33.80584853910629
706.505,34.44511864000466
706.824,33.76310788494794
707.143,34.37711716828523
707.463,33.62801058370625
707.782,34.25353031315107
708.101,34.30292708017144
708.421,34.14492046708272
708.74,33.96946566818325
709.059,34.02435862320139
709.378,34.43835196265026
709.697,34.27053508262444
710.016,34.31579957086557
710.335,34.43792423742284
710.654,33.22520416982864
710.973,34.32784929711737
711.291,34.113691801217655
711.61,33.94262513789353
711.929,34.00143035895605
712.247,34.812366087884556
712.566,34.65265420098716
712.884,34.238890956919086
713.203,35.59589134791395
713.521,33.803922812215326
713.84,34.186700048694
714.158,33.98170340128325
714.476,34.375810227205164
714.794,34.69996525812015
715.112,34.97150628779566
715.431,34.12934833869686
715.749,33.68430411479523
716.067,34.37161166758846
716.384,35.261081421844274
716.702,34.24450546156333
717.02,35.393730862694866
717.338,33.98562101503884
717.656,33.57816897274324
717.973,34.01854652430168
718.291,34.55624374447865
718.608,34.49113872080146
718.926,34.34712385413766
719.243,33.98408114888225
719.561,34.92373763674136
719.878,34.26105392249686
720.195,34.312929434423815
720.513,32.900504668762764
720.83,33.94591935501536
721.147,34.88123789761236
721.464,32.47609064556822
721.781,33.434834164405125
722.098,33.959110162627155
722.415,32.530174348934786
722.732,32.311216972047106
723.049,34.744865565857886
723.366,33.13743352397715
723.682,34.416329396393465
723.999,33.92508775518032
724.316,32.95578104269948
724.632,33.63625476038701
724.949,33.36131998353452
725.265,35.11990030253053
725.582,33.71977003001561
725.898,32.847084045646994
726.214,32.542664557227475
726.53,33.41778633163212
726.847,33.4691345963103
727.163,33.1305524248546
727.479,33.95763506050065
727.795,32.921172411623246
728.111,32.40497860353404
728.427,32.42365517678744
728.743,33.00867416454389
729.059,31.309137797929317
729.374,32.07275588179397
729.69,33.83512992377882
730.006,32.904139178800435
730.321,32.16158012324964
730.637,34.370605289055895
730.952,32.9062369616378
731.268,30.216587658658053
731.583,31.941946714173366
731.899,32.52182517552199
732.214,33.123477088128126
732.529,32.2750702224138
732.844,30.436538387244635
733.16,29.825943011953555
733.475,30.516862649888466
733.79,31.746582605650108
734.105,31.651796892080718
734.42,31.313116668752127
734.735,30.581194778732293
735.049,29.778166081442325
735.364,30.76657928658365
735.679,31.019805898130343
735.994,29.41167614955433
736.308,30.213018037370645
736.623,30.484646547247657
736.937,30.222182527754835
737.252,30.967043838965438
737.566,29.089290931545605
737.881,28.999047417574893
738.195,28.889341809558836
738.509,29.06055419139258
738.823,28.0527662002587
739.137,29.808897988115532
739.452,28.96714417748298
739.766,27.396291166569704
740.08,29.264720914434896
740.394,29.339650794084793
740.707,31.57596790285515
741.021,29.58642473331526
741.335,28.651983103753313
741.649,29.248436859515362
741.962,27.999130859562385
742.276,27.257244126526395
742.59,28.155194970317577
742.903,28.118245411614023
743.217,28.105252064108427
743.53,27.72339010911433
743.843,27.887300951274785
744.157,28.274694457379102
744.47,28.956270622505837
744.783,27.72236452783579
745.096,27.542230405213576
745.409,28.644859688382994
745.722,26.460518409682557
746.035,26.846412392377722
746.348,26.899315933141768
746.661,25.181543512692954
746.974,25.759120051416524
747.287,27.20931969603034
747.6,26.380154706980893
747.912,26.802902191894642
748.225,26.088128266341975
748.537,27.53035097198059
748.85,25.535323275766167
749.162,25.72306794862352
749.475,25.70400624378474
749.787,26.401591966273426
750.099,26.227767767669338
750.412,27.891718603399706
750.724,26.532905727126195
751.036,24.967727943176993
751.348,24.52549989203397
751.66,24.61733751641227
751.972,25.784540054100372
752.284,25.56272958206455
752.596,24.23988060828424
752.908,24.58769270796519
753.219,24.966987554790656
753.531,24.968217550787873
753.843,24.90118948236661
754.154,24.20628327967609
754.466,24.87649096845581
754.778,23.457679887514974
755.089,23.53257364620705
755.4,24.439703267051087
755.712,25.493077251627394
756.023,23.671481968389095
756.334,23.102463647632025
756.645,22.433764377140577
756.957,24.129441558694264
757.268,23.897642814293924
757.579,24.03731363587264
757.89,22.888861092730465
758.201,22.780332143079463
758.511,22.72129247855805
758.822,22.968220503308892
759.133,22.414701564161973
759.444,23.05705989438435
759.754,22.964005601323834
760.065,22.1354299934124
760.375,22.07338902670888
760.686,22.244072707549716
760.996,22.26337819934982
761.307,23.74026709232236
761.617,21.37374404369518
761.927,23.286495230069217
762.238,22.322888618460688
762.548,22.32492571200061
762.858,22.502754626140028
763.168,23.001359719026595
763.478,21.233683071238616
763.788,22.30319845868316
764.098,22.812022769025067
764.408,21.763695159294254
764.718,22.155230713574262
765.027,20.540407354546875
765.337,21.903088025760088
765.647,22.150580426683845
765.956,22.640231976527694
766.266,21.242476958399045
766.575,21.251095480257657
766.885,21.962350218464348
767.194,21.071352017373094
767.503,21.37957674060769
767.813,22.18173752174954
768.122,21.525793975238166
768.431,21.91757848469687
768.74,22.486065863291493
769.049,22.052276743997478
769.358,21.57879423557441
769.667,20.166674612799085
769.976,21.127762344768353
770.285,20.427851133831854
770.594,20.275554837610205
770.902,20.581923787874484
771.211,22.219057663119543
771.52,20.97517715346207
771.828,21.139986615621027
772.137,21.757950346751215
772.445,20.054939030320046
772.754,21.44584431747
773.062,21.0489243089182
773.37,22.251822887790652
773.678,20.18343421349222
773.987,20.48836080076723
774.295,20.07173907726765
774.603,20.370012480171276
774.911,21.34672682794335
775.219,21.519622253149727
775.527,20.184268611880945
775.835,19.136028564227114
776.142,19.790880650970948
776.45,19.813985615937728
776.758,20.37476600835907
777.066,20.20751411473069
777.373,19.68168842701383
777.681,19.595716758723285
777.988,19.801166409200135
778.296,20.011461412662786
778.603,19.307257066864743
778.91,20.45302125872462
779.218,19.38859819912418
779.525,19.358888932240244
779.832,18.401074221341144
780.139,20.350513071959725
780.446,19.643370254262962
780.753,19.461479828722343
781.06,20.86710205737127
781.367,18.77705824587564
781.674,21.151953297647474
781.981,18.654155457215857
782.288,20.682679652492947
782.594,18.987485714706498
782.901,20.7886338102871
783.207,19.840945628225324
783.514,17.686913159526163
783.82,19.33385604787439
784.127,20.198798973700452
784.433,19.084518729737425
784.74,18.477999882755825
785.046,19.284580413391392
785.352,18.4001528415157
785.658,18.95020554389217
785.964,18.33704581167455
786.27,17.87200375097516
786.576,18.36269305966237
786.882,19.19484835612162
787.188,19.111415210148245
787.494,17.484790786881668
787.8,17.942368726636193
788.105,20.114047096680533
788.411,17.298722663734324
788.717,17.594488737736015
789.022,19.71049018843516
789.328,18.08366065687588
789.633,18.490533378306992
789.939,18.417274322370105
790.244,18.687708420045983
790.549,19.286144712277114
790.855,16.95300634768229
791.16,18.09833253270592
791.465,18.944035910586873
791.77,18.191333743747453
792.075,16.06813092487069
792.38,19.14008924423053
792.685,18.07212238492102
792.99,17.386035826915982
793.294,18.166195159167998
793.599,19.93891966729446
793.904,18.008159097693515
794.209,17.342917257894722
794.513,18.183728601221826
794.818,17.05541433547841
795.122,17.48662025256751
795.427,17.609140640690754
795.731,18.27029181711974
796.035,18.598305576808222
796.339,16.072763614953786
796.644,19.738988318635617
796.948,18.396398241880753
797.252,18.288907754158622
797.556,16.154950663267968
797.86,17.645743932789642
798.164,16.779083992488125
798.468,18.368956687036526
798.772,17.096338768690348
799.075,16.8789835577579
799.379,17.39962648044289
799.683,18.8987662163988
799.986,17.404368701432265
800.29,18.138221275130082
800.593,15.78503496201209
800.897,16.936316779298327
801.2,17.35380829413542
801.504,16.357567810935333
801.807,18.046815332395138
802.11,16.6812557919335
802.413,18.71162486989394
802.716,17.582733308487406
803.019,16.215166424534154
803.322,18.4778669975214
803.625,15.951676461556938
803.928,18.017474692708756
804.231,16.8133937357112
804.534,17.672274234348077
804.837,17.195397309128076
805.139,19.511285459008207
805.442,16.521277765065815
805.745,15.460096772368189
806.047,18.240662758211357
806.35,17.442402695059865
806.652,17.671775053048073
806.954,16.540428759299722
807.257,14.189856450658981
807.559,16.497037389649954
807.861,16.736321876372617
808.163,16.262396251377126
808.465,14.740302693097712
808.767,18.937418624594624
809.069,16.858370865360936
809.371,18.643303976578782
809.673,15.433729147908137
809.975,17.185334661401274
810.277,14.89919986355254
810.578,15.817491191763859
810.88,17.39149037405606
811.182,16.734439383637177
811.483,15.113329447681785
811.785,16.13080534825941
812.086,15.447016418918677
812.387,16.24459533419928
812.689,13.62624818507
812.99,17.09992018529023
813.291,16.880989307832195
813.592,16.222638756321956
813.893,16.60735787280628
814.195,15.050470114561204
814.496,14.008628155547598
814.796,19.977622925283494
815.097,15.37107210179652
815.398,16.465208343742546
815.699,16.4116797851796
816,15.383591777327611
816.3,15.641778103908095
816.601,18.563894872326696
816.901,16.88839791769019
817.202,16.405710263808572
817.502,16.853689381888966
817.803,14.788954277011856
818.103,15.048119813621561
818.403,13.487676527453942
818.704,15.255433364782933
819.004,17.90312291871144
819.304,14.812510746010343
819.604,16.0874391435163
819.904,15.026581311854708
820.204,14.84530620769985
820.504,17.96814175239428
820.804,14.713679718284403
821.104,15.54349354255044
821.403,16.30986293141323
821.703,12.100980076402925
822.003,13.560262223162725
822.302,14.966341565699986
822.602,13.426707574936042
822.901,20.5123916602722
823.201,16.116128470773276
823.5,19.06550133420449
823.799,16.154871074292252
824.098,15.40219376506207
824.398,17.098884985061
824.697,16.51815761975505
824.996,18.134184301730297
825.295,19.31205968070945
825.594,17.507423702094414
825.893,17.324270760296457
826.192,18.325957111473112
826.49,14.292406733462887
826.789,16.919959526756028
827.088,16.077414173034438
827.386,12.246797566306952
827.685,14.369403863452163
827.983,16.0288690359002
828.282,18.600053037897144
828.58,19.449362900402342
828.879,20.805583857360492
829.177,16.394997386685635
829.475,13.425672460670025
829.773,15.036571838881143
830.072,15.692704499151462
830.37,11.763342471636896
830.668,12.300840223773974
830.966,14.045763242959062
831.264,15.790130491062676
831.562,12.405344367765291
831.859,16.563838590232173
832.157,16.124942571268058
832.455,12.147846700840356
832.752,20.73049310754993
833.05,13.567214644827887
833.348,18.03004264423216
833.645,17.65338825111764
833.942,15.583890281620583
834.24,13.590147438134753
834.537,18.171448535340996
834.834,11.955158745887706
835.132,15.673770370394458
835.429,20.595376155071573
835.726,16.297948020556213
836.023,12.55645434365271
836.32,14.511323567052392
836.617,13.255177501255085
836.914,16.582039645930475
837.21,11.839500593786434
837.507,16.65909151317929
837.804,17.754482566806104
838.101,13.19333349627716
838.397,15.05332564207437
838.694,14.916515893905032
838.99,12.337154717532377
839.287,14.942680102485475
839.583,16.01249394691468
839.879,15.619107556337136
840.176,14.095467926761563
840.472,15.966714141017265
840.768,14.988131081995808
841.064,14.851115396562596
841.36,16.63904602425922
841.656,15.366345572432376
841.952,14.129034814593993
842.248,15.109823697074047
842.544,13.631606126753713
842.839,16.959711634460945
843.135,9.764716652440507
843.431,15.623927444133493
843.726,16.440606103908284
844.022,14.792909211089519
844.317,20.59840767421937
844.613,16.312287712917662
844.908,18.757082150458757
845.204,16.11603639712895
845.499,13.207964501060637
845.794,13.487650024135108
846.089,14.336903950868424
846.384,13.0550640667519
846.679,13.147627871714715
846.974,13.585202358002794
847.269,16.310565226621332
847.564,16.42226066629415
847.859,16.670404132485583
848.154,13.254494721455107
848.448,15.563968941909062
848.743,13.025128621382677
849.038,16.267738592035
849.332,11.587237489708775
849.627,13.893107827027277
849.921,17.72453482128656
850.215,16.634824843344894
850.51,14.991651567266933
850.804,11.80923678366819
851.098,13.034443943332437
851.392,13.469745403579932
851.686,13.39023921010105
851.981,13.386928033600272
852.275,16.2290023644954
852.568,12.975861313799617
852.862,13.60902176602965
853.156,14.688886921961545
853.45,14.426177020969753
853.744,9.710646790761603
854.037,15.185379650510123
854.331,16.005927640893375
854.624,13.157440161087932
854.918,13.278920763114616
855.211,13.777693445872742
855.505,14.019819365597737
855.798,15.281752602007431
856.091,15.83916998741291
856.384,13.057793619857538
856.678,14.120812108344904
856.971,13.056244446186094
857.264,11.632995439605427
857.557,17.20668177239905
857.85,15.949633834035948
858.143,12.430114735859117
858.435,12.764886226113017
858.728,11.553354954203046
859.021,13.298749755068219
859.313,13.118357563203986
859.606,13.266097645749936
859.899,14.830825030286539
860.191,12.059479859906975
860.483,12.769977700996936
860.776,16.561198389828892
861.068,12.798744816458898
861.36,13.587466871530879
861.653,13.218632432740732
861.945,13.836816180591153
862.237,13.051482861645859
862.529,11.97237523954537
862.821,12.755432871241458
863.113,12.489271807692015
863.405,10.650660076532334
863.696,14.059851165302069
863.988,12.537467645415745
864.28,14.535516788110732
864.572,11.623747020253791
864.863,17.315661721538913
865.155,12.88802732977924
865.446,14.045825591294248
865.738,12.149220540176987
866.029,14.865714190863898
866.32,12.610693910716686
866.611,15.797077904866226
866.903,12.697118344571553
867.194,17.542759312799397
867.485,17.0890070356817
867.776,14.132912406996892
868.067,11.641235738246685
868.358,11.692848985517786
868.649,17.370618296673094
868.939,15.402094133795245
869.23,10.099166957273955
869.521,9.025601685443744
869.811,15.868463578426558
870.102,8.216189696700702
870.393,11.375904094555022
870.683,12.819913393761679
870.973,15.834323083354858
871.264,16.939685425756686
871.554,17.025085880684987
871.844,15.136084193453017
872.135,27.360407772292056
872.425,16.217844703568602
872.715,4.468694706422011
873.005,21.47907453847062
873.295,13.006766443403652
873.585,15.168390322812352
873.874,12.11292745590699
874.164,19.55671672479617
874.454,18.430254154017955
874.744,15.655944232277008
875.033,11.367853611303117
875.323,14.455382109148843
875.612,13.782059540089195
875.902,15.291659965770997
876.191,13.717982912023542
876.48,10.67173557382833
876.77,12.031029093113483
877.059,13.37712121190638
877.348,5.517909935247519
877.637,17.052079943640972
877.926,8.35008918596646
878.215,10.324368971288035
878.504,10.33100159999717
878.793,13.261597791770994
879.082,10.171491520296625
879.371,13.388742796108387
879.659,15.549110875647834
879.948,17.41897365819938
880.237,14.393759908758753
880.525,5.686844743006829
880.814,17.08261297128174
881.102,7.311229998798615
881.391,11.362211871156475
881.679,-10.872814355877955
881.967,12.411759908538643
882.255,20.100232542543544
882.544,4.124518345758032
882.832,7.896748900661665
883.12,7.690807966405959
883.408,24.97762620467501
883.696,18.529844874274325
883.983,7.472660286208558
884.271,15.376633356921046
