153.834,0.0
154.224,0.026895693356032147
154.614,-18.568309570642853
155.005,8.74128200798174
155.395,6.448236936830618
155.785,-0.670245853074124
156.176,-14.858349621678682
156.566,0.0
156.956,2.04653681051322
157.346,0.0
157.736,-0.9528516541160225
158.126,-3.4003099863054644
158.516,-0.9469706425285662
158.906,6.090017098417514
159.296,4.8644265079292826
159.686,-5.068018091506093
160.075,5.31561045767007
160.465,-3.014098802109151
160.855,1.750674614145884
161.245,2.2538410983467014
161.634,-4.43899613887575
162.024,2.5034365440459787
162.414,0.0
162.803,-0.45287802873900684
163.193,9.20421505258615
163.582,-0.5378475679950208
163.971,0.0
164.361,1.5195106056461356
164.75,11.06591424770163
165.139,-1.8750612633917
165.529,-0.35921666384218137
165.918,-5.756906346851828
166.307,0.0
166.696,-5.007042547548519
167.085,11.602932510030067
167.474,-10.744713662680267
167.863,8.300759249241999
168.252,-7.1989294114590345
168.641,8.008500443154777
169.03,0.0
169.419,0.15402432197582688
169.808,-1.8724800043909757
170.197,4.647736724527368
170.585,1.505149978319906
170.974,6.161498074276581
171.363,10.57498204607326
171.751,15.152897057308689
172.14,-0.5116965241452001
172.529,2.4353734201038257
172.917,-8.043070925890689
173.306,1.1166616826490183
173.694,-4.001099319348611
174.082,0.0
174.471,-5.6571375505046815
174.859,0.0
175.247,1.7249585872788602
175.635,-0.9203281677956201
176.024,-16.63941844690176
176.412,8.132128931359226
176.8,-3.627431654904054
177.188,-1.256777860100623
177.576,-10.30020454687826
177.964,0.0
178.352,0.0
178.74,-1.1082364462266314
179.128,0.9788439314142308
179.515,8.538103123174512
179.903,-0.08534787407291022
180.291,-0.35462740136601745
180.679,0.228136936645862
181.066,-14.461346647335922
181.454,0.0
181.842,0.0
182.229,8.071637021973501
182.617,8.714045557855064
183.004,4.517183613095328
183.391,0.8224066835475726
183.779,11.21672762858182
184.166,3.123759797014191
184.554,-5.007798702228929
184.941,15.534460243231655
185.328,1.277622534200656
185.715,10.143823548784216
186.102,-7.654586239281647
186.489,-7.046643586373269
186.876,0.0
187.263,-2.8245512874212766
187.65,-18.724195210509848
188.037,3.100377367821376
188.424,-3.4669013095628687
188.811,2.759669007451431
189.198,2.1483917994914217
189.585,1.9619112199393118
189.971,1.7972380393773622
190.358,-2.3606557901697927
190.745,6.1904655263961015
191.131,3.357059354254381
191.518,7.718638536746281
191.905,3.913229965552057
192.291,1.8275317844136376
192.677,6.783142672425857
193.064,2.8646019041446036
193.45,-1.560005601261384
193.837,3.6551450733711115
194.223,2.200092062900521
194.609,5.266683951907103
194.995,2.6990066937819908
195.381,2.6762191457427376
195.768,2.1137215375609295
196.154,4.0709545122231265
196.54,-1.9198356975788593
196.926,-2.242690753864617
197.312,3.8641963496254155
197.698,0.5562169648612475
198.084,6.404945981838068
198.469,1.4989341684241189
198.855,5.363610756419296
199.241,2.495155572393926
199.627,2.983589688490869
200.012,-2.6759972760947295
200.398,2.3128368334184897
200.784,2.652027250825146
201.169,1.7045907119186021
201.555,1.9212290224574904
201.94,3.893990133743973
202.326,-4.233221363891568
202.711,7.6364718768662305
203.096,0.7123317794841098
203.482,6.055490997554073
203.867,3.4632849451752206
204.252,4.203344321827016
204.637,1.4263877832915128
205.023,-5.3526781653018665
205.408,5.802996262855905
205.793,0.3239853807566889
206.178,5.0216257622754785
206.563,-2.9711202445455305
206.948,4.367042535197761
207.333,-1.311171854986604
207.718,-1.527766924329571
208.102,-0.43401345587863527
208.487,1.1840982651116632
208.872,2.266535948317769
209.257,5.060839574960528
209.641,4.012363162036475
210.026,1.8727313281787568
210.41,4.446555111155263
210.795,0.034530318213923376
211.18,3.4509017977434238
211.564,0.966354669314927
211.948,0.10098148217175221
212.333,2.9824964208056777
212.717,-0.08488204879722987
213.101,3.942009526615549
213.486,3.9285389448956476
213.87,-2.269744447561078
214.254,-6.169570164550721
214.638,2.393325662953222
215.022,7.6556305092156
215.406,4.155981570356849
215.79,-1.362529719333291
216.174,5.52126433575948
216.558,-1.9120728975187893
216.942,3.672941097819758
217.326,-0.4460320747533714
217.71,1.115579235736761
218.094,6.558234840840351
218.477,0.17471123138911687
218.861,2.0138349813417835
219.245,-1.18707955033913
219.628,10.363369826440929
220.012,3.27609239736917
220.395,-2.3083737167003333
220.779,-0.47565208846775703
221.162,2.1378908511557086
221.546,0.6795831964973397
221.929,-0.7365687779920442
222.312,5.280903092038507
222.696,-0.3351073027986665
223.079,2.5403618803122554
223.462,2.6544159254265134
223.845,2.6732231550472116
224.228,3.3768790946168563
224.611,-1.3437037165590868
224.994,1.0928829702852092
225.377,-1.172194947142743
225.76,7.209979641167761
226.143,2.1962594850492017
226.526,2.902578547880935
226.909,1.8512439659151907
227.292,8.10490571346778
227.675,2.234121828567555
228.057,0.8247669625460331
228.44,2.2952012500827843
228.822,3.4524434007968106
229.205,-1.6266123407517208
229.588,-0.23406086102836643
229.97,-9.227286862059406
230.353,2.0865966405302863
230.735,7.803053284925842
231.117,-4.670059255685056
231.5,-4.024248091299151
231.882,1.4564678198314909
232.264,-2.2903066738136273
232.646,1.5983646198187573
233.029,5.776839561477289
233.411,-1.9904169589555927
233.793,1.414905165219755
234.175,1.0494822645140154
234.557,-0.12654412723298564
234.939,-1.5131167340540923
235.321,3.9062202121066067
235.703,2.420396369210779
236.084,3.366545676035068
236.466,3.962512780282843
236.848,-2.2730406898539965
237.23,4.907954652056477
237.611,-1.042784016324437
237.993,0.7453883943938622
238.375,9.155241523745715
238.756,6.369090105333724
239.138,-1.5150751554376314
239.519,0.1796687901234339
239.901,7.3437733575729585
240.282,-5.022515083282126
240.663,2.3027280287091276
241.045,7.133610023073476
241.426,4.888285073794987
241.807,2.8198575008091775
242.188,5.076318001574388
242.569,0.9339989834094334
242.95,5.887451679539047
243.332,-3.48235559390605
243.713,-4.284798606818548
244.093,-1.8112315178919847
244.474,-0.8018641044284357
244.855,-2.848065527110211
245.236,3.0282652652903437
245.617,6.432749092113317
245.998,3.3835436639883834
246.378,-0.6819066993622804
246.759,3.1562990960180795
247.14,3.909693641223295
247.52,-1.649295837047629
247.901,1.9611941113837714
248.281,5.144936983763406
248.662,6.155615350837385
249.042,0.6402086355518967
249.423,7.042117972244605
249.803,1.2012385207053466
250.183,3.7558991720422665
250.564,-2.967349410884918
250.944,2.215735483425821
251.324,4.2390772142627835
251.704,-2.3555345109354393
252.084,1.3289936531648288
252.464,3.6358272687281374
252.844,1.803395227867294
253.224,5.7016396522168495
253.604,8.028005802370282
253.984,7.9938532548645584
254.364,1.6928852251580417
254.744,6.264594142736646
255.124,3.66170461417151
255.503,2.387326182466596
255.883,3.3070125292376216
256.263,5.133374674640471
256.642,3.0645230206750456
257.022,1.6276967115684133
257.401,-0.21635094206418384
257.781,-8.425950121663409
258.16,3.6981270030491413
258.539,0.16344033822272402
258.919,0.4298397172989383
259.298,-2.1508465117543407
259.677,-0.9243475682136606
260.057,3.020134617757756
260.436,5.9009726906555
260.815,2.6340747847090182
261.194,-1.330606137871396
261.573,10.076152495809131
261.952,1.8244312411894066
262.331,5.100974218139276
262.71,-1.1666475070466438
263.089,2.935836978540176
263.468,-0.04143333979788434
263.847,0.6079574376628406
264.225,2.425738008417617
264.604,-1.4890427150251075
264.983,-9.914694147199334
265.361,4.132876979467042
265.74,-2.9537845614592277
266.118,0.7236073554986988
266.497,2.9765126692647064
266.875,1.9988419035471923
267.254,0.3399865835478174
267.632,2.6566398993996527
268.011,-1.6028357418563302
268.389,6.951074393885577
268.767,0.3597240116355476
269.145,3.0512829354111908
269.524,5.185624583450086
269.902,3.638994239456699
270.28,1.1849547172185757
270.658,3.4463747948853345
271.036,-0.3096168535570116
271.414,5.573725467987082
271.792,4.6374657737944975
272.17,4.549517695104384
272.547,5.765516471328837
272.925,1.043868178818915
273.303,-1.3211118612819894
273.681,-0.22685915114847122
274.058,2.868281867095911
274.436,6.113595460665118
274.814,1.9083581853840967
275.191,-2.8612754504637503
275.569,5.667815058550188
275.946,3.9327870315169777
276.323,6.3363501640385405
276.701,-0.8311180751360943
277.078,-3.098642680132768
277.455,-1.6622868309821404
277.833,-1.279593367545619
278.21,3.217908187253856
278.587,4.6333241713683915
278.964,0.19030030223896913
279.341,-10.021414368847042
279.718,1.5393574530423024
280.095,-0.9605785720908441
280.472,4.35315336261286
280.849,3.5888038337336248
281.226,5.233206513870938
281.603,1.07485547391109
281.98,0.0186540339081811
282.356,-3.1291314348543207
282.733,1.5122731744337476
283.11,-1.3514467645867727
283.486,9.207428479980061
283.863,0.6013398771698106
284.239,3.872126631576699
284.616,-3.0543289096140684
284.992,-0.2803344380045833
285.369,2.86596529824916
285.745,1.2828831463957655
286.121,1.183989540027031
286.498,5.046633120562275
286.874,5.215625530655403
287.25,4.150483122129603
287.626,-5.562880052264427
288.002,5.55369212358357
288.379,7.023918639194154
288.755,5.0136889501904305
289.131,3.2234135348472677
289.506,1.3641370351022548
289.882,3.3527520296979914
290.258,3.070492890589863
290.634,1.8307164041490298
291.01,0.2110366351079632
291.385,2.605955668324615
291.761,3.1187728092092173
292.137,5.2747907559112015
292.512,2.4728754565451543
292.888,6.127094255693629
293.263,4.95579982601918
293.639,2.3585344349561876
294.014,1.8968823861392434
294.39,-2.629377252983792
294.765,-1.8156899366286414
295.14,4.845817364359911
295.516,0.67475745666044
295.891,-0.2193500518331532
296.266,0.03163507331745819
296.641,-0.4691644235610155
297.016,2.8196664868505796
297.391,0.7400310546809736
297.766,3.9999635504658158
298.141,0.9482617640492261
298.516,0.6711374174271878
298.891,2.190207910739976
299.266,4.2593593537611465
299.641,-4.382275397546724
300.015,1.4540557763560693
300.39,0.32595159158717035
300.765,-0.6268925906923132
301.139,0.8261619502563861
301.514,0.7534240161970209
301.889,2.914159299178574
302.263,2.8433830176941832
302.637,0.39088526726465556
303.012,0.9616731849513286
303.386,3.01202910517046
303.761,2.0578092948837785
304.135,2.1956150506976884
304.509,4.208076735639287
304.883,2.226280725886922
305.257,3.536807603099309
305.632,3.0796620392118945
306.006,0.5486838343099003
306.38,0.2503606050961451
306.754,5.226802091096528
307.128,1.4419198034483385
307.501,0.6914145473125574
307.875,0.46886369810497774
308.249,4.099617910920463
308.623,-0.548819834310387
308.997,-0.1814846773271923
309.37,1.9169978126182992
309.744,-1.936739178184853
310.117,2.6318527985888744
310.491,1.11392911835591
310.865,-0.05622270146428915
311.238,-0.5953858246271355
311.611,-4.775078410089347
311.985,4.428558108599491
312.358,3.773527725092686
312.731,3.6219201766386653
313.105,3.32432798843677
313.478,3.1232954100396464
313.851,7.301307572932226
314.224,2.3035014317226206
314.597,5.452933863495412
314.97,3.3192382786643524
315.343,4.768619267299975
315.716,6.974699259344866
316.089,-1.91562402254839
316.462,1.335732050314311
316.835,3.335988749231874
317.208,0.9498202580880774
317.58,4.94898496535247
317.953,-0.12063845446114632
318.326,2.3440405159367104
318.698,8.376073184185747
319.071,5.1061867307999735
319.443,1.5053712846889153
319.816,-15.751449182277995
320.188,1.3134443691662663
320.561,0.29861200350445305
320.933,-1.2280424814390754
321.305,3.493570138607716
321.678,5.249124632855297
322.05,-0.5326344015906282
322.422,6.598337629962723
322.794,3.4739065413684647
323.166,2.58986949068816
323.538,0.6674133263083372
323.91,1.6913784012153108
324.282,-0.2719393259130707
324.654,3.828177119361768
325.026,3.478024459069533
325.398,-8.346231971391683
325.77,-4.737917286291063
326.141,2.8775335849823755
326.513,2.657911402606283
326.885,0.8996453590702866
327.256,5.472853637226103
327.628,8.529918852626237
327.999,3.5292836982688858
328.371,1.4326913759481599
328.742,3.5844111995525063
329.114,-4.316356996059942
329.485,4.6658158334974145
329.856,-2.9637193606674876
330.228,2.3223369762120334
330.599,1.6327085363146006
330.97,1.6033169275020478
331.341,1.5297605341795182
331.712,0.22593402469346258
332.083,-2.1916519392827216
332.454,4.725501336293791
332.825,4.451078517280529
333.196,8.137012840608387
333.567,3.6541643953243046
333.938,2.4596607690586985
334.309,2.776259633495239
334.679,4.250050529805629
335.05,0.6072127900599241
335.421,0.5765182599822873
335.791,4.140442435872152
336.162,0.2703245568221372
336.533,-0.793701251919142
336.903,-0.7847121642555175
337.273,0.1206047053210299
337.644,1.803207779442054
338.014,4.023793634703875
338.385,5.278123242622619
338.755,2.036532673108284
339.125,-5.900206589862674
339.495,4.547155040285997
339.865,1.662966002273083
340.235,4.221707827524583
340.606,6.789377542417876
340.976,-0.7011034294102964
341.345,1.1552622286741157
341.715,0.12261416276565579
342.085,4.6346790319085684
342.455,2.953745333172941
342.825,0.7411848028084518
343.195,1.1946742432860427
343.564,2.5855949270712584
343.934,1.8433539900436626
344.304,2.5993499010302807
344.673,0.5826963534572087
345.043,3.4390249856988335
345.412,-5.565712298200422
345.782,-2.45065876136415
346.151,0.04708019476369046
346.52,-1.9711066779787945
346.89,-0.34926945122386366
347.259,0.655963561340497
347.628,-0.6723826142948819
347.997,2.7904267258947946
348.367,-4.3792187714614
348.736,1.4378792713224355
349.105,2.2567878429870025
349.474,3.5497128578816786
349.843,4.504503341479863
350.212,-1.9690147947377803
350.58,3.6282288438972228
350.949,2.4287627098160773
351.318,2.88706989559229
351.687,0.693531163555043
352.056,2.717524505307193
352.424,0.33912084792033775
352.793,1.3688276497640268
353.161,-0.9647767861504983
353.53,5.093847582562884
353.898,6.74394263035179
354.267,3.540028308993305
354.635,-7.400053763017278
355.004,-0.22612201007072855
355.372,0.7178407120212089
355.74,0.025987334935094163
356.108,-1.3062769193726629
356.477,0.47416091369523394
356.845,1.6029457205232593
357.213,2.522458039716674
357.581,0.22072637417547913
357.949,5.789525541981609
358.317,2.249384943613825
358.685,0.07390761157692025
359.053,-1.5821876583579817
359.42,-0.7515619046424548
359.788,4.241401449132508
360.156,0.311348878607581
360.524,3.051739462495785
360.891,2.7963878229735837
361.259,-0.5189324144991215
361.626,0.9120828677475342
361.994,2.3847659252569122
362.361,7.76312764039588
362.729,0.25926991833256674
363.096,-2.875050061994354
363.464,-0.45525849189096007
363.831,1.2554772142647692
364.198,1.321315972114609
364.565,0.8116435765536285
364.932,-0.9769073229022788
365.3,-2.2424564781508782
365.667,1.0698032802428132
366.034,1.7132808972276914
366.401,-1.5581443499689196
366.768,6.52020610232842
367.134,-0.43058858122739313
367.501,6.7536333341477945
367.868,-5.57496250682706
368.235,1.4915619618509866
368.602,1.8607697543557624
368.968,3.7632156107595556
369.335,5.420286301242497
369.702,1.911661760454427
370.068,4.228504965678906
370.435,-0.7969728286875432
370.801,2.8547033579647207
371.167,-0.8380514085099204
371.534,2.102122560281786
371.9,3.7402655569742658
372.266,0.09579697017304542
372.633,0.4304827530203496
372.999,4.3955921710620345
373.365,3.1413380656412513
373.731,4.287086979971853
374.097,4.097608895005219
374.463,1.3843125452510734
374.829,5.182738203495141
375.195,-1.319589551137231
375.561,2.34899484772646
375.927,1.6526341727696083
376.293,2.695477268856982
376.658,2.2696688902100774
377.024,2.334561269827751
377.39,6.025664530165255
377.755,3.090725614201223
378.121,2.992793305737118
378.487,4.616638029728336
378.852,1.9378784220739966
379.217,5.044274861023977
379.583,-1.3051134374602744
379.948,4.133141067136864
380.314,0.7014627087867892
380.679,-0.5251152215088689
381.044,1.7339547392760504
381.409,-0.9485226104974148
381.774,3.00926910835393
382.139,3.808920071176391
382.504,0.8166020686302141
382.869,5.159757933596931
383.234,4.941675555950606
383.599,3.975500289826168
383.964,-0.5240758726940332
384.329,1.9635603947317162
384.694,0.12263268971793445
385.058,3.5192830223161615
385.423,-1.7549006232939504
385.788,3.6661355431516984
386.152,0.18036175198349597
386.517,2.6737069371959112
386.881,1.8638403737902198
387.246,0.8230448712576225
387.61,5.945580398988809
387.975,-1.7747247221543458
388.339,1.6149282488911096
388.703,0.8057333632370881
389.068,1.0635236752867578
389.432,5.752263044711738
389.796,1.8583449415213185
390.16,3.5940058849228778
390.524,-1.2667715277905076
390.888,1.8487597432331195
391.252,3.0762230186015116
391.616,5.512227347392898
391.98,5.066818185750416
392.344,1.2781969111985525
392.708,5.931139281634523
393.071,5.089968232279953
393.435,0.1154320282018237
393.799,1.4273174076787685
394.162,3.956026979720609
394.526,0.871565616409614
394.889,4.697366950346555
395.253,5.255037029141207
395.616,5.409709864841388
395.98,7.412938560312365
396.343,5.778120592099455
396.706,3.608028620411888
397.07,1.0616843097560515
397.433,4.204717968537481
397.796,4.848946650439325
398.159,1.4700942854085675
398.522,3.7488854859888043
398.885,6.356212334832765
399.248,5.573906270529956
399.611,2.6987132579234463
399.974,4.159322730198397
400.337,4.878769891349404
400.7,5.488037531054291
401.063,5.146386414176573
401.425,4.350565358198887
401.788,6.737742004522763
402.151,2.880777218841927
402.513,5.058535737894598
402.876,4.688598676958957
403.238,2.3963235387037662
403.601,2.366525944699769
403.963,4.685233181563239
404.325,5.5064149801428846
404.688,4.340771255654023
405.05,3.4006981977515602
405.412,4.502210322864265
405.774,3.4024674168103046
406.137,1.8249442867553178
406.499,3.5733466442843915
406.861,1.0367743874507958
407.223,3.7176175161418916
407.585,2.755882887249253
407.947,3.799883350769075
408.308,6.572863364603989
408.67,6.1778039735714945
409.032,4.075888812346169
409.394,6.92823454450377
409.756,6.08891499430601
410.117,5.271318052418553
410.479,6.538460463540447
410.84,6.843630937505995
411.202,2.783426774739277
411.563,4.848949412005895
411.925,5.949934894678348
412.286,6.990722796386019
412.647,4.502385532253515
413.009,7.051221612866373
413.37,7.676440077985407
413.731,7.988232127934838
414.092,6.9583341904640585
414.453,9.776602410948804
414.814,9.929697188395867
415.175,9.790556960363045
415.536,11.643999087162133
415.897,12.074509296741104
416.258,12.994659363843635
416.619,12.490951900583026
416.98,12.573760997317684
417.341,12.086273692392822
417.701,12.817931320066435
418.062,13.930444715167031
418.423,14.201828868464602
418.783,14.28380646366448
419.144,14.50814026362128
419.504,14.664062489642395
419.865,14.225585664556155
420.225,14.927473142205871
420.585,14.51018198508702
420.946,14.276738980570695
421.306,13.745638955113545
421.666,15.001366624761275
422.026,14.612512069446908
422.386,14.12582854136618
422.746,14.549875562576007
423.106,14.324223850692372
423.466,14.876607807269792
423.826,14.210563206070999
424.186,14.508144079883003
424.546,13.816612290029534
424.906,14.299763095597726
425.266,13.396478305429728
425.625,13.381882511274842
425.985,13.846737174935717
426.345,12.831749390608932
426.704,12.778547741838088
427.064,12.298766665580699
427.423,12.391557033835683
427.783,12.113414121183771
428.142,12.733533723606353
428.501,11.852775950281993
428.861,11.631170798519161
429.22,12.055371318755654
429.579,11.357524982484584
429.938,10.983477009121545
430.297,10.965169988506037
430.656,10.855276261497162
431.015,10.239668561967045
431.374,10.010253879575274
431.733,9.90898664624653
432.092,9.87653289484554
432.451,9.551597925982877
432.81,9.294242003895238
433.169,9.124173817638832
433.527,8.680168171763505
433.886,9.23747006298392
434.244,8.690842805193656
434.603,8.450411506872202
434.962,8.319161430811317
435.32,7.990540340282501
435.678,7.7297155426024675
436.037,7.911842350319887
436.395,7.281982685240447
436.753,7.380547013689711
437.112,7.3248641562456696
437.47,7.232326509392215
437.828,7.242266817083492
438.186,6.913151230767472
438.544,6.835244350132932
438.902,6.506535994328236
439.26,6.49902168734236
439.618,6.6711197628410925
439.976,6.481186545957183
440.334,6.296767085388875
440.692,5.982937253000525
441.049,6.094790226917995
441.407,6.181742654778222
441.765,5.681104585157079
442.122,5.6907986644447766
442.48,5.543555032959379
442.837,5.766507941319511
443.195,5.372583835832296
443.552,5.4141255354525955
443.91,5.238345611144531
444.267,4.946347686765628
444.624,4.965617468417263
444.982,4.576509280678321
445.339,4.967500232966741
445.696,5.08359984521542
446.053,4.626392014604917
446.41,4.376534281136979
446.767,4.0185239510225825
447.124,4.225339274675179
447.481,3.9536679084858686
447.838,3.9895522986570526
448.195,4.072839763867948
448.552,3.9216168200548522
448.908,4.137448747593493
449.265,3.891019900402658
449.622,3.9895595569230284
449.978,4.075842395955771
450.335,3.8213140986572207
450.691,3.8750224885271787
451.048,3.821444387179107
451.404,3.5423516867633484
451.761,3.617883938833852
452.117,3.4537980933682313
452.473,3.5161708612899485
452.829,3.13909965499483
453.186,3.5029119646402953
453.542,3.152367351467114
453.898,3.4454376991658457
454.254,3.4412133201098114
454.61,3.1268791937451414
454.966,3.1007883682365085
455.322,3.0918279224525484
455.678,3.5402253767103007
456.033,2.972001867225565
456.389,2.725112553861394
456.745,3.121087535069019
457.101,3.1423189189984453
457.456,3.22335764203791
457.812,2.9100896771161184
458.167,2.9650999211606193
458.523,2.981604029670185
458.878,3.040061891283151
459.234,2.8834856151989396
459.589,2.645772225129019
459.944,3.0431480880290622
460.3,3.226686562759813
460.655,2.749183735430677
461.01,2.768437005998933
461.365,2.747957807945762
461.72,2.610063434851136
462.075,2.760181995434063
462.43,2.624326535348391
462.785,2.6341153519576816
463.14,2.5826409254714764
463.495,2.8629870058166587
463.85,2.633934762215206
464.205,2.4883107473900035
464.559,2.5950654492565697
464.914,2.5270309405204716
465.269,2.311113830792112
465.623,2.3034767271530083
465.978,2.4615979908997345
466.332,2.488866829386225
466.687,2.527415356317152
467.041,2.2354801546796637
467.395,2.452298606430253
467.75,2.510357281946736
468.104,2.125611006655264
468.458,2.15665065050577
468.812,2.0782038659320525
469.166,2.0959612928474836
469.52,2.2348231539975423
469.874,2.1771245421723884
470.228,2.169733196054653
470.582,2.1221448014349007
470.936,2.128979005674763
471.29,2.1509861305161357
471.644,2.541389662364212
471.998,2.069769229389101
472.351,2.271605166693399
472.705,2.179800297106827
473.058,2.0503524814616196
473.412,1.791658142135303
473.766,2.0166284686126814
474.119,1.8834187946823786
474.472,1.9879681214984215
474.826,1.9926997032264886
475.179,2.182342669453003
475.532,2.083469510854395
475.886,1.920284072871038
476.239,2.3507500812557915
476.592,1.8885342116589048
476.945,1.8861098118199269
477.298,1.8990588455962958
477.651,1.922035392020016
478.004,1.9482501594372263
478.357,1.6577665309242353
478.71,1.4874808876731238
479.063,1.6194557531694576
479.415,1.7398325089267508
479.768,2.1056541428428632
480.121,1.5095930648077203
480.473,1.7052198289651022
480.826,1.9317176199448185
481.179,1.6670452402701326
481.531,1.5814104941175224
481.883,1.6694334845516445
482.236,1.747926573896626
482.588,1.82703861594966
482.94,2.0462441493294357
483.293,1.316505236252651
483.645,1.1786193891037497
483.997,1.7755296613546803
484.349,1.774560778469277
484.701,1.741951226129119
485.053,1.482422345081829
485.405,1.3965515099241819
485.757,1.5091709388627277
486.109,1.2440195458125596
486.461,1.5610447541376464
486.813,1.5477935300508117
487.164,1.689220141688411
487.516,1.4030247277152859
487.868,1.2622976850821368
488.219,1.4550505312693514
488.571,1.5884371090520588
488.922,1.728157811022947
489.274,1.4835645969789573
489.625,1.2680420403196917
489.977,1.261942361453774
490.328,1.0213722233703657
490.679,1.3678563630784544
491.03,1.1992945701198248
491.382,1.2500852991269629
491.733,1.3812093329814044
492.084,1.1138357078246324
492.435,0.8456120375942188
492.786,1.0800304094676128
493.137,1.0547870549498413
493.488,0.9494713632182473
493.839,0.724329168620987
494.189,0.9509755745803382
494.54,0.9674990278971347
494.891,1.2754999351431786
495.242,0.608146792574948
495.592,0.9108977429675137
495.943,0.8844713079059883
496.293,0.8524166581074718
496.644,1.1657560353557206
496.994,0.7622646600070518
497.345,0.9144152070822049
497.695,0.4579156045566445
498.045,0.9056485082767803
498.395,0.5504594254193829
498.746,0.8975431208501792
499.096,0.8064391205914468
499.446,0.6077782168244574
499.796,0.516515381764336
500.146,0.4458036850601096
500.496,0.31088304150236945
500.846,0.5836844596893956
501.196,0.5695833386705837
501.545,0.36946739792991595
501.895,0.6571578401716325
502.245,0.6432989075200549
502.595,0.7170320895835156
502.944,0.5736768761472544
503.294,0.4213259667986022
503.643,0.5544645394524432
503.993,0.31133522314105855
504.342,0.4750913847346649
504.692,0.602433312241184
505.041,0.3003344973605129
505.39,0.524388687362751
505.74,0.6062086852587139
506.089,0.21725445335367044
506.438,0.3984493185355973
506.787,-0.2983466044392633
507.136,0.2642007628508808
507.485,-0.01196065434650913
507.834,0.27838283995411117
508.183,0.2914005236625304
508.532,0.4720784856873874
508.881,0.4781839531164684
509.229,-0.1659111208900534
509.578,0.04445992296746185
509.927,0.2858039000078554
510.276,-0.056446323001789284
510.624,0.1564104302238627
510.973,-0.15416766028666032
511.321,-0.12011292193376873
511.67,0.4487798345691703
512.018,-0.15577924666534404
512.366,0.11557926713772439
512.715,-0.17977724862982858
513.063,-0.1631002793927715
513.411,0.07383157451383364
513.759,-0.22706429209777898
514.107,-0.39210262690226844
514.456,-0.16952728036378792
514.804,-0.17400455841127374
515.152,-0.0741579736518883
515.499,-0.3835745125692009
515.847,-0.03887262617447236
516.195,-0.4122835720941526
516.543,-0.2520683171060884
516.891,-0.31703243277672416
517.238,-0.36300191955468486
517.586,-0.33061672115524643
517.934,-0.3163230054602649
518.281,-0.38374691697793367
518.629,-0.2938873321232897
518.976,-0.18839214727735998
519.324,-0.44765206223826576
519.671,-0.4909012325918707
520.018,-0.4956652398286618
520.365,-0.5343389862810322
520.713,-0.5159246134233209
521.06,-0.46762314966154983
521.407,-0.5259747521497689
521.754,-0.45353581165715884
522.101,-0.5400715433888427
522.448,-0.5777029718429302
522.795,-0.23955684725320334
523.142,-0.30530471121793734
523.489,-0.2240972504977245
523.836,-0.21096407474843737
524.182,-0.29023298135352166
524.529,-0.03818797478558564
524.876,-0.344081589896435
525.222,-0.46241805816331716
525.569,-0.35496709401143695
525.915,-0.6905411152962733
526.262,-0.5312478492732211
526.608,-0.5542666966381092
526.954,-0.492472420743212
527.301,-0.4582246754023101
527.647,-0.3839920760778016
527.993,-0.42293602689882376
528.339,-0.5028252250614942
528.686,-0.7112986813399209
529.032,-0.601348931498668
529.378,-0.5301832988739389
529.724,-0.34723421438853375
530.07,-0.16042781919352292
530.415,-0.3189698210946986
530.761,-0.5903360469329797
531.107,-0.382658383035514
531.453,-0.36437100065312916
531.799,-0.4681325719346881
532.144,-0.624714524593404
532.49,-0.3631258570061037
532.835,-0.6224398198096779
533.181,-0.6060972808533865
533.526,-0.7391101103393176
533.872,-0.5321378244805912
534.217,-0.5020103623363401
534.562,-0.5820711426686368
534.908,-0.49023458109300816
535.253,-0.47953181665554584
535.598,-0.5117202970888066
535.943,-0.4475839718944513
536.288,-0.6664878604765628
536.633,-0.5435388019955796
536.978,-0.5550559092184826
537.323,-0.341711470740752
537.668,-0.5893312500245754
538.013,-0.6956174084543204
538.358,-0.6279687058912762
538.702,-0.6264815548516885
539.047,-0.6027864176715231
539.392,-0.520281816727288
539.736,-0.4901056417893637
540.081,-0.5400224651661993
540.425,-0.29470273581028683
540.77,-0.42412722243177026
541.114,-0.440925042490316
541.459,-0.5783664525976029
541.803,-0.45893743107856033
542.147,-0.3922371593798969
542.491,-0.6444378051861401
542.835,-0.5982811449849971
543.18,-0.399137979457346
543.524,-0.37351566488068566
543.868,-0.6204576283502786
544.212,-0.47442120376992186
544.556,-0.30883071246727406
544.899,-0.42266196386730576
545.243,-0.3679574122558628
545.587,-0.3595013649362483
545.931,-0.5436908260491687
546.274,-0.3599840624047339
546.618,-0.31291261807119775
546.962,-0.3946603771945083
547.305,-0.3799786009874085
547.649,-0.45046410777526946
547.992,-0.5475118689089052
548.336,-0.3806385275028271
548.679,-0.3554405239891453
549.022,0.002972100362285861
549.365,-0.39824548776277074
549.709,-0.2943361608285435
550.052,-0.18988281961088546
550.395,-0.3520011232425242
550.738,-0.21787716504339716
551.081,-0.600428496951969
551.424,-0.2616585352320122
551.767,-0.27479770425542466
552.11,-0.2884810072098202
552.453,-0.8496236828778717
552.795,-0.39695587428810053
553.138,-0.36113095708611564
553.481,-0.3754994487185616
553.823,-0.22458625671044236
554.166,-0.3636798347844818
554.508,-0.17775537599133556
554.851,-0.5274740073107724
555.193,-0.39332061650621775
555.536,-0.23934891318954604
555.878,-0.2918055133643572
556.22,-0.17717007630880124
556.563,-0.22447831970370777
556.905,-0.33837046026990053
557.247,-0.3262133468563138
557.589,-0.013673709098984955
557.931,-0.4440004226710054
558.273,-0.16055892151751316
558.615,-0.19186196175409995
558.957,-0.29743350977615823
559.299,-0.38336291110253135
559.64,-0.3200641698531629
559.982,0.12888751464772066
560.324,-0.16495166023303204
560.666,-0.11450810449634773
561.007,-0.2544489829692906
561.349,-0.35732872547214395
561.69,-0.43754893434446973
562.032,-0.16120766047539245
562.373,-0.47578652924921966
562.715,-0.3789739879042884
563.056,-0.05620862422199171
563.397,-0.17891109837724103
563.738,-0.1415589635883813
564.08,-0.4046492466261684
564.421,-0.06690198960493733
564.762,-0.12499314813285249
565.103,-0.38294393004699523
565.444,-0.3864727136274421
565.785,-0.1822842034557488
566.126,-0.1133816704537258
566.466,0.07696417582220716
566.807,-0.20706685799266988
567.148,-0.3680510387249398
567.489,-0.20198845662148693
567.829,-0.3794005108458232
568.17,-0.25488931815457233
568.51,-0.025418473175993522
568.851,-0.1399685104123391
569.191,0.016449851282352938
569.532,-0.12475294665567276
569.872,-0.33117346141938625
570.212,-0.011794297753366458
570.553,0.18820414494446935
570.893,0.08123345913983844
571.233,0.06749016566576492
571.573,-0.21707713520549948
571.913,-0.1874811687608395
572.253,-0.059369215623515034
572.593,-0.020551970984371292
572.933,-0.16509342666164242
573.273,-0.08199226800634392
573.613,-0.12164939780185656
573.952,-0.3319564709170867
574.292,-0.08561034777525457
574.632,0.0141912200041917
574.971,-0.18978271249585033
575.311,0.1962740383423501
575.65,0.07382441092863845
575.99,0.12889367137345908
576.329,0.1698247669346448
576.669,-0.27483058065781624
577.008,-0.2637929461667123
577.347,0.012847299563927314
577.687,0.07695949110538888
578.026,0.07029754204649459
578.365,-0.060943587817053536
578.704,0.13378763390260573
579.043,0.14252275078784554
579.382,0.05743927116042053
579.721,-0.02740034198675367
580.06,0.1182491940326717
580.399,0.3279564291002068
580.737,-0.1325741918058804
581.076,-0.05324577785732133
581.415,-0.04422044817399461
581.753,0.2189943533016415
582.092,-0.06456640074352515
582.431,0.492615248706011
582.769,0.12986282566763968
583.108,0.2516126326936337
583.446,0.1714875199400168
583.784,0.22761479456281133
584.123,0.1656802910318117
584.461,0.4876295913254221
584.799,0.20094108655992907
585.137,0.4993558413356146
585.475,-0.1061919354785986
585.813,-0.030673629373142032
586.151,0.3428636060624631
586.489,0.12628317548952084
586.827,0.3763640019431924
587.165,0.28270482636564603
587.503,0.3222315055542285
587.841,0.3588804957501859
588.178,0.25755362624960376
588.516,0.6087189297961378
588.854,0.2948007349838414
589.191,0.6489859139952882
589.529,0.6104796240718761
589.866,1.0390310687464943
590.204,0.8627545047188384
590.541,0.7313083120031951
590.878,0.8287017022064925
591.215,0.7836623191493606
591.553,0.9192030000864065
591.89,1.0353525400756451
592.227,0.6630551722205267
592.564,0.9305804622507731
592.901,0.8868881845249831
593.238,1.0465810457381965
593.575,0.9079338790167139
593.912,1.0428873738548814
594.249,1.2145194543914335
594.585,1.003459398102229
594.922,1.2002253468706217
595.259,1.0090085723231283
595.595,1.0942491594221002
595.932,0.8761372095319132
596.269,1.0005457786666665
596.605,0.9667881996468259
596.941,1.1212934413182538
597.278,0.8462683696331395
597.614,0.795294318666024
597.95,0.7180335355994598
598.287,0.8731346938320282
598.623,0.8166980981279836
598.959,0.7379377695242162
599.295,0.6651500456314324
599.631,0.7465734154969565
599.967,0.5531983636796632
600.303,0.4118488274374604
600.639,0.6861834131550553
600.975,0.35928886424664935
601.311,0.9222919649097644
601.646,0.8348492158109069
601.982,0.44200512711404416
602.318,0.9816016018186277
602.653,0.6934176991028588
602.989,0.6037421130687379
603.324,0.43347652248238633
603.66,0.6597680845037226
603.995,0.41127525057687847
604.331,0.7460888283052234
604.666,0.6746212967335777
605.001,0.5941925095287717
605.336,0.27927798856852226
605.671,0.8641928876625091
606.007,0.7487401362973426
606.342,0.7102256685097392
606.677,0.716690087834288
607.012,0.9852432296240272
607.346,0.8826115603530336
607.681,1.006481516733308
608.016,0.812831591309968
608.351,0.770795538371266
608.686,0.571799384733945
609.02,0.5583862758348904
609.355,0.8352404095727513
609.689,0.980348693581075
610.024,0.9779790428911475
610.358,0.8660870330329962
610.693,0.4670133617781592
611.027,0.8008301861587159
611.361,0.8132095846858245
611.696,0.8127825058636903
612.03,0.9478502617000178
612.364,1.071795287702667
612.698,0.8776670110554433
613.032,1.0029449971805136
613.366,0.6837918637615159
613.7,0.6383489951252993
614.034,0.6753254524908157
614.368,0.9371790028857784
614.702,0.8395213414112632
615.035,1.0113552027840877
615.369,0.7690752693366096
615.703,1.0369202588716473
616.036,1.014961180770257
616.37,0.6654956760796795
616.703,1.0889033335239346
617.037,0.992366359715396
617.37,0.9690159252920875
617.704,0.7862058947315551
618.037,0.7886629237619226
618.37,0.9464962808634548
618.704,0.9273632670084966
619.037,1.2039751607276217
619.37,0.8263834494926351
619.703,0.8444219234484964
620.036,0.9984790772692262
620.369,1.0391771551135822
620.702,1.1587702821962946
621.035,0.9730960159458896
621.367,0.8068816604181569
621.7,1.2273691420110757
622.033,1.1422884437480085
622.366,0.9840278928434976
622.698,0.8321759111350555
623.031,0.8305114666763446
623.363,1.2910341564747925
623.696,0.9797785879354332
624.028,1.2809544977205871
624.361,1.0996654234856775
624.693,1.243633112195624
625.025,0.9816461956404816
625.357,1.0411054843749974
625.689,1.1797065174049444
626.022,1.1240242057714345
626.354,1.08456764102391
626.686,1.0660018375743743
627.018,1.259986383025322
627.35,1.3173365493283473
627.681,1.0451513650409328
628.013,1.1602775459941101
628.345,1.2146335487825264
628.677,0.9098669092698086
629.008,1.2420545812517316
629.34,0.6727473522078765
629.672,1.1405843482866005
630.003,1.3457495017602807
630.335,1.0585447279637752
630.666,1.2401697997139183
630.997,1.203599019148294
631.329,1.0394810831351786
631.66,1.4882950453171544
631.991,1.543210332601265
632.322,1.1827928871604563
632.653,1.2888338980767684
632.984,1.5659815639981878
633.316,1.4259274508845245
633.646,1.2676803014891478
633.977,1.390146364560704
634.308,1.098454026603064
634.639,1.0301143660258496
634.97,1.2732633431628355
635.301,1.1773460769017983
635.631,1.3168096824403315
635.962,1.3262717565293347
636.292,1.333843850752323
636.623,1.39763049798716
636.953,1.1077287749877174
637.284,1.2952553751304032
637.614,1.554724097178808
637.944,1.2048463918475392
638.275,1.3938922698240135
638.605,1.40604776475986
638.935,1.632922991173014
639.265,1.2948427105678681
639.595,1.3958188554047795
639.925,1.7027727804097827
640.255,1.444765448354412
640.585,1.4692472717435965
640.915,1.4643277280057971
641.245,1.4284331615837675
641.575,2.09703128365952
641.904,1.650802472433799
642.234,1.6399546024641356
642.564,1.429941865004596
642.893,1.5681180232760412
643.223,1.5056179170757944
643.552,1.3103892684785237
643.882,1.8197278996708328
644.211,1.2841387019391541
644.54,1.6795423358510366
644.869,1.6231579517143997
645.199,1.3468157250275365
645.528,1.7547877286780118
645.857,1.9572520812669
646.186,1.8182497892092562
646.515,1.6486390715539347
646.844,2.1163455831817926
647.173,1.4334820813614766
647.502,1.7831544195777662
647.83,1.7649365685714575
648.159,1.6254334888210449
648.488,1.7921992474659127
648.817,2.04209963508799
649.145,2.057649159874319
649.474,1.7151603299757885
649.802,2.05107990620954
650.131,1.7619578955884179
650.459,1.8526913531010432
650.787,1.5799561662423973
651.116,1.858686315411663
651.444,1.9708256379164075
651.772,1.8253355508671283
652.1,1.5351077752098146
652.428,1.756514439435108
652.756,1.9607934799629871
653.084,1.6735867154492998
653.412,1.7967123316028868
653.74,1.6694560178037299
654.068,1.8075789629474674
654.396,1.9952281913957817
654.724,1.826575767895735
655.051,1.9862150724444856
655.379,1.7965367858444314
655.707,2.0177093427391863
656.034,1.8404812181418497
656.362,2.144759109219829
656.689,1.7287594592980882
657.016,1.669924592674006
657.344,1.7012319896564394
657.671,2.4918706217579127
657.998,1.829069848779838
658.325,1.9470535461013818
658.653,1.9011776230174857
658.98,2.1110195758825663
659.307,1.949993554350365
659.634,1.9347725745504247
659.961,1.7765573798525591
660.287,2.010959390736112
660.614,1.967308956256274
660.941,1.932135944590319
661.268,2.224893091706253
661.595,2.0518834203524206
661.921,1.8711406200175942
662.248,2.4504273529331875
662.574,2.343159535267468
662.901,2.246675100185594
663.227,1.7402986743187685
663.553,2.0068878839494833
663.88,2.270341706251938
664.206,2.176240343156878
664.532,2.081858470152206
664.858,2.0782240639744565
665.185,2.016620008976891
665.511,2.1676387278983134
665.837,1.8391416519047605
666.163,2.3404315545167407
666.489,2.0656489758327603
666.814,2.2896850824334867
667.14,2.055752925568285
667.466,2.447071142579393
667.792,2.2582136223606213
668.117,1.9917490666400988
668.443,2.398637750679364
668.769,1.7750752783999721
669.094,2.4676604948667213
669.419,2.3642545238778987
669.745,2.5584380721318993
670.07,2.4534380206145525
670.396,2.4038464057251403
670.721,2.0445259552727375
671.046,1.9869281476103635
671.371,2.743525418735789
671.696,2.2055029674638726
672.021,2.2815310081117577
672.346,2.300603482148356
672.671,2.4427006145668018
672.996,2.4869312524090605
673.321,2.604732092840899
673.646,2.3140378334320704
673.97,2.4257836221795346
674.295,2.7099298064981276
674.62,2.830974823566499
674.944,2.3406847784843476
675.269,2.406137655579501
675.593,2.340613726814658
675.918,2.5036144749928315
676.242,2.4168348226613947
676.567,2.6629461901015827
676.891,2.5971516358341833
677.215,2.8348968645640378
677.539,2.659920898673907
677.863,2.226269170340566
678.187,2.4461419318932562
678.511,2.552410721810321
678.835,2.2668495314668933
679.159,2.454789460852218
679.483,2.6050526487221304
679.807,2.26361479627533
680.131,2.4356630730920132
680.455,2.589774884732041
680.778,2.364112875325814
681.102,2.50386885929512
681.425,2.3986319794913458
681.749,2.8932153834916745
682.072,2.7699265844665537
682.396,2.9094494179996095
682.719,2.7240352109363837
683.042,2.9138862592533066
683.366,2.808858090801095
683.689,2.746275849731297
684.012,2.474181715656618
684.335,2.5617281269843653
684.658,2.625372980190203
684.981,2.260969195490785
685.304,2.3885313160278017
685.627,2.6203865158309627
685.95,2.8145795578206694
686.273,2.846269896824678
686.595,2.8573673618288775
686.918,2.8524798324360114
687.241,2.8515090916477233
687.563,2.683469174087833
687.886,2.97448088247273
688.208,2.5501371364613243
688.531,2.751955965506081
688.853,2.3773778757668405
689.175,2.9918193708537477
689.498,2.7818996888364067
689.82,2.9940598735816737
690.142,2.960508588531549
690.464,2.8514908720643866
690.786,2.7191200752784805
691.108,2.528069746300684
691.43,3.0225586143343617
691.752,2.4900716495632875
692.074,2.5285449876481834
692.396,2.941701068793501
692.718,2.7743715952243084
693.039,2.9643155659514586
693.361,2.892160876569992
693.683,2.9631905514428336
694.004,3.0358794703778678
694.326,3.092933744126839
694.647,3.3866193316480366
694.969,3.164709021698285
695.29,2.902057232489309
695.611,2.847755775104227
695.932,3.457876315113189
696.254,2.976451867425464
696.575,2.838899099683445
696.896,2.8452739695983693
697.217,3.3082443311313443
697.538,3.0952257263196437
697.859,3.4920031449916755
698.18,2.3960327795117977
698.501,3.311979569842884
698.821,3.234977216445286
699.142,2.5193754923620535
699.463,2.918653164442105
699.783,2.651771292581058
700.104,3.438840156110667
700.424,3.275794721353149
700.745,3.5773244212594397
701.065,2.7773981985102987
701.386,2.770372545643683
701.706,3.8259719832474994
702.026,3.0551431725330778
702.347,3.0887794136889415
702.667,2.9021368922750703
702.987,2.969550835964813
703.307,3.0261932787922206
703.627,3.4393927057892277
703.947,3.0215565820656263
704.267,2.950036537486249
704.587,3.388656513479175
704.906,3.069169988879563
705.226,3.251280172193433
705.546,3.234572250835275
705.865,3.1811380247373133
706.185,2.607968748034416
706.505,3.381367394810851
706.824,3.182673704835331
707.143,3.0753082812441104
707.463,3.2072114837882437
707.782,3.4139686846397774
708.101,2.960703983079285
708.421,2.9156545480832263
708.74,3.431318991285675
709.059,3.00337561490105
709.378,3.536586774710022
709.697,3.2056689703629497
710.016,3.557028815437861
710.335,3.500559229256537
710.654,3.247765782507786
710.973,3.3405532347851534
711.291,3.0473325677315866
711.61,3.4196511782474603
711.929,2.934475052419743
712.247,3.203250512066187
712.566,3.040186437650475
712.884,2.9814904297252403
713.203,3.603933941699371
713.521,3.158800031861564
713.84,3.269539325001511
714.158,3.0438027553093403
714.476,3.3420401542327802
714.794,3.3592687060930992
715.112,3.701598797990357
715.431,3.414259308135504
715.749,3.2947531200443034
716.067,3.5584608809232003
716.384,3.3490738672225406
716.702,3.3952810780889715
717.02,3.312369280261424
717.338,3.0008633424720976
717.656,3.3741072269400636
717.973,2.9792848113986845
718.291,2.93968749727915
718.608,3.4887040232738546
718.926,3.4227392160489396
719.243,3.3285178368293864
719.561,3.4487496083925158
719.878,3.284476636774152
720.195,3.0650315724205313
720.513,2.7656578143202313
720.83,3.172031971023622
721.147,3.9528381580105036
721.464,2.116787844717902
721.781,2.9442489732961383
722.098,2.864430395584413
722.415,2.924121805398852
722.732,3.169180744878415
723.049,3.5322892496526967
723.366,2.8887113630937606
723.682,3.222119493678428
723.999,3.048902294477134
724.316,2.726561779058962
724.632,3.4301485603906303
724.949,3.9412928707202943
725.265,3.236180182409306
725.582,3.3412609944558795
725.898,2.994035181740558
726.214,2.9141029233751583
726.53,3.4354036137201933
726.847,2.9460359915930563
727.163,2.831726787462146
727.479,3.4003225189323047
727.795,2.5861303202897727
728.111,3.327671766788979
728.427,3.270145571927236
728.743,2.902295283088889
729.059,3.0095794519632952
729.374,2.769970939841121
729.69,2.760546682068071
730.006,2.91776084086648
730.321,2.5149465584093225
730.637,3.2396268946509594
730.952,2.707465996846776
731.268,2.7237673616074014
731.583,3.003660675745227
731.899,3.224891351335685
732.214,3.3496029673953736
732.529,2.7496035978279263
732.844,2.550656843547631
733.16,2.528477116008124
733.475,2.124082380686772
733.79,2.4327217655519857
734.105,2.5508658252366945
734.42,3.1369348279820266
734.735,2.455082923940435
735.049,2.5539126925555706
735.364,2.4923779888056123
735.679,2.4177079080037234
735.994,1.9886865958685542
736.308,2.4581855911891415
736.623,2.310145686853549
736.937,2.5981390632128183
737.252,3.510657760613289
737.566,2.6544270580091824
737.881,2.5027538227354102
738.195,2.3995772757280185
738.509,2.4953460310374704
738.823,1.7857116691648982
739.137,2.82281029128262
739.452,2.497507376023417
739.766,1.6932784975919466
740.08,2.943506185944901
740.394,2.6822369834727917
740.707,2.15399232999074
741.021,1.5798808834550884
741.335,2.914693084098723
741.649,2.9900238268882178
741.962,1.946417723562131
742.276,1.955574521384028
742.59,2.215038196501591
742.903,2.398686633408796
743.217,1.2707537302797545
743.53,2.006534187736068
743.843,2.1512359180558747
744.157,1.9101369501416747
744.47,2.3423747705461078
744.783,2.437931680918183
745.096,1.8359792898753013
745.409,1.715948343143003
745.722,1.0676277985363567
746.035,1.6633448356642555
746.348,1.5026694391235993
746.661,0.7501779991008547
746.974,1.5653874819960627
747.287,1.8207928625475185
747.6,2.031461126823069
747.912,2.0417068431617977
748.225,1.6240461980997796
748.537,1.6519807053008473
748.85,1.1974995870014298
749.162,1.259887146323246
749.475,1.4041147818035804
749.787,1.2559661470746588
750.099,1.0684998252577218
750.412,2.4096486266145094
750.724,1.8064603280042573
751.036,1.948824383869754
751.348,1.1579607800630909
751.66,1.4041101754010985
751.972,1.415073330128308
752.284,1.4116796777003722
752.596,1.2122908009598643
752.908,0.6894824709137574
753.219,1.5546670815027677
753.531,1.1959623389717893
753.843,1.6365685206097007
754.154,0.7858385085682805
754.466,1.5732680526321596
754.778,1.4297820303288562
755.089,1.125688463400157
755.4,0.6901662691884718
755.712,2.1143258295913623
756.023,1.0943117124904898
756.334,0.3668383284991854
756.645,0.5948214853016554
756.957,1.1026142139935702
757.268,0.7281338980166727
757.579,0.9509005308690045
757.89,0.6408361783719512
758.201,0.7673606264358986
758.511,-0.0006205978925082675
758.822,0.5439908873407954
759.133,0.8493495393018328
759.444,1.011093916123972
759.754,0.8475241259573185
760.065,0.3745769028810318
760.375,0.2781802989984892
760.686,0.701845009478001
760.996,1.368859199952615
761.307,1.0680604729954413
761.617,-0.1652221430936447
761.927,1.1248252347199084
762.238,0.7197147071462192
762.548,-0.16702699986501088
762.858,0.8298543825374189
763.168,0.7325111138937487
763.478,0.38183003088773676
763.788,0.6225382673491097
764.098,0.34165763987208414
764.408,0.7387303089052505
764.718,-0.18852930304985438
765.027,-0.6514169055809748
765.337,0.8269831904820545
765.647,1.014698463610537
765.956,1.1021599092044967
766.266,0.08728589982838258
766.575,0.06365537480155858
766.885,0.7997730452981727
767.194,-0.1287863999174721
767.503,0.004674832897662899
767.813,0.9365617274177471
768.122,0.15467588734826926
768.431,0.5186625324739742
768.74,1.5367606611875848
769.049,0.6651751955958668
769.358,0.5815832041792673
769.667,-0.543241777187839
769.976,0.8554428792658756
770.285,-0.24637230548989952
770.594,-0.09235241091904857
770.902,-0.585390948916378
771.211,0.6861083811481558
771.52,0.6733467277280252
771.828,0.6960788749935822
772.137,0.9134191815296637
772.445,0.38482184815764636
772.754,0.869574179095215
773.062,0.3022978342953163
773.37,0.974294422414446
773.678,0.4651753479741581
773.987,-0.09187051061933428
774.295,0.3916764314977217
774.603,-0.04677359266569685
774.911,0.611647241690143
775.219,0.9080905980006505
775.527,0.11720422459284074
775.835,-0.3587610476977006
776.142,-0.610454277513006
776.45,0.34236316215556206
776.758,0.4927205882198183
777.066,0.4191421949817796
777.373,0.14926791457174876
777.681,-0.4747814460775
777.988,1.0887156276447727
778.296,-0.36719038933801845
778.603,-0.335621658072548
778.91,0.6734362816435905
779.218,0.621158093107539
779.525,-0.3240394172505009
779.832,-0.3093171692230336
780.139,0.0038533283282093864
780.446,0.013648855991833585
780.753,0.5040478258612452
781.06,0.4731306873758251
781.367,-0.6399582258053849
781.674,0.26380567510216035
781.981,-0.05723985970786069
782.288,-0.2994284220209302
782.594,0.3746587863381878
782.901,1.2300877509735806
783.207,0.1991417341962428
783.514,-0.8686870687552621
783.82,0.21164100542763595
784.127,0.5243234563618231
784.433,0.4141484478354326
784.74,-0.01209161723144259
785.046,-0.6932285771103702
785.352,-0.3952794837214927
785.658,-0.13651989275547682
785.964,-0.2649511127524492
786.27,-1.709851227391609
786.576,0.004102687048875467
786.882,-0.007133785062275031
787.188,-0.8665395958252626
787.494,-1.2649809787853052
787.8,-0.15688411003146474
788.105,0.4986494173674837
788.411,-1.4514142140343944
788.717,0.03687692779665233
789.022,0.5111609701209789
789.328,-1.0963674583068872
789.633,-0.3111360371369672
789.939,-0.9451475963667686
790.244,-0.2582762647104366
790.549,0.8112306948614011
790.855,-1.4057468231103512
791.16,-0.7996293635226088
791.465,0.22158539840549257
791.77,-1.4681178183691634
792.075,-1.5823078664390908
792.38,0.40112640060239707
792.685,0.14437510909978718
792.99,-0.9491343764483713
793.294,-0.14638309986094086
793.599,0.751581468768059
793.904,0.16093165545981258
794.209,-0.7064522534229087
794.513,-0.828663732679722
794.818,0.1474498942968581
795.122,-0.032616069988268166
795.427,-0.23364046424883178
795.731,-1.2424596689965661
796.035,-0.5132050451579432
796.339,-0.008292934059381082
796.644,0.6586455383377869
796.948,0.39669703331810835
797.252,-0.25294666212619277
797.556,-0.8438498994868673
797.86,-1.4694289244711785
798.164,0.6272974172217781
798.468,0.4050275144994503
798.772,0.47366911941020784
799.075,-0.7157477322324254
799.379,-1.2178572015745353
799.683,-1.3271990732301675
799.986,-1.0974345157103476
800.29,1.3252899863687688
800.593,-0.7588281838305765
800.897,-0.6407589541976483
801.2,-0.16956480332179183
801.504,0.218258310049318
801.807,0.2970288419775613
802.11,-0.4800350839974621
802.413,0.4712054858578445
802.716,-0.43883672847844213
803.019,-0.4705335896149828
803.322,-0.20904611084866934
803.625,-1.377033958521812
803.928,0.6944092860668873
804.231,-1.006180167632993
804.534,0.6702199625570117
804.837,0.05266902729828926
805.139,-0.5200330043180527
805.442,-0.8696243636232113
805.745,-1.0126611489401796
806.047,-0.7531116661000421
806.35,0.23522767918919338
806.652,1.1201166266290168
806.954,-1.266772836824315
807.257,-2.0711583945773797
807.559,-1.2241349488094844
807.861,0.5723774326228126
808.163,-0.44361448235937956
808.465,-1.2690146621424014
808.767,-0.39095616774490055
809.069,-0.11792752137051243
809.371,1.2976240489132143
809.673,-1.5768130944862284
809.975,0.12374316483288741
810.277,-1.0627563270828146
810.578,0.22330480721161175
810.88,-0.5341554732937209
811.182,-0.8215764041425156
811.483,-1.4567921995653508
811.785,0.3366367818424349
812.086,-0.5362598461909016
812.387,-0.056715100638545346
812.689,-1.1285174878528181
812.99,1.360457071730575
813.291,0.0005374093878727721
813.592,-0.951037741793575
813.893,-0.42095602284744815
814.195,0.03526487598463879
814.496,-2.2397562224007186
814.796,0.7994948846905127
815.097,0.07112547988663581
815.398,1.2793593017605698
815.699,-1.2395462468828942
816,-1.325189688479748
816.3,0.5029909730303536
816.601,1.1413482154157701
816.901,-0.7909935009746324
817.202,1.5532995630954989
817.502,-0.6166855546720212
817.803,-1.8358451384981347
818.103,0.37219058918842474
818.403,-0.6088151036525786
818.704,0.9164274401037252
819.004,0.6635676999211739
819.304,-0.6483962593194094
819.604,0.8520933928860536
819.904,-0.260501472000284
820.204,-1.7603528041390055
820.504,1.3487083735389884
820.804,-0.6998193961332728
821.104,-0.12482009989166178
821.403,-0.0797732632222473
821.703,-2.133696752101506
822.003,-2.5927743012655298
822.302,-0.0296083734381855
822.602,-1.910587625468762
822.901,1.3255129202980012
823.201,-0.23741732009422495
823.5,-0.9038031996523921
823.799,0.16121082841833934
824.098,0.30680006257401304
824.398,1.1411212547200658
824.697,0.7520918178404341
824.996,0.5014004600801036
825.295,2.4239433923880793
825.594,0.7012742675216518
825.893,0.5492195977543968
826.192,0.5733420965724378
826.49,-0.6803513512532081
826.789,1.8440296961659752
827.088,0.017945532763748454
827.386,-3.241868602495026
827.685,-2.372685190513148
827.983,0.704682541840687
828.282,0.06661447191341731
828.58,1.2605392230482286
828.879,0.06594207716924838
829.177,0.5801733586460772
829.475,-0.6874582178475216
829.773,0.44077672687972913
830.072,0.26913779721590547
830.37,-2.247568859454388
830.668,-1.71163427782214
830.966,0.303337255219712
831.264,-0.4578327612419473
831.562,-1.7181072446272865
831.859,1.7053513918991041
832.157,0.15005803943816476
832.455,-1.460900276558386
832.752,0.8206472392305024
833.05,-2.0789913705077367
833.348,-0.16950854756172595
833.645,1.937084407021749
833.942,0.5146615200176498
834.24,-0.3464799228166474
834.537,-2.010721543248094
834.834,-1.5381999498970211
835.132,-2.8056430876194565
835.429,-0.5222616798206516
835.726,1.110831625566176
836.023,-2.8423897483207923
836.32,-0.5178159144112833
836.617,-0.06741045629339713
836.914,-0.1409889867372179
837.21,-2.681612788774429
837.507,0.7261696942700153
837.804,0.9463892370177247
838.101,-1.8442534671133974
838.397,0.4977213510088374
838.694,-1.2558847838243503
838.99,-1.9854877960235247
839.287,1.4964961196172026
839.583,0.49469212914080796
839.879,1.4705766277885193
840.176,-3.2599329785105566
840.472,1.2379107024052405
840.768,-0.7911786044896533
841.064,-1.2466833010479181
841.36,-1.0015546858093156
841.656,1.792993885240478
841.952,0.7117985694796038
842.248,0.9669853840023375
842.544,0.9052188169146498
842.839,1.5533758795470123
843.135,-1.2259250292097095
843.431,2.1642261515195997
843.726,0.8488987464801582
844.022,0.12111251920516845
844.317,0.23354023844841182
844.613,1.0146170906166414
844.908,0.4460735804791482
845.204,-0.01592646602927971
845.499,-1.998823005488177
845.794,0.5037411009116308
846.089,-1.7419270623416647
846.384,-0.19180573229975464
846.679,-1.4249721160623945
846.974,0.43833373658669583
847.269,0.17873706480304674
847.564,-0.6837457019052902
847.859,0.3912714797581466
848.154,-0.42373271965251663
848.448,-0.03344096220690822
848.743,-0.4551752049505371
849.038,-0.21244373406456918
849.332,-3.6168191411530595
849.627,-0.1493702995469664
849.921,-0.7066713352249875
850.215,-0.31655464722471655
850.51,-0.05973442691725725
850.804,-1.3684227045887694
851.098,-0.6520108287336425
851.392,-0.21743112250188226
851.686,-1.0302744424876726
851.981,-1.1489037610382176
852.275,-1.1026486440658871
852.568,-2.315807977355156
852.862,-0.32595492445370344
853.156,-0.014050564094955708
853.45,0.1412006952964185
853.744,-4.42432571215334
854.037,0.9228257653025952
854.331,1.4052929420747384
854.624,-0.19658695064234322
854.918,-1.3027535892655677
855.211,-1.5325021496597455
855.505,-0.6819760610281821
855.798,0.7673672268716143
856.091,0.22804860208678576
856.384,-1.9768710876532252
856.678,-1.8486975120050055
856.971,-1.9527191690008567
857.264,-3.0452016944062814
857.557,0.700239726519411
857.85,0.008255587967980843
858.143,-0.9706713210377204
858.435,-1.8800483522637843
858.728,-2.4566861152697785
859.021,-0.4550275570342328
859.313,-0.7622154409904316
859.606,-2.351263161285934
859.899,-0.15778871274714987
860.191,-1.6741754896807914
860.483,-1.970107041261954
860.776,1.537810589298486
861.068,-1.061330328043981
861.36,-0.9840472101642304
861.653,-2.163719507412728
861.945,0.674477396900179
862.237,-2.258868779275722
862.529,-1.241024433628074
862.821,-0.17455380392704556
863.113,-2.1673313992546177
863.405,-4.156142674713329
863.696,-1.2593691569152825
863.988,-0.6446362006572
864.28,0.7187191206464424
864.572,-2.8469921337178405
864.863,2.8694326831845247
865.155,0.6525030414747751
865.446,-2.1195767254769655
865.738,-1.1740232299319329
866.029,0.9472515769055668
866.32,-1.554391374376068
866.611,0.5800287460988733
866.903,-0.6571142433797226
867.194,1.424028434584239
867.485,0.8921821391491007
867.776,3.801762194374132
868.067,-2.3389053259285353
868.358,-2.804137389777458
868.649,-0.35555274057638553
868.939,1.277472584531849
869.23,1.054310251268411
869.521,-3.4389409649673417
869.811,1.0322871879935929
870.102,-3.4848401020269635
870.393,-0.4930566849709122
870.683,-0.3841424062472492
870.973,0.6430643126281785
871.264,4.00728475626922
871.554,1.9280669114937907
871.844,-0.2880488508702902
872.135,2.1910877668893907
872.425,-2.676021972586447
872.715,-5.656433173348785
873.005,2.0591283808380227
873.295,-1.3385122210053446
873.585,-0.145023491613913
873.874,-0.1591342273463674
874.164,6.925610286970776
874.454,2.5016277423734152
874.744,2.816197090735682
875.033,-5.1425799928631735
875.323,-1.7915930264305464
875.612,-0.0020961222272756763
875.902,-1.5448759812701804
876.191,1.663967522115422
876.48,-2.3853162165159087
876.77,1.9888588750105207
877.059,2.184908342231829
877.348,-5.641389688877833
877.637,5.673091272336928
877.926,3.435669495832722
878.215,-3.636220959337121
878.504,5.071386155702488
878.793,-2.9325850053274873
879.082,3.9058893379111215
879.371,0.23688424438720976
879.659,3.4640645705796596
879.948,2.2936230214600046
880.237,0.8454909076412515
880.525,-5.20072295957076
880.814,4.117276543895831
881.102,-7.237786854026255
881.391,0.9302407181622057
881.679,-29.073746496718293
881.967,12.823964302762922
882.255,6.290040081227101
882.544,-3.252075345490048
882.832,-0.8364775126184594
883.12,-0.16194677421024437
883.408,5.947175733143292
883.696,2.673571349818387
883.983,0.005112944535691565
884.271,4.677832399781345
