153.834,0.0
154.224,0.404007837063764
154.614,-21.926078778908753
155.005,11.773662815821773
155.395,2.888280012585588
155.785,-1.4569972752196851
156.176,-10.0991052480173
156.566,0.0
156.956,6.307764868310913
157.346,0.0
157.736,-0.3440582801290917
158.126,-1.7947193605572451
158.516,0.026224499863528816
158.906,2.9628816278717403
159.296,-1.6882569143061203
159.686,-6.40077205777913
160.075,3.0807499498114663
160.465,-1.331925787073742
160.855,2.7506898202690944
161.245,2.5677628892890203
161.634,-5.319873992666323
162.024,-0.4160784137074953
162.414,0.0
162.803,-0.004753971377631061
163.193,5.358372338708201
163.582,-2.501333172306874
163.971,0.0
164.361,0.09950121215535701
164.75,12.052796167568392
165.139,-1.406540180433955
165.529,-1.4305959844435863
165.918,-4.209987833517349
166.307,0.0
166.696,0.16004221253377657
167.085,10.645252880546971
167.474,-11.123724400439471
167.863,6.984094323189659
168.252,-7.901789092684444
168.641,10.681655101455444
169.03,0.0
169.419,0.9669376786186825
169.808,0.33649490569509066
170.197,6.7772186891487625
170.585,0.6643139399481439
170.974,5.167959576837356
171.363,12.819386071712236
171.751,13.842297590620545
172.14,-1.5045916071056216
172.529,2.214588515050161
172.917,-4.739169122088718
173.306,0.18524980203188376
173.694,-2.253644114454134
174.082,0.0
174.471,-8.3098333218634
174.859,0.0
175.247,1.0194165918066536
175.635,-0.9982703417276966
176.024,-15.907831570823781
176.412,7.8569671616552474
176.8,-2.737859772581656
177.188,-3.1852283120568727
177.576,-5.138876473786278
177.964,0.0
178.352,0.0
178.74,2.961780202214507
179.128,-1.4340304197824087
179.515,3.619950429889384
179.903,0.9064895567477325
180.291,-1.0293679672573235
180.679,0.25029470947384325
181.066,-15.895797002974614
181.454,0.0
181.842,0.0
182.229,9.413095909876947
182.617,9.29484306822706
183.004,4.8024485179220395
183.391,1.8223650696440057
183.779,5.218966727543781
184.166,2.9863312117545835
184.554,-5.25031507579916
184.941,12.368865037526144
185.328,0.8812610624119652
185.715,7.786465507562242
186.102,-5.219735846242466
186.489,-6.181761031626833
186.876,0.0
187.263,-1.5467296087833065
187.65,-20.035807477322827
188.037,1.6967725192776208
188.424,-3.031796474994851
188.811,21.766062796609894
189.198,16.5018391753933
189.585,24.327519799111762
189.971,15.980691588114857
190.358,12.244732304078008
190.745,25.214916989361935
191.131,17.06865322765655
191.518,26.755705032347066
191.905,17.20638272651201
192.291,18.03994323892483
192.677,24.147303825644713
193.064,19.549854750883352
193.45,14.57137823290073
193.837,18.55151449632667
194.223,19.21866980250622
194.609,24.734263394143984
194.995,14.140962492736252
195.381,20.301851364562978
195.768,20.267299491323847
196.154,23.120012248035835
196.54,9.624502258422039
196.926,12.168162858710671
197.312,22.115771439469995
197.698,15.509845569001556
198.084,5.985297687669756
198.469,14.66589626836299
198.855,21.163282653099376
199.241,15.65763427137828
199.627,13.044786216543462
200.012,15.977595781687839
200.398,21.872395848990607
200.784,24.27508558279202
201.169,19.188218497041056
201.555,17.454632301419636
201.94,18.70576545092717
202.326,15.874164833701409
202.711,21.142123312126728
203.096,17.12591249496264
203.482,24.807425810979417
203.867,13.681778504820615
204.252,12.168992326847128
204.637,14.364008396606168
205.023,17.890406463113234
205.408,17.325556771781766
205.793,12.929019560189635
206.178,19.207273024067373
206.563,9.840610022072456
206.948,23.42395101980889
207.333,18.299365422687718
207.718,22.549724998152808
208.102,10.940576508002199
208.487,18.49088766948129
208.872,18.777366976822062
209.257,13.770326145581341
209.641,18.795702183006895
210.026,19.13934514388412
210.41,14.180635347998304
210.795,12.536772614964706
211.18,18.676218378560076
211.564,13.721629701219262
211.948,17.151467534302707
212.333,19.706600004343436
212.717,18.471214760221187
213.101,21.522816942490095
213.486,18.326776219834624
213.87,11.084805214540838
214.254,11.794285838938372
214.638,17.309286966900455
215.022,23.819844011274355
215.406,16.934263113663587
215.79,14.867479283259202
216.174,17.099517795224795
216.558,15.056913905441785
216.942,17.460532856396654
217.326,16.984861903104605
217.71,17.450804595017274
218.094,23.707686294651392
218.477,15.656856589658751
218.861,17.199330508225618
219.245,16.606058589168622
219.628,24.91405624462796
220.012,21.015198613935063
220.395,16.3392864650084
220.779,19.27184129483656
221.162,19.497677137386194
221.546,15.505505486166413
221.929,14.312669055458507
222.312,16.586140977727098
222.696,12.668486642128707
223.079,16.73100676232951
223.462,16.37391106718946
223.845,13.089106286707473
224.228,16.457977271434828
224.611,9.724072003614584
224.994,20.78669106191996
225.377,18.92403779133414
225.76,28.047534134940086
226.143,19.235706214667548
226.526,17.31391074519161
226.909,17.82452305020342
227.292,21.477444731952893
227.675,19.77140933058428
228.057,14.228277656055885
228.44,18.56648801350346
228.822,17.32314545584775
229.205,10.757090811815
229.588,21.1617833305632
229.97,8.06867051497487
230.353,20.190506284622924
230.735,21.82859507376477
231.117,10.463699568142435
231.5,11.851242527590838
231.882,19.043012149735276
232.264,15.378188528490904
232.646,20.423920841227726
233.029,22.031861119078226
233.411,8.023628831633813
233.793,17.367506845608723
234.175,13.700854528338352
234.557,13.069513790335808
234.939,17.2413961383673
235.321,18.2649163232038
235.703,16.717776090505723
236.084,17.210475958022336
236.466,16.50678062991723
236.848,12.735636751766446
237.23,18.40360918185109
237.611,9.91546322912894
237.993,13.960944161866099
238.375,24.114997960629438
238.756,15.628053494040305
239.138,14.52477737284218
239.519,16.878060808375928
239.901,24.723409095267986
240.282,15.401160968688828
240.663,26.564247334248414
241.045,23.50496168395811
241.426,20.52793207816895
241.807,11.852616392539549
242.188,19.064330479661233
242.569,16.142049066352637
242.95,20.01783299990187
243.332,14.309088082963534
243.713,15.385844833900679
244.093,17.045605233945132
244.474,14.48321712063312
244.855,7.489314192481744
245.236,23.76959792055883
245.617,27.922702563165277
245.998,16.163137374963142
246.378,14.88882941049345
246.759,19.3760750025635
247.14,16.98108602085653
247.52,16.819526765873455
247.901,15.092312865392065
248.281,19.85269691204176
248.662,19.252306458927393
249.042,15.034115026649387
249.423,23.501638855833804
249.803,12.378598543619534
250.183,17.39903327951831
250.564,15.830329704529555
250.944,24.003670073785926
251.324,20.37885500248613
251.704,14.31845615667379
252.084,12.656610068486783
252.464,20.87715605823801
252.844,16.58965320598303
253.224,19.58927675737442
253.604,22.654053401615176
253.984,28.86077547865322
254.364,14.834078943213818
254.744,23.196862663568382
255.124,21.22517736498051
255.503,18.144992194635414
255.883,18.044104804316806
256.263,25.1558548515902
256.642,20.329390910500347
257.022,15.27269453568771
257.401,14.46486583157172
257.781,9.621203077867861
258.16,19.956038842138348
258.539,18.990251474060194
258.919,11.691570994290272
259.298,15.548788873983609
259.677,14.804078363512005
260.057,16.871166379611854
260.436,22.888783727437588
260.815,15.077064698468863
261.194,17.665241289455892
261.573,28.290044784922912
261.952,16.1936515333904
262.331,16.48859613769
262.71,13.136821442861162
263.089,20.278737354954874
263.468,18.824293802920874
263.847,15.553085667387439
264.225,14.51780495132756
264.604,17.653887366986716
264.983,10.928164834986418
265.361,20.86806967708214
265.74,15.51647072390449
266.118,15.63128021106814
266.497,24.094946601895124
266.875,16.525398792001575
267.254,14.068621958936632
267.632,17.3105693547919
268.011,9.236410186862084
268.389,22.683547591494055
268.767,12.8321757600696
269.145,15.767214412966451
269.524,22.18937210598896
269.902,16.08542133102424
270.28,10.758004674404615
270.658,16.40421603751924
271.036,16.68572701342608
271.414,21.247065175211322
271.792,18.445032052434414
272.17,18.465666005273434
272.547,24.30835329804734
272.925,19.092876289225103
273.303,11.026403443997873
273.681,15.148648757154042
274.058,19.138479655818788
274.436,21.128674637390297
274.814,20.218873078585048
275.191,10.341653077475204
275.569,21.962389872624197
275.946,13.664565838175692
276.323,20.268501744158513
276.701,18.081044270237726
277.078,9.696871288018071
277.455,9.568429809849338
277.833,15.405249791026705
278.21,18.78609112366537
278.587,16.631907100312077
278.964,10.499574875882821
279.341,10.020996839831582
279.718,16.16162507073598
280.095,16.336062543375462
280.472,18.089864699256065
280.849,19.980157291634356
281.226,21.23418759423355
281.603,17.622496707181075
281.98,16.450749574941856
282.356,13.329574482041474
282.733,14.67319793839864
283.11,19.162003823007673
283.486,28.421441939281046
283.863,16.540277215955673
284.239,23.124814329617198
284.616,9.830431374310335
284.992,12.660692540490937
285.369,19.337917804568256
285.745,13.43748374905116
286.121,14.391598992976707
286.498,19.281118815677114
286.874,10.985779240483001
287.25,17.00610288660255
287.626,5.844982559690292
288.002,22.91835274054715
288.379,29.057283353362646
288.755,18.466226696039516
289.131,21.77159735043239
289.506,12.672733240980005
289.882,19.099408440124584
290.258,18.415570413162076
290.634,14.45684853959781
291.01,18.910903201489937
291.385,19.96017572009549
291.761,21.337054112245216
292.137,19.12049990149812
292.512,13.36834655064563
292.888,23.899551469048244
293.263,24.878068499045536
293.639,13.57077553084766
294.014,21.653521579682263
294.39,11.929480324848875
294.765,20.497651568261432
295.14,21.9646847748862
295.516,17.69812503856866
295.891,14.447467046272479
296.266,11.393279314773515
296.641,18.378933936040863
297.016,22.770354987933082
297.391,15.816015472274259
297.766,21.49682352484215
298.141,18.20198248904416
298.516,12.485187895910709
298.891,14.402584879321733
299.266,22.51572205350648
299.641,8.861301488043155
300.015,18.0720805800902
300.39,15.9664962180565
300.765,20.880709831504586
301.139,11.686539537036522
301.514,20.016670414240618
301.889,18.55461440839505
302.263,17.897991070708713
302.637,13.863026464778436
303.012,12.87754960414511
303.386,14.298812511200541
303.761,14.548213466672541
304.135,13.604901114458654
304.509,13.766080248335065
304.883,23.916760646720743
305.257,16.07609309936754
305.632,16.20859265434143
306.006,15.946208662665807
306.38,18.624919907112403
306.754,20.206606158592916
307.128,16.37101006198694
307.501,19.292871515027016
307.875,11.59734884193402
308.249,20.0268965909003
308.623,15.248348749067931
308.997,13.04399494998229
309.37,13.12917963022086
309.744,10.135849445675854
310.117,15.19687879348674
310.491,14.118950373645003
310.865,16.186094218051206
311.238,10.89251407733703
311.611,15.856742371567512
311.985,20.06243034484425
312.358,16.784727467173667
312.731,20.178205492947395
313.105,18.39226038154673
313.478,14.800315198286523
313.851,22.793181148323068
314.224,15.543368701508415
314.597,21.3899880289247
314.97,21.235562873870865
315.343,15.455140058136589
315.716,22.385486395468952
316.089,12.26611321595247
316.462,21.29218861647623
316.835,18.49281154916037
317.208,14.133068572895755
317.58,19.642646735078557
317.953,19.180781140981956
318.326,18.68685271052226
318.698,26.781620434371874
319.071,23.225036257981547
319.443,21.469079271127807
319.816,9.454637699920074
320.188,15.85733701386828
320.561,14.140348468962832
320.933,15.136751388784194
321.305,20.367285059458382
321.678,20.2201240849334
322.05,14.794417404656896
322.422,20.287277528976336
322.794,15.618345385182291
323.166,13.07744341804096
323.538,17.893989902292528
323.91,17.660457953161327
324.282,7.948891054279679
324.654,14.777614174806445
325.026,24.310292729068895
325.398,7.050698132716721
325.77,5.144034149946255
326.141,23.001350738539134
326.513,14.395244678848576
326.885,15.900586741504172
327.256,23.06833013534327
327.628,26.141970681447688
327.999,26.384585249226532
328.371,17.325636994379533
328.742,23.86326993565655
329.114,13.115948443039155
329.485,23.932270291413264
329.856,10.958655003607802
330.228,17.18993887175679
330.599,12.56647183574175
330.97,16.474820210087497
331.341,24.525176456611426
331.712,19.019234754943984
332.083,17.307175970913846
332.454,21.583105053774013
332.825,17.040695270622468
333.196,30.153307702947405
333.567,16.842472400109244
333.938,13.887622917325238
334.309,18.540256924381783
334.679,18.712172484656403
335.05,11.458325822214606
335.421,23.3800623449237
335.791,20.754480431890347
336.162,13.104043014872097
336.533,13.436455825870468
336.903,15.059427747461108
337.273,14.36397396094098
337.644,18.96115309324689
338.014,21.335320424219915
338.385,24.173531645595347
338.755,20.002817441683685
339.125,10.782878881299006
339.495,18.05405309509084
339.865,11.665575010297388
340.235,17.429176912377045
340.606,24.566468117517413
340.976,14.963719908994003
341.345,16.22289483744114
341.715,16.249730552640518
342.085,18.35941165520898
342.455,18.067373193346985
342.825,13.439843448900714
343.195,14.926233861297314
343.564,22.76317465346287
343.934,16.807801037908103
344.304,20.931303708267578
344.673,16.7535289808619
345.043,22.98364976029986
345.412,14.421965217626639
345.782,12.645923864231971
346.151,13.93040376651836
346.52,19.16026176963978
346.89,18.17838276420171
347.259,17.19223996447066
347.628,16.06584706781927
347.997,21.897006272820526
348.367,14.097144006263543
348.736,22.364696050070727
349.105,24.286238561377314
349.474,16.736703895797138
349.843,21.12142285295162
350.212,8.509658532065371
350.58,15.174218941086982
350.949,22.309713257909568
351.318,17.21005069985882
351.687,18.2467690719182
352.056,14.40734447977475
352.424,13.551193290648703
352.793,17.522227139281256
353.161,18.24185860807465
353.53,22.714514488308488
353.898,21.124917733578148
354.267,16.261629586451708
354.635,6.8298283227461445
355.004,21.39131230495814
355.372,17.440066188067682
355.74,17.642697994141713
356.108,12.263592245108324
356.477,19.702374842961948
356.845,23.98052219138151
357.213,27.180471230931154
357.581,23.06221882445886
357.949,22.95561760733328
358.317,16.42545188677568
358.685,19.09206132689092
359.053,21.076327251543866
359.42,9.295866184426453
359.788,19.65001088494357
360.156,14.924529958988257
360.524,17.034660796454045
360.891,15.453336354621674
361.259,11.987358431809703
361.626,19.3600765264193
361.994,14.738513536410215
362.361,24.93478701271256
362.729,10.950154947936996
363.096,12.932437537355119
363.464,11.388579296389658
363.831,12.66743657069336
364.198,12.298801484765693
364.565,19.06248313018575
364.932,16.79880015815195
365.3,21.414414406836435
365.667,18.686729422386993
366.034,17.0316375769155
366.401,11.833618893703449
366.768,21.188654035972085
367.134,14.269496111402379
367.501,23.461678114051598
367.868,8.603114312708163
368.235,11.52754366294432
368.602,18.292975079988913
368.968,20.963715262401386
369.335,25.59410992500473
369.702,18.63455243959697
370.068,25.193331051881685
370.435,15.175052590038689
370.801,19.117226913276916
371.167,18.198600280405536
371.534,14.783628913536358
371.9,24.16068885485751
372.266,15.082614531592178
372.633,21.354853707373863
372.999,21.683734199930615
373.365,18.023810981360675
373.731,19.37828455415758
374.097,18.14872048331381
374.463,17.39925494487035
374.829,17.634437182386048
375.195,16.17778208509702
375.561,22.508105676597854
375.927,17.360326259886662
376.293,17.000477001208413
376.658,14.527558487702908
377.024,16.91504111356981
377.39,18.76805856860719
377.755,19.462791556367947
378.121,20.983953247705784
378.487,19.248530975908924
378.852,13.004290295094632
379.217,24.156215325760897
379.583,18.202289039056584
379.948,15.053964877741796
380.314,15.48244072653889
380.679,23.60980395220426
381.044,14.522372514197329
381.409,13.090949283911169
381.774,21.919144876722562
382.139,21.169552909519812
382.504,18.25229601029127
382.869,18.827895780394535
383.234,21.770761964017353
383.599,20.503115396201192
383.964,12.449034015991002
384.329,16.470042746678196
384.694,13.980057243090542
385.058,25.14868739337615
385.423,10.88588819319915
385.788,18.12235965612469
386.152,18.501309742054012
386.517,17.932676513337224
386.881,15.398598575554324
387.246,20.252739889414354
387.61,22.349242650011483
387.975,10.986266236316206
388.339,18.576678507525724
388.703,16.991117030141716
389.068,14.531055640076984
389.432,25.77185489112116
389.796,14.176770768174784
390.16,17.841184301699613
390.524,11.04649928567394
390.888,13.17228375322522
391.252,18.904812182395176
391.616,20.53437445941555
391.98,20.331791745503672
392.344,16.91528040086641
392.708,20.848189004050344
393.071,21.144873224831144
393.435,13.638829063943021
393.799,20.10919735945331
394.162,22.273917893343512
394.526,18.06417327787871
394.889,22.75148800218766
395.253,20.639931233728078
395.616,22.911357673314985
395.98,28.293032974254228
396.343,26.045924962796306
396.706,16.69049718901367
397.07,16.01493034023317
397.433,17.03319277811132
397.796,20.095977167092716
398.159,21.47146584578511
398.522,20.584685443802503
398.885,22.49323930296903
399.248,25.449066030869243
399.611,18.817692181677284
399.974,21.009189370321348
400.337,22.217847842376486
400.7,22.9849901543893
401.063,17.39034080868066
401.425,20.3991998036291
401.788,22.863969186126095
402.151,16.5354932762731
402.513,17.933181637513194
402.876,20.76574505244065
403.238,17.561559878872004
403.601,15.757307750284271
403.963,20.018204245582414
404.325,20.82615185836967
404.688,22.983594448703293
405.05,18.174441882206338
405.412,21.249342936949507
405.774,19.280549761335763
406.137,16.801204117151737
406.499,19.073594412258714
406.861,14.178988441564377
407.223,18.391689515120895
407.585,17.256717442269796
407.947,20.949887473848122
408.308,20.16866335234291
408.67,22.22844309478725
409.032,19.777880841241018
409.394,25.040978358622823
409.756,21.088070992103304
410.117,20.991849834585324
410.479,22.84280917083521
410.84,20.504339276697728
411.202,15.563239769885504
411.563,21.014777168479455
411.925,21.06077232687677
412.286,22.225692136272986
412.647,18.591581003383126
413.009,26.92380310021117
413.37,22.969576352830426
413.731,22.14195156334519
414.092,20.92341191219931
414.453,26.455005063662476
414.814,25.78187068066306
415.175,25.505667094672397
415.536,28.324008483846033
415.897,28.343229502624972
416.258,29.59678270247816
416.619,28.001471686126475
416.98,28.931807570536712
417.341,26.980526668498012
417.701,28.629341462935617
418.062,28.77920089135969
418.423,30.931311439637806
418.783,31.07358692319876
419.144,30.777754707172612
419.504,30.912555795122465
419.865,30.513223594923087
420.225,30.79152584119422
420.585,29.700643810707863
420.946,28.85421226890192
421.306,28.986043702667914
421.666,30.604113643534905
422.026,30.129997830356213
422.386,29.721145720103028
422.746,29.835440137690625
423.106,30.182542985371384
423.466,30.905802203853654
423.826,30.90543614231905
424.186,31.36851392967205
424.546,30.311952557119923
424.906,30.980822489742177
425.266,29.324880848498495
425.625,29.7817312818176
425.985,30.280921812540107
426.345,29.165427236873573
426.704,28.896065834397028
427.064,28.65719003357188
427.423,28.929955617558925
427.783,28.280605733618444
428.142,28.978800075948804
428.501,28.17082585298244
428.861,27.68416960312643
429.22,28.248388360574175
429.579,27.357882136868927
429.938,27.34500076354876
430.297,27.321870437909965
430.656,26.98094325899375
431.015,26.187172140766478
431.374,25.998395188693557
431.733,25.94422641310579
432.092,25.991862837805062
432.451,25.500741986356488
432.81,25.227340139338537
433.169,25.116940924875212
433.527,24.704203796896486
433.886,25.26081384142799
434.244,24.785560168574435
434.603,24.73817420256969
434.962,24.344755107565742
435.32,23.927104913879543
435.678,23.731533973049004
436.037,23.622130885252176
436.395,23.15197070697638
436.753,23.291450507840544
437.112,23.19231100153237
437.47,23.291682761268508
437.828,23.16094532726055
438.186,23.24860399818669
438.544,22.937511756394834
438.902,22.327587378155197
439.26,22.506028939008043
439.618,22.530868514308942
439.976,22.43450824855545
440.334,22.154392985266266
440.692,21.8639743542599
441.049,22.0240322140666
441.407,22.20606772642704
441.765,21.569163900086693
442.122,21.616585898829115
442.48,21.398425145145197
442.837,21.715067593533902
443.195,21.015839429268908
443.552,21.06723792435521
443.91,21.042399058562285
444.267,20.81559402970591
444.624,20.597078377376107
444.982,20.538374774586618
445.339,20.848761653691472
445.696,20.861045917950673
446.053,20.450100765960293
446.41,20.20785356833962
446.767,19.851085859905577
447.124,20.041597125150904
447.481,19.82774937866905
447.838,19.808328380938974
448.195,19.63131123304642
448.552,19.760130009864994
448.908,19.933051613292637
449.265,19.73021783377898
449.622,19.802460507524327
449.978,19.855367578544598
450.335,19.35484280221639
450.691,19.494630068297532
451.048,19.659719514907724
451.404,19.281899735260264
451.761,19.477555756187638
452.117,19.162637612431617
452.473,19.170342921759882
452.829,18.790480136881495
453.186,19.28516227408647
453.542,18.93918672260649
453.898,19.0980950073475
454.254,19.114576052319894
454.61,18.868892652757904
454.966,18.94015436295561
455.322,18.87290678017852
455.678,19.296990168721287
456.033,18.694392913752996
456.389,18.39767274037934
456.745,18.92694221170254
457.101,18.748446029550983
457.456,18.8396036494267
457.812,18.468040926847515
458.167,18.628186627895815
458.523,18.581663770937467
458.878,18.599090097403252
459.234,18.38983636671117
459.589,18.326488553575476
459.944,18.564257423132663
460.3,18.903381040076372
460.655,18.299005832612572
461.01,18.294476311475304
461.365,18.35749110852974
461.72,18.132502195375917
462.075,18.305175533009486
462.43,18.19460399272634
462.785,18.140509373384734
463.14,18.056190543992066
463.495,18.389494007587974
463.85,18.03846167954407
464.205,17.87563408898531
464.559,17.985124800643142
464.914,17.88993956490419
465.269,17.81450699662045
465.623,17.72744965262651
465.978,17.80777447054029
466.332,17.87016283105168
466.687,17.92571467315226
467.041,17.472717775975244
467.395,17.849168059150195
467.75,17.900012911103524
468.104,17.467122892666865
468.458,17.44447763512276
468.812,17.558283991395555
469.166,17.33027753053995
469.52,17.56098558271631
469.874,17.544994537192437
470.228,17.705504382627215
470.582,17.39232878323852
470.936,17.597223370237657
471.29,17.549875713083257
471.644,17.706802145702756
471.998,17.440183192676212
472.351,17.5366092637909
472.705,17.628932241509347
473.058,17.332330538131817
473.412,17.114669593812188
473.766,17.32436754797481
474.119,17.264822986437142
474.472,17.41102144994105
474.826,17.272858753920826
475.179,17.417314700770504
475.532,17.324112279199657
475.886,17.22774375836132
476.239,17.597317131748973
476.592,17.17697721498603
476.945,17.029487753225194
477.298,17.11248263059108
477.651,17.02664893110076
478.004,16.99230045816555
478.357,16.93870361099218
478.71,16.74581157632692
479.063,16.76135755903547
479.415,16.834777036524542
479.768,17.289088475498527
480.121,16.70862745574564
480.473,16.819793929570046
480.826,17.09850791550878
481.179,16.849291036507335
481.531,16.58325431525937
481.883,16.669019433291336
482.236,16.843925201718584
482.588,16.86624303137216
482.94,17.251257291822544
483.293,16.412264675492032
483.645,16.243794223454483
483.997,16.685403593978467
484.349,16.86506212785634
484.701,16.719503631859098
485.053,16.737701120835766
485.405,16.458048435242926
485.757,16.49811331718411
486.109,16.228642303153862
486.461,16.626723036548558
486.813,16.591753094809285
487.164,16.772712659115474
487.516,16.421099322964153
487.868,16.227039734716215
488.219,16.409151356626122
488.571,16.611075437597208
488.922,16.630900717838244
489.274,16.399775601493783
489.625,16.288296156989343
489.977,16.213967793781478
490.328,15.996176636695896
490.679,16.26988638387262
491.03,16.057477769756975
491.382,16.139538190697262
491.733,16.290978553529996
492.084,15.887277622289522
492.435,15.752375655557463
492.786,15.9737882022578
493.137,15.954240304556428
493.488,15.88232443045295
493.839,15.584739836430533
494.189,15.741113456507534
494.54,15.702118923756677
494.891,16.124538193345092
495.242,15.570818898016428
495.592,15.83955638106561
495.943,15.604932347112172
496.293,15.809181871221734
496.644,15.989488162710147
496.994,15.612210470702944
497.345,15.65395254680568
497.695,15.240933526913908
498.045,15.736251090162295
498.395,15.400838087305306
498.746,15.754206547288852
499.096,15.507141200733866
499.446,15.338481927438973
499.796,15.264676338152531
500.146,15.184644375578046
500.496,15.08117934178328
500.846,15.265124827769188
501.196,15.416813213247801
501.545,15.071227676917344
501.895,15.270533976996445
502.245,15.508484610042547
502.595,15.469352042364434
502.944,15.335302372859584
503.294,15.091702844710042
503.643,15.205687644669375
503.993,15.082952607609021
504.342,15.18131658924033
504.692,15.194824894022737
505.041,14.97341266055693
505.39,15.121145580084379
505.74,15.334358920867727
506.089,14.800973206894945
506.438,15.173723077807644
506.787,14.359709813367816
507.136,15.046118034137004
507.485,14.781292285482628
507.834,14.99522035869412
508.183,14.980893155510675
508.532,15.17001996344819
508.881,15.167984165534842
509.229,14.5373695321251
509.578,14.777487891294083
509.927,15.02584108918595
510.276,14.628040957648269
510.624,14.955944325114062
510.973,14.65111266135756
511.321,14.6263300181308
511.67,15.130008344949958
512.018,14.612738960860284
512.366,14.788535465339134
512.715,14.665627212704225
513.063,14.584125211830491
513.411,14.806270763430396
513.759,14.462858273074966
514.107,14.437268403610965
514.456,14.515363007217324
514.804,14.638018516547634
515.152,14.624255554311793
515.499,14.31175366307512
515.847,14.665161255930878
516.195,14.303930959344118
516.543,14.397763958124814
516.891,14.28577099883565
517.238,14.12549255224121
517.586,14.225201150589756
517.934,14.321530747125312
518.281,14.283281665912408
518.629,14.374687269219871
518.976,14.477729331457097
519.324,14.221271372027946
519.671,14.187254325072827
520.018,14.174119444036101
520.365,14.105851083318525
520.713,14.20430876172388
521.06,14.204429247591676
521.407,14.226590712131934
521.754,14.145857367197811
522.101,14.175277576798853
522.448,14.003286711614356
522.795,14.442163554876355
523.142,14.35103635083706
523.489,14.424455308580205
523.836,14.49203603613318
524.182,14.397474907320234
524.529,14.63358896777992
524.876,14.24471765527617
525.222,14.150906407585383
525.569,14.288645378387704
525.915,13.929301235784113
526.262,14.15157899530035
526.608,14.120388521535334
526.954,14.167059857404846
527.301,14.172494995765861
527.647,14.237530679961466
527.993,14.137343131637277
528.339,14.206400655232702
528.686,13.972757723813144
529.032,14.037869425584889
529.378,14.121733722904876
529.724,14.340699954227311
530.07,14.432135014922236
530.415,14.288185620406303
530.761,14.08913755192122
531.107,14.332202033742588
531.453,14.330277041140311
531.799,14.261178948757166
532.144,14.019205338294563
532.49,14.318321103257865
532.835,14.131273344791621
533.181,14.144762227266863
533.526,13.925987374565725
533.872,14.183929078877027
534.217,14.177654300564427
534.562,14.185336204915373
534.908,14.258206510576931
535.253,14.364046911699205
535.598,14.345452386213216
535.943,14.320544669883795
536.288,14.167745386443306
536.633,14.298848275847421
536.978,14.253671990339386
537.323,14.598620505185941
537.668,14.29734689005766
538.013,14.155340263881891
538.358,14.135790741573343
538.702,14.20298664501043
539.047,14.259651710720005
539.392,14.395707561448699
539.736,14.33164431591556
540.081,14.344819737650939
540.425,14.605469904524403
540.77,14.48993829432177
541.114,14.398114511171311
541.459,14.277472730941321
541.803,14.415855547898003
542.147,14.46155401911772
542.491,14.150925353841249
542.835,14.295483147595313
543.18,14.43597299496716
543.524,14.38861405034615
543.868,14.278828390344781
544.212,14.431652149573788
544.556,14.450759648603775
544.899,14.37196137540933
545.243,14.45355501227884
545.587,14.461664750311652
545.931,14.282272254096783
546.274,14.506310668781877
546.618,14.488394822580835
546.962,14.41327789814725
547.305,14.398739602118074
547.649,14.440410934294874
547.992,14.196033481046054
548.336,14.441415880203564
548.679,14.527424439470948
549.022,14.779422222494306
549.365,14.389514169315909
549.709,14.582757798477099
550.052,14.684456827120039
550.395,14.557498605822502
550.738,14.764215886621777
551.081,14.314010705839353
551.424,14.648935197722913
551.767,14.67392024613137
552.11,14.592522780373779
552.453,14.060047301994528
552.795,14.415691383678883
553.138,14.53718587151968
553.481,14.531068709772201
553.823,14.657857598914847
554.166,14.534512295565197
554.508,14.668948908769949
554.851,14.328499307695841
555.193,14.570071688508385
555.536,14.67968250719895
555.878,14.57251358165049
556.22,14.634311195413797
556.563,14.658158757231568
556.905,14.603913236725726
557.247,14.591371842666176
557.589,14.909855395753503
557.931,14.507582352491006
558.273,14.782613791064156
558.615,14.809048342932055
558.957,14.633522892343336
559.299,14.676676487614877
559.64,14.677533705097185
559.982,15.115437068984596
560.324,14.7881897232458
560.666,14.969626839290719
561.007,14.683019812739115
561.349,14.571105420216488
561.69,14.589545931725272
562.032,14.828488050936144
562.373,14.544821948641887
562.715,14.691550438019966
563.056,14.93900444493999
563.397,14.87642095565532
563.738,14.97172225368624
564.08,14.631078078547455
564.421,14.959930857729503
564.762,14.875201436327531
565.103,14.585216767540595
565.444,14.68124459216577
565.785,14.907132697003762
566.126,14.984238380721557
566.466,15.031097736262327
566.807,14.937799725672859
567.148,14.723117713438157
567.489,14.933202772292411
567.829,14.664496691475074
568.17,14.928902451678118
568.51,15.032603140594183
568.851,14.960007000719566
569.191,15.116404481813754
569.532,15.011639262286764
569.872,14.926115356771735
570.212,15.198862999134143
570.553,15.333350052601693
570.893,15.28914115465493
571.233,15.191175103648899
571.573,15.05539892631085
571.913,15.067769911887662
572.253,15.189060182197943
572.593,15.142514102956111
572.933,15.086197574822645
573.273,15.17906268511295
573.613,15.089808578643998
573.952,14.888298623707346
574.292,15.166489682014038
574.632,15.270958370272407
574.971,15.076904301926906
575.311,15.408301297873058
575.65,15.29288329717418
575.99,15.33389953966884
576.329,15.46565950361025
576.669,15.051731345597297
577.008,15.082588156022116
577.347,15.277856223261619
577.687,15.423665946824642
578.026,15.447674189200061
578.365,15.184620759778218
578.704,15.346654990466332
579.043,15.37829581993374
579.382,15.404998245699392
579.721,15.236188429310747
580.06,15.472645297427125
580.399,15.59799808013078
580.737,15.162222185029474
581.076,15.201653799016007
581.415,15.18822949404124
581.753,15.534461378084291
582.092,15.183513535119081
582.431,15.717749746633157
582.769,15.46209030078559
583.108,15.522282557705088
583.446,15.423433729308647
583.784,15.644730613178258
584.123,15.559046927374753
584.461,15.843005832565199
584.799,15.526183693881096
585.137,15.753387640441593
585.475,15.271165510171443
585.813,15.43501732039771
586.151,15.667700403892233
586.489,15.425066205974472
586.827,15.838379671030507
587.165,15.639159295933549
587.503,15.737344943011951
587.841,15.872833511384167
588.178,15.609747697142442
588.516,16.00200752661993
588.854,15.737177504026855
589.191,16.018115475104917
589.529,16.03802439795506
589.866,16.570285828473715
590.204,16.33847284652172
590.541,16.22238230645395
590.878,16.397348628387224
591.215,16.27128160454901
591.553,16.539113773156696
591.89,16.64434230954019
592.227,16.2434067733389
592.564,16.376647601483352
592.901,16.483097889151825
593.238,16.707762786970388
593.575,16.45188499457386
593.912,16.63290077309137
594.249,16.762195175445342
594.585,16.62078315805895
594.922,16.88694063514481
595.259,16.60815975721586
595.595,16.704644101580197
595.932,16.414023223152476
596.269,16.71549334988242
596.605,16.647079834990677
596.941,16.67055030468594
597.278,16.4228890636979
597.614,16.381113618670636
597.95,16.337136682734087
598.287,16.471770299544144
598.623,16.395852450075125
598.959,16.390168482211145
599.295,16.330116861442185
599.631,16.351025754403754
599.967,16.244796611803693
600.303,16.07666029385232
600.639,16.272898611900676
600.975,16.07049164557672
601.311,16.66392438428314
601.646,16.372322132238356
601.982,16.17693549452612
602.318,16.674965413567964
602.653,16.386111956862518
602.989,16.248316750256883
603.324,16.08248182115867
603.66,16.339784397752016
603.995,16.143649414200084
604.331,16.497447882864826
604.666,16.451377475303826
605.001,16.34970499327929
605.336,16.186474358160673
605.671,16.599849699229345
606.007,16.549460525648474
606.342,16.55480875314157
606.677,16.5584986567377
607.012,16.941454720111402
607.346,16.711649354604493
607.681,16.76084171487428
608.016,16.722176411294956
608.351,16.66517966751776
608.686,16.45357594047708
609.02,16.28786973427851
609.355,16.793219410616416
609.689,16.663002302704264
610.024,16.81027837552255
610.358,16.759155851010973
610.693,16.322186394780093
611.027,16.72013692427441
611.361,16.626276524664128
611.696,16.580725821403263
612.03,16.80398903254428
612.364,17.068293926716738
612.698,16.79276986699032
613.032,16.91970438341947
613.366,16.637471229468048
613.7,16.58214078715152
614.034,16.695443843049432
614.368,16.983160784456526
614.702,16.78242498503975
615.035,17.11946395496795
615.369,16.781666843553882
615.703,17.09998866867268
616.036,16.984305981022793
616.37,16.61651176889555
616.703,17.214263481045595
617.037,17.02159819448634
617.37,16.969592056148937
617.704,16.94161339572594
618.037,17.093993847063118
618.37,17.05664554927432
618.704,17.01924032019058
619.037,17.329635192948473
619.37,17.01809307797406
619.703,17.024722799030755
620.036,17.258854424484973
620.369,17.31594968674648
620.702,17.375419701883107
621.035,17.224967534161426
621.367,16.941657552134508
621.7,17.47637317613313
622.033,17.369899089031804
622.366,17.231874668071356
622.698,17.082741054037896
623.031,17.185585693425203
623.363,17.63157079796823
623.696,17.304326104474242
624.028,17.672853092735203
624.361,17.412416213489642
624.693,17.685235603504257
625.025,17.297285636928475
625.357,17.42641528836062
625.689,17.54421903092667
626.022,17.408132173296938
626.354,17.451172735522356
626.686,17.533021376057796
627.018,17.688469765105108
627.35,17.68057746068315
627.681,17.3799760293071
628.013,17.534949875136558
628.345,17.656788160081142
628.677,17.42833685218153
629.008,17.73881676697465
629.34,17.1123227886161
629.672,17.488584597488938
630.003,17.879572881228167
630.335,17.497592577901763
630.666,17.789189988548763
630.997,17.710162689116647
631.329,17.476507749604362
631.66,17.949970939606985
631.991,18.17251790592014
632.322,17.73267486914394
632.653,17.86051061794233
632.984,18.152374634607874
633.316,17.94221708043695
633.646,17.841825635860552
633.977,18.03557685855582
634.308,17.803996718391723
634.639,17.65604052242727
634.97,17.764770388513934
635.301,17.928747895156818
635.631,17.947334584130374
635.962,18.061070756782083
636.292,18.14118349054125
636.623,18.027562910753165
636.953,17.855738180836894
637.284,17.886081774078175
637.614,18.258500992827308
637.944,18.010469969202944
638.275,18.163309023907058
638.605,18.279423071158877
638.935,18.209318938330817
639.265,18.222066945177616
639.595,18.099406598652557
639.925,18.419573218091262
640.255,18.096988411121586
640.585,18.370024084851494
640.915,18.311505796008973
641.245,18.28016069154928
641.575,18.930045357700784
641.904,18.441183354637264
642.234,18.427718142715182
642.564,18.264684628480033
642.893,18.392803840475914
643.223,18.33162030216518
643.552,18.175949142327216
643.882,18.770424144345426
644.211,18.118933845064618
644.54,18.65956249638644
644.869,18.61441638914725
645.199,18.266554923693274
645.528,18.704511259415085
645.857,18.70917568524776
646.186,18.757398912928252
646.515,18.705895748472276
646.844,18.99679201411559
647.173,18.376865174719786
647.502,18.856375607289287
647.83,18.89842536354751
648.159,18.70913130130995
648.488,18.76977027897793
648.817,19.093347146787846
649.145,19.19247045186567
649.474,18.8851766445851
649.802,19.215865287802572
650.131,18.81136396436276
650.459,18.978642242669192
650.787,18.56332226721114
651.116,18.896209163471376
651.444,19.01823502367201
651.772,18.771258496099133
652.1,18.797946312415558
652.428,19.104817856269165
652.756,19.064954716064964
653.084,18.887336654739254
653.412,19.097706593541055
653.74,18.943778272747718
654.068,18.909832008690724
654.396,18.94387113066346
654.724,19.00604868937009
655.051,19.020495989074348
655.379,18.848264330817024
655.707,19.420806918223626
656.034,18.889826047300946
656.362,19.606540928182365
656.689,18.996937159206873
657.016,18.848213375105264
657.344,18.94962521607672
657.671,19.810843972176347
657.998,19.23095472282053
658.325,19.388510109439512
658.653,19.200392884061145
658.98,19.446484063251855
659.307,19.390664630901853
659.634,19.386631288357734
659.961,19.081830792447636
660.287,19.514741336129873
660.614,19.364719257595112
660.941,19.26157043323213
661.268,19.688971087272357
661.595,19.375663966845835
661.921,19.116228237854628
662.248,19.678932510984232
662.574,19.808636054642434
662.901,19.67453121431459
663.227,19.289431035866183
663.553,19.52781052157523
663.88,19.793899396402644
664.206,19.65952939413085
664.532,19.50969701668038
664.858,19.606736905553955
665.185,19.605764675660193
665.511,19.755005549607837
665.837,19.528496373502072
666.163,19.883842205431794
666.489,19.491446272425968
666.814,19.911509739227363
667.14,19.56093959002837
667.466,20.203780101001634
667.792,19.898682867695104
668.117,19.516393530435177
668.443,19.95607028019266
668.769,19.397370731804386
669.094,20.08341907895812
669.419,19.942537504430476
669.745,20.048959889325584
670.07,20.143733311689004
670.396,19.961144348071503
670.721,19.66466579438569
671.046,19.7248000103812
671.371,20.40608582796847
671.696,19.825899708153482
672.021,20.15290331242643
672.346,20.145901407217995
672.671,19.923815362697248
672.996,20.150107198332538
673.321,20.373973061347492
673.646,20.03962340086383
673.97,20.15009848028208
674.295,20.36011600336558
674.62,20.40305807303451
674.944,20.025598473610643
675.269,20.154747810591978
675.593,19.919748589750714
675.918,20.167038994306605
676.242,20.338716238525457
676.567,20.20941050494335
676.891,20.55094976636139
677.215,20.66262940255546
677.539,20.222323321027243
677.863,20.10965140474695
678.187,20.420220723284324
678.511,20.32386521476681
678.835,20.221080754848572
679.159,20.393789539084704
679.483,20.59160632471971
679.807,20.176393754124483
680.131,20.355197889799623
680.455,20.390608629631284
680.778,20.26493600577772
681.102,20.524922711698167
681.425,20.331886794182385
681.749,20.96690857134693
682.072,20.65556109823661
682.396,20.817101889746695
682.719,20.908231445292465
683.042,20.821469826954214
683.366,21.03187578834126
683.689,20.719185426374693
684.012,20.550558776859088
684.335,20.679924190373587
684.658,20.548053704099715
684.981,20.18781989878189
685.304,20.496158548924818
685.627,20.61762519420022
685.95,21.040834028639935
686.273,20.90509776787978
686.595,20.970953643043494
686.918,20.808034947199122
687.241,21.16758885387879
687.563,20.642406709194947
687.886,20.97475130419393
688.208,20.524552488209935
688.531,21.025877248634146
688.853,20.4375525031286
689.175,21.23459183563834
689.498,20.887488406785746
689.82,21.013936908248773
690.142,21.057469095969545
690.464,20.994792266285025
690.786,20.875410014480046
691.108,20.574059484673224
691.43,21.321506255457848
691.752,20.781918605341122
692.074,21.044958774525753
692.396,21.30649133567503
692.718,20.876435232835608
693.039,21.094239348890028
693.361,21.216717944938512
693.683,21.180648943296625
694.004,21.288633599309147
694.326,21.327302959487174
694.647,21.570314787860287
694.969,21.67994208994456
695.29,21.15979367535349
695.611,20.81965984853713
695.932,21.590927441408983
696.254,21.56082924487131
696.575,21.09590718194901
696.896,21.191667971106074
697.217,21.996835993501506
697.538,21.091542293319314
697.859,21.793160264652183
698.18,20.95245726337217
698.501,21.683253185347343
698.821,21.84421918090867
699.142,20.97978685407313
699.463,21.22378088434521
699.783,20.91662054036956
700.104,21.722457455392618
700.424,21.714506609000722
700.745,22.06428353613566
701.065,21.569554331829092
701.386,21.174905246962474
701.706,22.80202520638748
702.026,21.252441118462755
702.347,21.71591239798453
702.667,21.24744089125162
702.987,21.65463578241798
703.307,21.42669282571259
703.627,22.119244210069198
703.947,21.4817422992341
704.267,21.735378560959635
704.587,21.816666863123046
704.906,21.282605209529596
705.226,21.872008467270327
705.546,21.702366117695824
705.865,22.00513756171265
706.185,21.331808552246173
706.505,22.065621210946677
706.824,21.541872145017464
707.143,21.82833333237026
707.463,21.3994047961601
707.782,21.98557115272168
708.101,21.699017371486743
708.421,21.710830663292843
708.74,21.89420945807628
709.059,21.706393071987492
709.378,22.05546313953997
709.697,21.888907555868556
710.016,22.168814150492732
710.335,22.044076060003118
710.654,21.485772563857548
710.973,22.02097571218118
711.291,21.6855559667967
711.61,21.82276357187048
711.929,21.38268063921638
712.247,21.94226655380388
712.566,21.726687597856596
712.884,21.631140028176183
713.203,22.47828029782921
713.521,21.704670064331008
713.84,22.08907048064472
714.158,21.544859714373803
714.476,21.914852082834198
714.794,21.907826400479383
715.112,22.588557876374555
715.431,21.774775826005715
715.749,21.773596659070595
716.067,22.147072792968274
716.384,22.43891256362567
716.702,22.03039353408016
717.02,22.48996974417143
717.338,21.71908223950301
717.656,21.694544596646193
717.973,21.593151902471707
718.291,21.88624184428748
718.608,21.93519717930203
718.926,21.962558445004444
719.243,21.814457405853265
719.561,22.31692311567588
719.878,21.949830134678066
720.195,21.665882822251827
720.513,21.240430422212665
720.83,21.90939579128475
721.147,22.73952103687394
721.464,20.409456152386017
721.781,21.43008876260347
722.098,21.560236613547794
722.415,21.01190604179621
722.732,21.222349355591287
723.049,22.36138620071567
723.366,21.304443618366438
723.682,21.82549313004127
723.999,21.767406709739554
724.316,20.98373411114712
724.632,21.803229678367796
724.949,21.940595966509772
725.265,22.139836021702852
725.582,21.972538243515192
725.898,21.150577706889813
726.214,21.11303341477101
726.53,21.68521892116309
726.847,21.419270791856587
727.163,21.555362201190217
727.479,22.227275113758193
727.795,21.2425520849653
728.111,21.293724786903297
728.427,21.260309459810134
728.743,21.55533937131103
729.059,20.835332398762393
729.374,20.824724829364442
729.69,21.687908348574293
730.006,21.42614882119376
730.321,20.55776279518138
730.637,21.874232686881538
730.952,21.502242394806547
731.268,20.24213925460122
731.583,21.082529575312094
731.899,21.35367194138379
732.214,21.834750173103668
732.529,21.110680566615734
732.844,20.390905452344484
733.16,20.123589994945366
733.475,20.29174297668006
733.79,20.643458369980554
734.105,20.715381691078534
734.42,21.162662232129378
734.735,20.420152566227735
735.049,20.54350877205565
735.364,20.3688361812999
735.679,20.657608539405434
735.994,19.573633660493723
736.308,20.48139704853354
736.623,20.198301178006936
736.937,20.46332486234741
737.252,21.49079058053357
737.566,19.659721355904487
737.881,19.70976935372613
738.195,19.790997676619195
738.509,19.821018169253914
738.823,19.06443494278212
739.137,20.513412657428507
739.452,19.983953041124373
739.766,18.688402486068906
740.08,20.305877509419368
740.394,20.309618495118308
740.707,21.053317412479306
741.021,19.82569262735598
741.335,20.31968428809408
741.649,20.26224221150629
741.962,19.350546856279415
742.276,19.064741073450474
742.59,19.734242287229765
742.903,19.687358532994246
743.217,19.06591158990782
743.53,19.319148739014565
743.843,19.510814313620156
744.157,19.74294474673808
744.47,20.208335026859316
744.783,19.369718009824357
745.096,19.198787837128094
745.409,19.653649089356765
745.722,18.42511217354638
746.035,18.764997181209413
746.348,18.985786880735596
746.661,17.469849235349432
746.974,18.4038253374978
747.287,19.16730059817196
747.6,18.93103144542211
747.912,19.134890069685063
748.225,18.601756814408613
748.537,19.148098834597107
748.85,18.251348421754194
749.162,18.33135934258824
749.475,18.372597928924705
749.787,18.528473393847587
750.099,18.777027942077957
750.412,20.267604883337963
750.724,18.88324144142278
751.036,18.20857120436787
751.348,17.628816346394725
751.66,18.002033439739332
751.972,18.808163297062286
752.284,18.42786236127149
752.596,17.509238747952217
752.908,17.57300798661532
753.219,18.41819429351006
753.531,17.918931683340965
753.843,18.448730341662912
754.154,17.890376401766428
754.466,18.537709420703212
754.778,17.48691061864397
755.089,17.563538106879257
755.4,17.451019936416635
755.712,18.864110367532007
756.023,17.64982612676228
756.334,16.807193169690084
756.645,16.612373115415327
756.957,17.813663772247793
757.268,17.525879068302306
757.579,17.918445902363146
757.89,17.094138331287937
758.201,16.90058669957256
758.511,16.79137158696202
758.822,17.14028832822816
759.133,16.92396771181046
759.444,17.24634529142918
759.754,17.137915954485226
760.065,16.552887922230045
760.375,16.633359471394822
760.686,16.935916680483643
760.996,17.07834612359331
761.307,17.893201318125534
761.617,16.067066092559724
761.927,17.52988849806589
762.238,16.80450341016914
762.548,16.64646051862706
762.858,17.250558438193714
763.168,17.338881095848176
763.478,16.10232496897758
763.788,16.797015348078677
764.098,17.41588856939045
764.408,17.11557103283577
764.718,16.543417118627207
765.027,15.259159459157283
765.337,16.891285269909552
765.647,17.240505365468753
765.956,17.271390013635806
766.266,16.285508747434175
766.575,16.31890755436897
766.885,17.134934209183413
767.194,15.904379455055428
767.503,16.12003042180465
767.813,17.054811868260973
768.122,16.109960381814687
768.431,16.969754745227675
768.74,17.645477734657494
769.049,16.942908979818714
769.358,16.698586915016726
769.667,15.502030693951905
769.976,16.622632333177272
770.285,15.839158396558297
770.594,15.60865032146141
770.902,15.796581864482288
771.211,17.30238391553906
771.52,16.698218629841712
771.828,16.824431088366804
772.137,17.277268213751654
772.445,16.10244189007039
772.754,17.376723178793018
773.062,16.54153647352963
773.37,17.800981483498905
773.678,16.183914125228696
773.987,16.17801670422218
774.295,16.0018831753195
774.603,16.077022568294733
774.911,17.166877538600527
775.219,17.36481503898495
775.527,16.05698134924312
775.835,15.544344129123171
776.142,15.51606427552178
776.45,16.09360360799289
776.758,16.66247233426028
777.066,16.201588097024306
777.373,16.090804574115577
777.681,15.495611816303422
777.988,16.078066073221088
778.296,15.812547625719985
778.603,15.688960711276765
778.91,16.803073781334163
779.218,16.368226775617067
779.525,15.861109707869218
779.832,15.162915333505422
780.139,16.71090766293366
780.446,15.863968222402924
780.753,16.211854964589655
781.06,17.047100347772425
781.367,15.323263542933638
781.674,16.940342352058437
781.981,15.304363313739646
782.288,16.934929194157426
782.594,15.438308556537315
782.901,17.744779487637203
783.207,16.20740070866536
783.514,14.761820602789511
783.82,16.214768410859115
784.127,16.434010125454552
784.433,15.806978645659749
784.74,15.540682638875696
785.046,16.053166902432498
785.352,15.165955408190836
785.658,15.541145629637352
785.964,15.351825636650586
786.27,14.571460775843779
786.576,15.607555172208057
786.882,16.215504671401693
787.188,15.957893828196207
787.494,14.300763699274043
787.8,14.98921768482811
788.105,16.777704622458206
788.411,14.208466334394789
788.717,15.112883088300954
789.022,16.397650292952765
789.328,15.06179762895806
789.633,15.38311568152926
789.939,15.618538983366987
790.244,15.85709244756201
790.549,16.23346266268096
790.855,14.352360088771944
791.16,15.15094084666254
791.465,15.990801687528194
791.77,14.935932358391819
792.075,13.933679869080862
792.38,16.504599503586146
792.685,15.35592861414756
792.99,14.606224271690891
793.294,15.626298387876789
793.599,16.68717446301849
793.904,15.519368194930582
794.209,14.719361263369743
794.513,15.59546734011548
794.818,14.843256066115384
795.122,15.072254593908072
795.427,14.958467302308545
795.731,15.266112672365743
796.035,15.296823010074416
796.339,14.001280779776735
796.644,17.017967930150224
796.948,15.865782833683284
797.252,15.455664088702623
797.556,13.83881014302132
797.86,14.397368475370541
798.164,14.858803371013412
798.468,16.114010481953933
798.772,15.137751255678152
799.075,14.47567245282914
799.379,14.766262631868976
799.683,16.002226487804727
799.986,14.808837851526322
800.29,16.347151710823873
800.593,14.37835578637671
800.897,14.881224293800651
801.2,14.989563873648981
801.504,14.352717826955965
801.807,15.507240069422892
802.11,14.83007595555437
802.413,15.995421652838933
802.716,15.252502417480626
803.019,14.0862843175202
803.322,16.387797980966177
803.625,13.955339680265462
803.928,16.38116834823587
804.231,15.032064731991353
804.534,15.766124378042697
804.837,15.248361814863827
805.139,16.369477910685895
805.442,14.15684786196389
805.745,13.791590599585957
806.047,15.562801781334935
806.35,15.45541940634903
806.652,16.538861578413805
806.954,14.186319479192903
807.257,12.454278519214045
807.559,14.36961211551473
807.861,15.276222287702808
808.163,14.351503320629767
808.465,13.2816145336083
808.767,16.334234288643245
809.069,14.856016981939579
809.371,17.22320406876721
809.673,14.092982768466712
809.975,15.365710139386614
810.277,13.512514892841091
810.578,14.721391002916315
810.88,15.678245265202493
811.182,14.340986269914668
811.483,13.499858108447585
811.785,15.184461697210423
812.086,13.871364525708085
812.387,14.643513367776526
812.689,12.803413294345946
812.99,15.60646085301771
813.291,15.37083046949472
813.592,14.172867420355932
813.893,14.730924538584311
814.195,13.073473903301789
814.496,12.67639795046699
814.796,18.206991541390583
815.097,13.563307146388471
815.398,15.22626616073651
815.699,14.634151459335559
816,13.42540864170876
816.3,14.424372557638113
816.601,16.70773047220425
816.901,15.272722090481608
817.202,15.115071475389048
817.502,14.698803965370635
817.803,13.157046894399041
818.103,13.435515790908628
818.403,12.711290507245987
818.704,14.615309667651516
819.004,15.878774345883505
819.304,13.465287969338979
819.604,14.191312187166279
819.904,13.740023243620715
820.204,13.67276241174303
820.504,15.53434438469203
820.804,14.38894647020477
821.104,14.280500715562761
821.403,15.058218396964632
821.703,11.009558793003402
822.003,12.334536148136523
822.302,14.07668471327927
822.602,12.324856324382445
822.901,18.50301353232276
823.201,15.210642339502787
823.5,17.73903060938567
823.799,15.386791248274811
824.098,13.791135553249568
824.398,17.131486133343223
824.697,15.199741582940893
824.996,17.212147472327494
825.295,18.144777097690387
825.594,15.571003085099601
825.893,15.900020656361743
826.192,16.410260011915263
826.49,13.438162337258488
826.789,15.736797576573577
827.088,16.13025376848283
827.386,11.536373780961878
827.685,13.092330819499146
827.983,15.152413035194876
828.282,16.71372541243319
828.58,18.294857822957624
828.879,18.325931609634477
829.177,16.329571275624662
829.475,12.499014574295506
829.773,14.425492000248951
830.072,14.286322811802991
830.37,10.582827860639876
830.668,11.258048279620215
830.966,12.882821482943326
831.264,14.31665913325801
831.562,9.952179550891117
831.859,15.793665559983474
832.157,14.83102589135356
832.455,12.131342232596628
832.752,19.85652569686383
833.05,13.184741766600867
833.348,15.81247531906526
833.645,16.498796498284737
833.942,14.010849859997087
834.24,12.790518180261536
834.537,16.829391242249137
834.834,11.917470482287701
835.132,13.793084519219075
835.429,17.25118092809871
835.726,14.687132200715523
836.023,12.529839996900137
836.32,13.709791423137178
836.617,12.843425353761699
836.914,15.76201225791096
837.21,11.023998012475616
837.507,16.74664707990936
837.804,17.479232098555393
838.101,13.382309652553635
838.397,14.692726327098047
838.694,14.134963699169525
838.99,11.699875019999622
839.287,14.708766895845608
839.583,14.646346107728764
839.879,14.846290233130993
840.176,13.602205378984438
840.472,15.535294131686516
840.768,13.158100637110449
841.064,14.669237841878697
841.36,14.44504141958145
841.656,14.295804841345102
841.952,13.670917879008705
842.248,15.390925631879051
842.544,12.468182401822729
842.839,16.926338606055413
843.135,9.38631499652303
843.431,14.030371579350522
843.726,16.596331119872218
844.022,15.974398529892524
844.317,17.854374655102113
844.613,14.328791198464788
844.908,18.519192435554334
845.204,14.84352403584197
845.499,12.55778863178544
845.794,13.351159380143011
846.089,12.686481374046423
846.384,12.782261941872301
846.679,12.330139958982098
846.974,12.778325274666564
847.269,16.23612361521256
847.564,15.717070534301802
847.859,16.129156613039978
848.154,13.630928437703307
848.448,15.038925297968861
848.743,12.772319468786844
849.038,16.936056959971797
849.332,11.954031466173207
849.627,14.249891202085982
849.921,17.276611306089908
850.215,16.177118463052853
850.51,14.790538377403388
850.804,12.328720459163446
851.098,13.469172413974581
851.392,14.841839395350025
851.686,13.988600165055749
851.981,13.532158373698888
852.275,16.518043314342417
852.568,12.751725467940098
852.862,13.912512925435921
853.156,14.533263071453659
853.45,14.645781216327087
853.744,10.091823130092312
854.037,15.524756220563681
854.331,15.289403702830917
854.624,13.434046469334824
854.918,14.276211256223919
855.211,13.829237063429463
855.505,14.675896484955658
855.798,14.959708296162338
856.091,16.123496797278523
856.384,13.19549546053046
856.678,13.894200283835978
856.971,13.51911281052038
857.264,12.276642961788763
857.557,17.820779432970973
857.85,15.648036536983298
858.143,12.547827768727611
858.435,13.304776705640501
858.728,12.604459099150352
859.021,13.722179927848678
859.313,13.670328215604053
859.606,14.432251732037157
859.899,16.10156963654446
860.191,13.30274828921542
860.483,13.616300645491664
860.776,17.816267785108575
861.068,13.890631457836413
861.36,14.821269482522744
861.653,13.619098175973333
861.945,14.903731482297767
862.237,13.178976830363876
862.529,12.617673688711596
862.821,13.621442551665151
863.113,12.828487391565615
863.405,11.243135816275288
863.696,14.219505643365586
863.988,12.650769122168422
864.28,15.129548835644643
864.572,12.895365236252257
864.863,18.273245063947773
865.155,13.953469468631697
865.446,15.499300226030455
865.738,13.019363841351124
866.029,16.164524534570496
866.32,13.567675882344586
866.611,18.67006421218154
866.903,13.644726333373173
867.194,18.999461990772797
867.485,17.75323438969804
867.776,14.215445078883294
868.067,12.022847343289909
868.358,12.725283799083325
868.649,17.893048932075462
868.939,18.388348834088156
869.23,11.18926973297133
869.521,11.306256734333266
869.811,17.486225343858752
870.102,8.398915822229405
870.393,12.748800499756884
870.683,13.21062437534178
870.973,16.174416304285987
871.264,16.262470142137055
871.554,18.55265062224377
871.844,17.08705135591914
872.135,20.48480565171696
872.425,16.798414759582627
872.715,7.396049757427464
873.005,21.155787103826224
873.295,13.044396316573147
873.585,17.305430222833134
873.874,12.14948136345914
874.164,18.72659785114964
874.454,19.38431276686491
874.744,16.038127992839136
875.033,13.030009767947353
875.323,13.308935024851584
875.612,14.04235005801029
875.902,17.245769362776002
876.191,15.071733496114435
876.48,10.477807961823588
876.77,13.156345079034578
877.059,14.466264355864421
877.348,6.408555930282452
877.637,17.74212394938012
877.926,13.672219666999565
878.215,11.922298303437097
878.504,13.88315477712204
878.793,10.598524313873007
879.082,8.942537325902576
879.371,11.771120575555196
879.659,13.239065919845526
879.948,15.98838088619009
880.237,14.45807313732255
880.525,3.842210334060509
880.814,16.069040886172818
881.102,10.025077267229001
881.391,9.224175031396342
881.679,-11.376298596797293
881.967,22.47196583958442
882.255,18.896878802251937
882.544,3.808838246171091
882.832,7.78927393811033
883.12,8.262499837062094
883.408,20.361240889981897
883.696,21.28359002741922
883.983,8.719726453399298
884.271,11.763111339593634
