153.834,0.0
154.224,0.20726416017741855
154.614,-18.351933289035493
155.005,6.667194645356018
155.395,4.44933109702573
155.785,-0.414973347970818
156.176,-13.766493883786689
156.566,0.0
156.956,2.9646489651691788
157.346,0.0
157.736,-0.5574738622085853
158.126,-3.7727521395013968
158.516,-1.2367498616567891
158.906,6.750752783364845
159.296,-3.4252999791452288
159.686,-3.8634991244565535
160.075,3.8067652323413514
160.465,-0.5857147184746778
160.855,3.336541605757153
161.245,5.539572094163158
161.634,-6.218376674687425
162.024,-0.7107313058397269
162.414,0.0
162.803,1.8291400662065416
163.193,3.924693031232356
163.582,-1.767727227511537
163.971,0.0
164.361,2.5660451635571686
164.75,12.817453226978575
165.139,-4.60133193815588
165.529,-3.2756831338103694
165.918,-3.0038859002656637
166.307,0.0
166.696,3.2182778707257893
167.085,13.332743936992168
167.474,-7.5316703904597855
167.863,6.0106321075433
168.252,-6.5913699097327445
168.641,5.585422062300215
169.03,0.0
169.419,1.2041199826559248
169.808,-1.55184356201614
170.197,6.8707032631330165
170.585,1.568997669946645
170.974,5.5614575739384335
171.363,9.263936559485469
171.751,14.75941294164738
172.14,-0.32188065979840025
172.529,1.3075167383119484
172.917,-7.779484053506181
173.306,0.3299102605034573
173.694,-1.3165493338722434
174.082,0.0
174.471,-5.570747002912531
174.859,0.0
175.247,2.845893162217847
175.635,0.9532155210664506
176.024,-17.534323477897214
176.412,8.501089396535074
176.8,-3.105924945885489
177.188,-0.8129133566428555
177.576,-11.652222041842267
177.964,0.0
178.352,0.0
178.74,1.3540186861426269
179.128,0.23365242615462012
179.515,5.597970840676078
179.903,-0.35359703736055276
180.291,3.051360778057297
180.679,-0.9386410691241537
181.066,-13.550118883068281
181.454,0.0
181.842,0.0
182.229,5.863894974194793
182.617,10.118289804406187
183.004,5.861830455961641
183.391,3.3266668043252503
183.779,5.381385900753476
184.166,4.96198684451568
184.554,-7.682215721197422
184.941,10.953155473494311
185.328,1.2308661576355169
185.715,10.158317242985838
186.102,-3.3896221460757765
186.489,-7.388458437170569
186.876,0.0
187.263,-3.0053753295292798
187.65,-17.60570836755554
188.037,3.6433917885157494
188.424,-1.6333804430892764
188.811,1.9695943585361833
189.198,1.6613700310455684
189.585,1.7958600423475217
189.971,1.6264036507676138
190.358,-3.329100610889022
190.745,4.784209032169104
191.131,3.0117710321194955
191.518,8.232382691257849
191.905,2.8803825562927656
192.291,1.5957968083672136
192.677,6.026950596430863
193.064,3.5930056397392427
193.45,-1.246381594186754
193.837,4.727625795130722
194.223,2.1341767103593554
194.609,4.80092944324138
194.995,2.6296015378872855
195.381,2.518098887947854
195.768,1.3318910000856545
196.154,4.1684634175572635
196.54,-2.519595978415775
196.926,-2.769562552362671
197.312,3.2551613721270245
197.698,-0.693792171024776
198.084,7.73141074547298
198.469,0.9889258493043631
198.855,4.46639914073626
199.241,2.0380795103172478
199.627,2.906292910781347
200.012,-2.886892117283873
200.398,1.2926804428287884
200.784,3.816528293649205
201.169,1.1054597572626814
201.555,0.9117234683629291
201.94,4.316523235558099
202.326,-6.065387542413391
202.711,6.443888927349173
203.096,0.6691558299472244
203.482,5.758568595513843
203.867,3.1884655927257786
204.252,3.1411253564450097
204.637,1.7667524341694627
205.023,-5.674941530361913
205.408,5.644642119410351
205.793,-0.06954401223367464
206.178,4.17202599920638
206.563,-2.438802172899772
206.948,2.965786415101786
207.333,-1.3948482989173283
207.718,-0.8097206914288101
208.102,0.3039290305062485
208.487,0.6340689511601844
208.872,1.6888276603466361
209.257,5.513148252991114
209.641,3.0867204148612455
210.026,2.488725994473915
210.41,4.257584821071989
210.795,-0.22988651012702105
211.18,4.0129854075125175
211.564,0.7250699565587754
211.948,-0.8060271605704418
212.333,3.1299510035916285
212.717,-0.08793313923628795
213.101,4.043905473216187
213.486,4.5306232852679384
213.87,-3.4359018458888855
214.254,-6.329298053713615
214.638,2.676739053829906
215.022,6.898391272742864
215.406,3.558517723621291
215.79,-1.8371834074506905
216.174,5.122242397393712
216.558,-1.442882187593013
216.942,4.466726271497208
217.326,-1.2144204529571432
217.71,0.9712144121027716
218.094,6.071452419542058
218.477,0.08920827646951189
218.861,3.3703942450991993
219.245,-0.1292162515508874
219.628,8.83237523970437
220.012,2.9067002853040282
220.395,-1.4871505897117105
220.779,-0.26241124815227335
221.162,1.5571733333627669
221.546,-0.20856879294310346
221.929,-2.030523157941447
222.312,5.2933554072081375
222.696,-0.38867060273843945
223.079,1.9156981857794984
223.462,2.8637022355636166
223.845,3.126872143809412
224.228,2.9227563580423603
224.611,-1.4161559102220045
224.994,1.3521295473267538
225.377,-1.3279739101048935
225.76,5.975993783584262
226.143,1.8445389581109546
226.526,3.7023368947722095
226.909,2.6776193551120397
227.292,11.83380450494869
227.675,3.1046133320876597
228.057,0.18902879032075648
228.44,1.5349514640864061
228.822,2.140642463699766
229.205,-2.2266301955440926
229.588,0.34920766009287935
229.97,-9.064741517620345
230.353,2.254766997319275
230.735,6.647456688001459
231.117,-4.14401788751598
231.5,-3.708231843329616
231.882,1.4436226218214947
232.264,-0.8116211604323237
232.646,1.3381530278255815
233.029,5.0177305234451275
233.411,-0.3294784508513701
233.793,0.846743154760184
234.175,1.06690842398114
234.557,-0.01600295517241887
234.939,-2.107375096923761
235.321,4.347547162683032
235.703,2.2379873541314277
236.084,3.0615916296683174
236.466,3.418388921033371
236.848,-3.4132098269805735
237.23,4.208110769550357
237.611,-1.203250581792363
237.993,1.681102383713784
238.375,9.076011585310365
238.756,5.869403963942003
239.138,-1.7997691044393782
239.519,1.3014657455476017
239.901,7.101410610196244
240.282,-3.9541507249634718
240.663,2.615994316035284
241.045,6.611550765541545
241.426,4.415566143644934
241.807,2.1848906664103325
242.188,4.268773924528909
242.569,-0.04415735518125099
242.95,5.114840668071438
243.332,-2.967221335476449
243.713,-4.150716280937323
244.093,-0.453004363048424
244.474,0.13901377982799035
244.855,-2.257754771219476
245.236,2.4837222692962135
245.617,6.780233935969771
245.998,3.194163122001239
246.378,0.39686748906714153
246.759,2.345707671295406
247.14,4.551084263139668
247.52,-2.5464054463615473
247.901,2.3237836195720902
248.281,5.202905853905811
248.662,4.904587303532829
249.042,1.0761846687548213
249.423,7.847443479633031
249.803,0.9044060820062225
250.183,4.272204612692658
250.564,-1.8259114866710202
250.944,1.7455283595142483
251.324,5.907024851367088
251.704,-2.712370643181832
252.084,1.7519986274825872
252.464,3.977016265339176
252.844,4.196738916265983
253.224,5.337288551768519
253.604,6.726605004933842
253.984,9.00837927344734
254.364,1.4965545461473688
254.744,6.194381959633062
255.124,3.8592609191808998
255.503,5.660926723136209
255.883,3.950803005640144
256.263,5.791936748913962
256.642,4.268647218181453
257.022,2.335037335735895
257.401,0.32722554546178473
257.781,-7.706789192596803
258.16,4.550590315969306
258.539,1.1952453204020579
258.919,0.4105641098596331
259.298,-3.352190335055544
259.677,0.35049746780862423
260.057,3.687942378804326
260.436,4.924410739179871
260.815,2.758685945445341
261.194,-1.0067177548339994
261.573,10.882509006059482
261.952,1.5686638745708013
262.331,11.151538376445624
262.71,-1.0851930926470106
263.089,3.024669257669444
263.468,1.254515161156575
263.847,0.9116407214146129
264.225,2.865446925826728
264.604,-1.1023732480911959
264.983,-9.838427607776138
265.361,3.8585487592701377
265.74,-3.279951159971963
266.118,0.17261481850966878
266.497,3.11294286167703
266.875,2.2567127648222476
267.254,0.22497623881570106
267.632,2.4365040271787555
268.011,-1.0798224091480593
268.389,6.455303840781895
268.767,1.0736068136368428
269.145,3.304696573374353
269.524,6.225292624003906
269.902,3.9280467414115146
270.28,0.9625132713179125
270.658,3.895492852711065
271.036,0.4881225893927596
271.414,5.217990508944466
271.792,4.616001017010202
272.17,3.824041178450988
272.547,5.729867291911687
272.925,1.9304397831697124
273.303,-0.4796026890823849
273.681,1.5728309832836935
274.058,3.6608927521054158
274.436,4.987616758872529
274.814,2.8201079587843507
275.191,-2.7010054073607286
275.569,6.386690955943571
275.946,3.1982905005302444
276.323,7.514466799244728
276.701,0.24790091335335065
277.078,-3.7734908222171573
277.455,-0.5444716101351598
277.833,-0.9049143084871594
278.21,3.729157418149932
278.587,4.460536963938797
278.964,-0.5576579280412852
279.341,-10.909859750844223
279.718,2.333748147784694
280.095,0.06353342164665972
280.472,4.079024677095884
280.849,3.5499681774728504
281.226,4.073781671851662
281.603,1.4646437567099304
281.98,0.3926361243574638
282.356,-1.8586744286373251
282.733,1.3982185606460396
283.11,-1.3516305406328373
283.486,8.67882564161625
283.863,0.23185192539121963
284.239,4.122633404125905
284.616,-1.7545143858272922
284.992,-0.10657794376513263
285.369,2.4674674629789726
285.745,-0.03377221981511254
286.121,2.463062398326816
286.498,4.042608301083621
286.874,4.191875758221354
287.25,4.455152640397878
287.626,-5.122189113158996
288.002,6.618953889080892
288.379,8.603416468322218
288.755,4.488407607750898
289.131,1.9868485279244172
289.506,1.383503771636979
289.882,3.7678370262948118
290.258,3.185928035803596
290.634,0.9639730449860476
291.01,0.5665242152063541
291.385,2.338722579806171
291.761,2.8051864177545323
292.137,3.350307578357142
292.512,3.150717669920394
292.888,6.585309444126734
293.263,4.983222888800741
293.639,2.252356570409125
294.014,2.761886215728965
294.39,-1.742538119072876
294.765,-1.5605405887698895
295.14,5.304770259944951
295.516,1.192359580383562
295.891,-0.24158548160870438
296.266,-0.18951102563213096
296.641,0.5456759852039841
297.016,2.090405080067649
297.391,0.9002457530423537
297.766,7.184955850541462
298.141,-0.036940454542348275
298.516,1.2273312589222558
298.891,2.1993952629825944
299.266,4.356883726111716
299.641,-5.183001856342475
300.015,1.7882842167544823
300.39,0.1620525651983427
300.765,-0.24864634422478935
301.139,0.4653493663828514
301.514,2.2218492431717203
301.889,2.5589279744738738
302.263,3.901198425194607
302.637,0.7441887054806824
303.012,0.9700883521054431
303.386,2.240864635136181
303.761,2.7378480408736348
304.135,1.6151526519404915
304.509,4.44408280208894
304.883,3.4725413427584684
305.257,3.7918466861463354
305.632,2.522006464317979
306.006,1.0925818742908162
306.38,1.8710244824429532
306.754,4.581022061456336
307.128,2.649837084733934
307.501,0.6321522523579141
307.875,0.5052314568876328
308.249,2.7402145266324203
308.623,-0.38215535665420086
308.997,0.42252695855288713
309.37,1.5782290308644977
309.744,-1.9932561889883382
310.117,2.5628270195576217
310.491,0.542562577399684
310.865,-0.1200983803177123
311.238,-1.2315806318108644
311.611,-4.37068485833892
311.985,5.155677570150422
312.358,4.786210179851668
312.731,3.9237384476989074
313.105,3.642086335543464
313.478,3.381280351337052
313.851,5.178835355096102
314.224,1.531312373140582
314.597,5.18385757911084
314.97,3.4232935887162506
315.343,4.8667361298652105
315.716,7.001195378384324
316.089,-1.8464420837434241
316.462,0.933580740468111
316.835,3.44640944464348
317.208,1.4992389753367579
317.58,4.980168395713498
317.953,1.688695300090578
318.326,3.0330495170271896
318.698,8.348364229415198
319.071,3.570582666812201
319.443,2.3011815896135643
319.816,-14.622663366925954
320.188,1.6403441846539355
320.561,1.2483613196569208
320.933,-1.1092305060695657
321.305,3.9111444687033305
321.678,5.695912167325863
322.05,-0.8101664260852027
322.422,6.31005374234446
322.794,3.4599407673860285
323.166,2.611377062890835
323.538,1.0535034787880557
323.91,1.7309439485714297
324.282,0.23074184151940352
324.654,2.5011083494259956
325.026,2.1138700742537764
325.398,-8.727523083210945
325.77,-5.366667839010314
326.141,3.3536969521140674
326.513,2.0871562471772753
326.885,1.3574845447773494
327.256,4.66082584465019
327.628,8.049915703557714
327.999,3.9393427838644417
328.371,2.138714974520645
328.742,2.905835257637006
329.114,-5.238559763615067
329.485,4.050135680875548
329.856,-2.5492616515665016
330.228,2.592514653407988
330.599,1.8604556222408783
330.97,2.382055683559741
331.341,2.005220700354855
331.712,0.8628460152595282
332.083,-3.3283796056654156
332.454,5.469803686596703
332.825,3.9837612367793027
333.196,9.300189135573737
333.567,4.1132700879202195
333.938,2.2002601619207462
334.309,2.2713682989656343
334.679,4.237507525702802
335.05,0.43518734637871587
335.421,0.6656233804141228
335.791,3.2572516417720347
336.162,-0.4665642976320815
336.533,-1.5232966898961648
336.903,-1.5434102570495574
337.273,0.5206144968361243
337.644,2.1917049254129917
338.014,4.250456847045489
338.385,3.839662871058663
338.755,1.3221766342323649
339.125,-6.881747600599374
339.495,5.518594960970765
339.865,1.4492960443311158
340.235,4.308012506038134
340.606,7.231138574399817
340.976,-0.006358797325070487
341.345,-0.21295723290841137
341.715,-0.5034742287818604
342.085,4.444847837728108
342.455,2.569617363999964
342.825,0.9724801868234765
343.195,0.8569938015876364
343.564,2.6705771692007736
343.934,1.5753475666426169
344.304,2.565890619613495
344.673,1.7576939897627266
345.043,3.3957134434711356
345.412,-5.158455551546492
345.782,-2.6621447232946998
346.151,-0.07655317199214995
346.52,-0.6462874411842231
346.89,0.22751292287802233
347.259,0.3563354377039579
347.628,-0.5695282890506649
347.997,2.658738287431836
348.367,-4.994786890826554
348.736,2.7740883004177155
349.105,1.6512371963524044
349.474,4.064859374148142
349.843,4.132726761201849
350.212,-1.8887928990417262
350.58,3.010262739117502
350.949,2.4793104288666292
351.318,2.5587512015320315
351.687,0.011158858103181776
352.056,2.5195504819781385
352.424,1.3664400075142968
352.793,1.6500563149790564
353.161,-0.8171204581595521
353.53,4.853760702240985
353.898,6.206373551297283
354.267,3.438601320776801
354.635,-7.318275024373362
355.004,-0.35598794809411344
355.372,0.1756255684356527
355.74,0.3630556870190251
356.108,-1.7339664376012045
356.477,0.9786185858266002
356.845,1.810389933859382
357.213,2.8902696367310874
357.581,-0.1895303811149652
357.949,6.1121912406187535
358.317,1.6473540395498003
358.685,1.13000057627209
359.053,-1.2795810085817947
359.42,-0.7929526329946173
359.788,4.039697571054947
360.156,-0.9230295574212106
360.524,2.7908026417565237
360.891,2.7066911402051854
361.259,-0.2611087034032958
361.626,1.6915773510218037
361.994,2.3857983151457196
362.361,7.011307175776602
362.729,0.7321480085835
363.096,-3.3635271682948247
363.464,-0.9283065284760601
363.831,0.3410548261627341
364.198,1.7302715444811727
364.565,-0.0010191077406084444
364.932,-0.9135808528034053
365.3,-2.387272930430585
365.667,0.1774518546916501
366.034,2.397607042670209
366.401,-1.2896851423085076
366.768,5.47826726422106
367.134,-2.322390415785475
367.501,6.19908106334297
367.868,-5.577100774555132
368.235,0.4938376481812917
368.602,2.5090565387717962
368.968,3.9989204048993017
369.335,4.352603479324257
369.702,1.5775108633111286
370.068,4.803768114814757
370.435,-0.18358617905837524
370.801,2.731444374567689
371.167,-1.1082472785814428
371.534,1.8662290623391755
371.9,3.00755916414401
372.266,0.3847990112132385
372.633,1.255949651961618
372.999,3.669040925603427
373.365,2.31872176415613
373.731,4.628843050773042
374.097,3.4719356094088583
374.463,0.828243486432184
374.829,5.002050886581072
375.195,-0.8216616926507976
375.561,2.0187715132352984
375.927,1.8467245800968701
376.293,2.82702722235825
376.658,2.2537264084816093
377.024,3.058649314517787
377.39,5.802995851577746
377.755,3.3383640239617134
378.121,2.420010365042325
378.487,4.110365666720912
378.852,1.3881977737463287
379.217,4.758830197843381
379.583,-2.5337091785705392
379.948,3.522577959486563
380.314,0.5996293797433121
380.679,1.3852812895482867
381.044,1.5658849159076602
381.409,-0.9811281282139747
381.774,3.0843064137487843
382.139,3.302693446047557
382.504,0.38846474513915374
382.869,5.058403844989483
383.234,4.457673622018983
383.599,4.590078914544578
383.964,-0.6719737669679888
384.329,2.4356908884608646
384.694,0.8559374682203492
385.058,3.3242383139050222
385.423,-2.0767684026428093
385.788,3.0600009607427023
386.152,-0.17087462497672345
386.517,3.527969717562673
386.881,1.8417109305138932
387.246,0.7319033986410194
387.61,5.556475388954504
387.975,-2.114173169260921
388.339,1.0175108689375088
388.703,0.8585789558240254
389.068,0.6895125504087198
389.432,5.866589249863862
389.796,1.4052543499753576
390.16,2.642677318682854
390.524,-1.312489098330614
390.888,0.9338801320021399
391.252,2.983461758155741
391.616,4.929981241977273
391.98,4.692407654131437
392.344,0.4927928300190836
392.708,5.622613887630253
393.071,5.031846344594517
393.435,0.008704400086052317
393.799,0.971230511236513
394.162,3.920865511136481
394.526,0.14665392836072424
394.889,3.282692132097025
395.253,4.068526854158325
395.616,3.593970819765816
395.98,6.4358771581607535
396.343,5.242016536331631
396.706,3.445099764023214
397.07,1.4573973051074396
397.433,2.8523541855340233
397.796,4.467737727995539
398.159,0.31189406785455187
398.522,2.939588467233849
398.885,5.948749338508352
399.248,5.6333058274463665
399.611,1.6213705468238344
399.974,3.532015090060566
400.337,4.210654508230051
400.7,4.828794934322312
401.063,4.5632937007745955
401.425,3.6994994566305857
401.788,6.405563123688704
402.151,2.3315874990886742
402.513,4.484701855750125
402.876,3.890236435436222
403.238,1.786977078833726
403.601,2.370629678985681
403.963,4.33832303054584
404.325,4.986945092706777
404.688,3.73012325159329
405.05,3.0178533010432527
405.412,3.409745224815584
405.774,3.049055844312761
406.137,0.4440211367938137
406.499,3.1276213088073828
406.861,0.7410669503840688
407.223,2.919323389077069
407.585,2.144929334177821
407.947,2.8344870195217733
408.308,5.075457886517878
408.67,5.252493979971012
409.032,3.4778049510807767
409.394,5.164461762173715
409.756,5.281633160706161
410.117,4.440046599781164
410.479,6.485599027733158
410.84,6.106410476562105
411.202,2.2889418410518445
411.563,4.220063174752136
411.925,4.635135930141152
412.286,5.689214436026773
412.647,3.5531073723469735
413.009,4.988638647315788
413.37,6.072558569946172
413.731,6.106977539207842
414.092,5.177786818635753
414.453,7.405982176632501
414.814,6.983574116940275
415.175,7.355351365217479
415.536,9.057100636759014
415.897,9.262426082763325
416.258,9.436711482293852
416.619,9.330263448283127
416.98,8.954159123893463
417.341,8.958804467750415
417.701,8.99149426631636
418.062,10.240316495422023
418.423,10.239885394062693
418.783,9.992520901554077
419.144,10.30230770943646
419.504,9.933904622025114
419.865,9.639012688433786
420.225,10.42666163487561
420.585,9.967734959370077
420.946,9.940310871949132
421.306,9.217731356885752
421.666,10.363100436462968
422.026,10.150665437188167
422.386,9.660869949431952
422.746,10.041083723180712
423.106,10.068888404563502
423.466,10.500244427667575
423.826,9.94676654920455
424.186,10.181508607010134
424.546,9.696381961443327
424.906,10.134362524200613
425.266,9.454611580529367
425.625,9.480041022832697
425.985,9.81150785351178
426.345,9.061684940341229
426.704,9.154533107341045
427.064,8.686816804675113
427.423,8.958164334004879
427.783,8.693596795385186
428.142,9.35636511126282
428.501,8.526456568645843
428.861,8.558109442318665
429.22,8.945753553256413
429.579,8.376655072210887
429.938,8.215490643094013
430.297,8.169635433151841
430.656,8.128931871140185
431.015,7.6553702060953865
431.374,7.581952997437989
431.733,7.447907173012611
432.092,7.514571262151193
432.451,7.258702594529859
432.81,7.1376352753426815
433.169,6.976406025694734
433.527,6.547367735093386
433.886,7.346955583036636
434.244,6.829282896243972
434.603,6.704043640287691
434.962,6.5400100479874705
435.32,6.36955860426657
435.678,6.1460919579089435
436.037,6.27460712250274
436.395,5.805592289387675
436.753,5.877894931692576
437.112,5.860042380534347
437.47,5.850975261290647
437.828,5.888737347157036
438.186,5.690453366949613
438.544,5.538940020339285
438.902,5.307306121518394
439.26,5.366267242870634
439.618,5.526634364678567
439.976,5.374486827463016
440.334,5.291913796652102
440.692,4.946035577883244
441.049,5.081099397406773
441.407,5.184573080472086
441.765,4.808914964397789
442.122,4.77733212275125
442.48,4.71226515755222
442.837,5.015726899724472
443.195,4.651328977932481
443.552,4.63467526984053
443.91,4.536982292645378
444.267,4.24770711409393
444.624,4.311419805032954
444.982,3.9617354383646317
445.339,4.379158296102071
445.696,4.492789046268007
446.053,4.146456306275935
446.41,3.8499746415576523
446.767,3.490300271119706
447.124,3.7803073672880783
447.481,3.5816167889229096
447.838,3.527951642113051
448.195,3.687250348062558
448.552,3.5582856203862416
448.908,3.7619445920060315
449.265,3.544744831283401
449.622,3.6633913666278377
449.978,3.7056477276070288
450.335,3.5117835793283594
450.691,3.51459805946324
451.048,3.493320921089425
451.404,3.285065043807131
451.761,3.3550296519425773
452.117,3.2770536881970904
452.473,3.215056327465127
452.829,2.938937087467895
453.186,3.2908151224520537
453.542,2.9291648767548795
453.898,3.1846862513591043
454.254,3.2521057164545297
454.61,2.896532112244792
454.966,2.952952444260032
455.322,2.873531991454592
455.678,3.3952111071741795
456.033,2.824110996579834
456.389,2.555629292496662
456.745,3.009939338227122
457.101,2.952271458269352
457.456,3.055919764475553
457.812,2.7655387389837878
458.167,2.901519221176496
458.523,2.914031569840365
458.878,2.948712734668215
459.234,2.7352448551197392
459.589,2.6748425524560195
459.944,3.004922916997958
460.3,3.195215061781647
460.655,2.6814672938499795
461.01,2.755273194898028
461.365,2.6762113434555146
461.72,2.591157988839951
462.075,2.729621478123031
462.43,2.5572819559257765
462.785,2.67413928993465
463.14,2.6504348291014748
463.495,2.9966737230090934
463.85,2.6469238034657496
464.205,2.5950254802929638
464.559,2.6816999632821967
464.914,2.5673546552185496
465.269,2.391625253490438
465.623,2.455721514457153
465.978,2.588379239252159
466.332,2.611624692106388
466.687,2.651764497182173
467.041,2.3649459368970738
467.395,2.578641809328668
467.75,2.685021898333875
468.104,2.311017282725883
468.458,2.301532603436897
468.812,2.184074008336748
469.166,2.2370640687062355
469.52,2.5215939740068216
469.874,2.4082645349580476
470.228,2.4155081553006887
470.582,2.3468409877471084
470.936,2.3908366903457603
471.29,2.387648940967116
471.644,2.7435884616167434
471.998,2.355163705129089
472.351,2.398352507882233
472.705,2.3745153435398194
473.058,2.30680532998607
473.412,2.088152576142462
473.766,2.276322334435325
474.119,2.1302058588295663
474.472,2.2816730131083416
474.826,2.3211430442936085
475.179,2.4145563283697546
475.532,2.303452362977224
475.886,2.252557163282358
476.239,2.7032567975608157
476.592,2.203882114002024
476.945,2.2124002808446925
477.298,2.2154644107215455
477.651,2.2527348395213513
478.004,2.279136536508957
478.357,2.0228559881019192
478.71,1.8410319449164625
479.063,1.9808025264408982
479.415,2.06426395999144
479.768,2.4832255743162226
480.121,1.8594315723072359
480.473,2.0930905918260003
480.826,2.4262839826774494
481.179,2.123984944974154
481.531,2.0646557812799324
481.883,2.1473589545731393
482.236,2.255830322782445
482.588,2.298426050262528
482.94,2.633031233687451
483.293,1.9154017484172035
483.645,1.766783326199717
483.997,2.3344556312911027
484.349,2.3471647379485874
484.701,2.337509058061173
485.053,2.1684301250462497
485.405,2.020076557321343
485.757,2.139633027295251
486.109,1.8496371029799874
486.461,2.2190685401929144
486.813,2.1630164559152307
487.164,2.312529870330701
487.516,2.1263511320560347
487.868,1.9846598378539075
488.219,2.1024439811011533
488.571,2.3009355604358803
488.922,2.482794099345225
489.274,2.1980122964108304
489.625,1.9827004072184309
489.977,1.9657766295518229
490.328,1.758232198348996
490.679,2.0947946231481187
491.03,2.0181405179436775
491.382,2.037778110868773
491.733,2.25163385588225
492.084,1.8757569073770834
492.435,1.7596108842047298
492.786,1.9395753662872024
493.137,1.9078299879947347
493.488,1.823429274128695
493.839,1.6908703183656748
494.189,1.8860791903027432
494.54,1.8551948797594262
494.891,2.2080851398937775
495.242,1.6116519676432204
495.592,1.9224551544962742
495.943,1.8644660902618417
496.293,1.9056134020358875
496.644,2.2075861579859692
496.994,1.7685808788559936
497.345,1.9697354633698125
497.695,1.463723030683605
498.045,1.9293772205934925
498.395,1.598327732266054
498.746,1.9707637044258801
499.096,1.8651362053035743
499.446,1.651594935460036
499.796,1.6749585919088228
500.146,1.561914947779995
500.496,1.434602098194494
500.846,1.7509995482392642
501.196,1.7260381646597447
501.545,1.6460823661450026
501.895,1.8420461460058177
502.245,1.836425468067149
502.595,1.8875343269487834
502.944,1.7806030688449952
503.294,1.6334997339958564
503.643,1.752542052324686
503.993,1.5625134608338187
504.342,1.6874902165621637
504.692,1.791940024673813
505.041,1.5673269112747559
505.39,1.7934822553254302
505.74,1.915912093761823
506.089,1.569496286753994
506.438,1.6926778334312724
506.787,1.016121130748848
507.136,1.5874750942358502
507.485,1.4242001984171881
507.834,1.6468397138517847
508.183,1.5997598890743885
508.532,1.7702351475811289
508.881,1.7759658274245669
509.229,1.1816688954393726
509.578,1.4150530376328376
509.927,1.6537118717416799
510.276,1.2879619016911719
510.624,1.5522800786832982
510.973,1.2390189729911436
511.321,1.2555816300065448
511.67,1.8126226776428036
512.018,1.2920324077988479
512.366,1.539079181697334
512.715,1.2767584648045636
513.063,1.2304014723740577
513.411,1.4821129837343934
513.759,1.165795691941816
514.107,1.0945122069365707
514.456,1.254574471432214
514.804,1.3138387416661717
515.152,1.4467350864883037
515.499,1.1449378381134205
515.847,1.401860629535434
516.195,1.1382742767951142
516.543,1.2576974494309567
516.891,1.19760209447444
517.238,1.1077579055701807
517.586,1.1457649581123148
517.934,1.2448388596967228
518.281,1.11994344264178
518.629,1.220123178709089
518.976,1.4222491341494141
519.324,1.111383575780845
519.671,1.0708035502442967
520.018,1.088952544913536
520.365,1.0914007839905044
520.713,1.0852091275715008
521.06,1.1014075857824617
521.407,1.0493870616379735
521.754,1.1099955598716271
522.101,1.053164764767796
522.448,1.0095570034986354
522.795,1.371640510042798
523.142,1.3571902254449204
523.489,1.3634570423658394
523.836,1.3834597314815176
524.182,1.3569719395625253
524.529,1.5444051514865114
524.876,1.2975045578700453
525.222,1.1185194391770101
525.569,1.2313938526950237
525.915,0.9069978606090666
526.262,1.1104141204088733
526.608,1.0407746172985306
526.954,1.1081511782517717
527.301,1.1461096208918706
527.647,1.1997100022571423
527.993,1.1588870890627507
528.339,1.1509743203213143
528.686,0.9455290500195768
529.032,0.968743005654468
529.378,1.0868207091577435
529.724,1.3015013673650113
530.07,1.4018726407255337
530.415,1.2741098631134786
530.761,0.9949512316144676
531.107,1.2221766286572293
531.453,1.2337204018156134
531.799,1.128787586445772
532.144,0.9472989078268834
532.49,1.2047761098056682
532.835,0.9424344905333292
533.181,0.9736281413540779
533.526,0.7896181048992397
533.872,1.0099197141258873
534.217,1.0950908252486897
534.562,0.9977951083855562
534.908,1.0503070554746292
535.253,1.044249676966056
535.598,1.0024154679152486
535.943,1.010711479704902
536.288,0.8195248104237934
536.633,0.9653306469404593
536.978,0.9175223028234578
537.323,1.2208758810736173
537.668,0.9436866883767656
538.013,0.7682991219757659
538.358,0.8553473627445825
538.702,0.827544102651759
539.047,0.8771627774282835
539.392,0.9117882115855469
539.736,0.9466911775135276
540.081,0.9005139374328544
540.425,1.1357488770308142
540.77,1.0865205814876886
541.114,1.0427652045544158
541.459,0.8617315741557998
541.803,0.9756634453120405
542.147,1.0388927792194596
542.491,0.8162906579787993
542.835,0.8730985145125779
543.18,1.052038781211092
543.524,1.0275144086446697
543.868,0.8731754205894082
544.212,0.9826969646413654
544.556,1.1649337737217933
544.899,0.9990541053354698
545.243,1.0950536045298163
545.587,1.081427402661262
545.931,0.9030735149735253
546.274,1.0561974520944748
546.618,1.085555320720595
546.962,1.0273275463403144
547.305,1.016460071828754
547.649,0.9644115605263274
547.992,0.8183338845395135
548.336,1.029324076232405
548.679,1.0605862184941404
549.022,1.3765442783653403
549.365,1.0101991613249959
549.709,1.0672257629118695
550.052,1.1696474297935961
550.395,1.0369747622109744
550.738,1.1569220341569857
551.081,0.8075845925937741
551.424,1.0674944400875441
551.767,1.1051207261180176
552.11,1.0924079232940316
552.453,0.5206246505752116
552.795,0.9369119604406376
553.138,1.0130845753381412
553.481,0.993053091820527
553.823,1.0914513754092718
554.166,1.0189260584994861
554.508,1.146898746536945
554.851,0.7497992519572261
555.193,1.0225641866144728
555.536,1.0838690354536569
555.878,1.0609982386543617
556.22,1.118328541347352
556.563,1.0916570549046432
556.905,0.9700340623068053
557.247,1.036701650810674
557.589,1.3251630359417805
557.931,0.9243600350485621
558.273,1.1821178256394402
558.615,1.1508092476707168
558.957,0.9301448845791969
559.299,0.938816919503433
559.64,1.028900907367877
559.982,1.490115006496824
560.324,1.1758710952743412
560.666,1.230634350571731
561.007,1.0603924708174437
561.349,0.9531564836344875
561.69,0.8430643515941977
562.032,1.1664411157731958
562.373,0.8230101073551948
562.715,0.9299219676144285
563.056,1.2013597547279544
563.397,1.0723883214560015
563.738,1.1551985617129483
564.08,0.883578008512259
564.421,1.205999562934563
564.762,1.0810411631562467
565.103,0.9145377789400397
565.444,0.897026307758299
565.785,1.0770504333951492
566.126,1.1660597236905443
566.466,1.1963572658132107
566.807,1.0179874590292846
567.148,0.8606203652622819
567.489,0.9635296588662665
567.829,0.8699122444025887
568.17,0.9758080815922066
568.51,1.1524764210095755
568.851,1.0367685525308987
569.191,1.1472105499008942
569.532,1.0238552148938784
569.872,0.828558093747891
570.212,1.1511301791373254
570.553,1.3035716934819208
570.893,1.2151238396841748
571.233,1.188311986621394
571.573,0.9323082006273422
571.913,0.9314216200861201
572.253,1.022573124270774
572.593,1.0917788086459947
572.933,0.9450451097868083
573.273,1.0305312959176547
573.613,0.9987343064350196
573.952,0.7644734348362087
574.292,1.0160806179286463
574.632,1.0766794588632689
574.971,0.8484956703400571
575.311,1.2887908854391041
575.65,1.1314435269549292
575.99,1.131302171110102
576.329,1.2494623741712474
576.669,0.8208252075967643
577.008,0.8118299239396797
577.347,1.0764686251793174
577.687,1.1224354044810179
578.026,1.0816404366376402
578.365,0.9517065253325571
578.704,1.1483943852548617
579.043,1.1895985513942577
579.382,1.0565612065683068
579.721,0.9950310384722628
580.06,1.2086846498233585
580.399,1.3133892607948185
580.737,0.8958258576657171
581.076,0.947178410307363
581.415,0.9214125130310026
581.753,1.2024946616122076
582.092,0.928512342351052
582.431,1.4770363837653655
582.769,1.1473336575024502
583.108,1.2364996745045187
583.446,1.2258586921611185
583.784,1.1813738766828719
584.123,1.1312655530900395
584.461,1.4117682389980073
584.799,1.2160123453403
585.137,1.4441115352209608
585.475,0.8731029483193223
585.813,0.958819118511083
586.151,1.3034378146029335
586.489,1.057528098473229
586.827,1.306827308084521
587.165,1.2185332148256436
587.503,1.2471195102814367
587.841,1.236193753517183
588.178,1.1347142264018386
588.516,1.4326082200072239
588.854,1.137908922163986
589.191,1.406038644334548
589.529,1.4779840896759195
589.866,1.8694410021178425
590.204,1.6494447621305448
590.541,1.5875156941652875
590.878,1.6504792589623096
591.215,1.4768246947936658
591.553,1.7332258079127552
591.89,1.8073707179535534
592.227,1.4288212108857847
592.564,1.6914680996559042
592.901,1.6650626395232533
593.238,1.8275734175309544
593.575,1.6429836480988491
593.912,1.7691438456949393
594.249,1.9773758479989951
594.585,1.6869325986798775
594.922,1.8798795558640466
595.259,1.7225285460274744
595.595,1.7605327351117306
595.932,1.5918856130855212
596.269,1.7040607441335585
596.605,1.687928486542237
596.941,1.7494640901421206
597.278,1.5075580083114952
597.614,1.457471024096728
597.95,1.3697417668053506
598.287,1.4907062371138875
598.623,1.4816057205219417
598.959,1.315324400147718
599.295,1.3141009362184288
599.631,1.4187799681937954
599.967,1.1812005029142647
600.303,1.0617540395822027
600.639,1.2470565244949698
600.975,0.9448697995690202
601.311,1.4980981653391716
601.646,1.3726686060791813
601.982,1.0624280899769356
602.318,1.522048707055834
602.653,1.224809289315208
602.989,1.140988695310868
603.324,0.9543038241020759
603.66,1.1492928114249306
603.995,0.9680451055031047
604.331,1.2221500842572695
604.666,1.1642909245134512
605.001,1.0737328694249528
605.336,0.7533541671071627
605.671,1.3321327516475938
606.007,1.2435578451529594
606.342,1.213261457723077
606.677,1.1775295737607776
607.012,1.5379909291722131
607.346,1.4134997134995049
607.681,1.444133388198762
608.016,1.3190527256334974
608.351,1.247267430231258
608.686,1.0475315249366048
609.02,1.0338129153597193
609.355,1.2319657374485606
609.689,1.407522881596899
610.024,1.3878142460072087
610.358,1.302397573791461
610.693,0.8646487451213639
611.027,1.13489610623342
611.361,1.2361479206968176
611.696,1.168771778267304
612.03,1.2919394480930413
612.364,1.390404422962856
612.698,1.1995136910195396
613.032,1.3328093988376304
613.366,1.0578200292500164
613.7,0.9813980004083535
614.034,0.9915564694640682
614.368,1.2156458553609626
614.702,1.1382722424226832
615.035,1.3478278738797664
615.369,1.0227478243120403
615.703,1.3280850368942394
616.036,1.1922815235066617
616.37,0.8698841268446483
616.703,1.3582409137778215
617.037,1.1937447207900853
617.37,1.1260832236543201
617.704,0.9442162168944249
618.037,1.0236320089852926
618.37,1.175114979715142
618.704,1.062580165289814
619.037,1.3665098124875388
619.37,0.9367069665047835
619.703,0.9766104124919495
620.036,1.1005178547566554
620.369,1.095021916134415
620.702,1.200659828250685
621.035,1.1145711417933808
621.367,0.864211397450052
621.7,1.2183607243475574
622.033,1.1860707191940312
622.366,1.0448035873354677
622.698,0.8218234682549547
623.031,0.8422348192364809
623.363,1.2821985869583157
623.696,0.9850940518488573
624.028,1.3082342004692191
624.361,1.1032050469632688
624.693,1.2033332896374394
625.025,0.9767637301091553
625.357,0.9432618445970794
625.689,1.1364940932882304
626.022,1.0967382774413128
626.354,0.9930721063205555
626.686,0.9807696002222638
627.018,1.1436471192738173
627.35,1.2329474808103535
627.681,0.9436745277513936
628.013,1.0835115635597448
628.345,1.1781649919646775
628.677,0.7881259346277378
629.008,1.1818586782627967
629.34,0.46794094090883315
629.672,0.9548022097045704
630.003,1.1889842178001806
630.335,0.8645811383813018
630.666,1.0996613678112408
630.997,1.0350102327564779
631.329,0.8645940950973884
631.66,1.2383255314389912
631.991,1.3034123940525273
632.322,0.9544052047943808
632.653,1.0805649207761163
632.984,1.303903813721286
633.316,1.217853763237992
633.646,1.0000318115129962
633.977,1.1054142290138584
634.308,0.9027680115190342
634.639,0.762436241620879
634.97,1.0590406825348402
635.301,0.8841168640498509
635.631,1.0325165623869093
635.962,1.0016673296958138
636.292,1.0601725862263751
636.623,1.104752093825279
636.953,0.8754914099489451
637.284,0.9024773777198979
637.614,1.2837987946256402
637.944,0.8720144905717159
638.275,1.0177413116204221
638.605,1.0934011755883035
638.935,1.2010984626017924
639.265,0.9991441163843203
639.595,1.0426905703257627
639.925,1.2842875578152289
640.255,1.026457297694322
640.585,1.095711833455362
640.915,1.0927061535916083
641.245,0.9497464847299404
641.575,1.6463120820918145
641.904,1.1603702087022134
642.234,1.2223434202587768
642.564,0.908356718017192
642.893,1.025148065356527
643.223,1.031712446504318
643.552,0.7389454238603671
643.882,1.2739809853870314
644.211,0.7905806643433023
644.54,1.1586818965961911
644.869,1.111646693836773
645.199,0.7623963327757839
645.528,1.1912460653113164
645.857,1.2739859892792547
646.186,1.2069730698023808
646.515,1.0445234800098684
646.844,1.5125699303825144
647.173,0.8298191702216452
647.502,1.126077694706496
647.83,1.1803703205411396
648.159,0.972776845530908
648.488,1.183672532287142
648.817,1.3498485248975804
649.145,1.3884527524711667
649.474,1.04167820625517
649.802,1.4436109777743402
650.131,1.0757091662583798
650.459,1.109888014729567
650.787,0.9096645954796316
651.116,1.1692976666350126
651.444,1.287106016844565
651.772,1.0271285998624846
652.1,0.8714956416797182
652.428,1.1174909154457018
652.756,1.2909312234176553
653.084,0.9534347669566021
653.412,1.1150108072515919
653.74,0.92173617037177
654.068,0.9783860216118736
654.396,1.1165734340763747
654.724,1.0716447539153326
655.051,1.2039770528208928
655.379,0.9572318978354682
655.707,1.2251119972661761
656.034,0.99798742059907
656.362,1.3437980137841277
656.689,0.8384128042200889
657.016,0.7080776627548558
657.344,0.8130817141986999
657.671,1.559504792894721
657.998,0.9340101229867604
658.325,1.0465577340704915
658.653,0.8883075659677852
658.98,1.1861670671134634
659.307,0.9363935009666918
659.634,0.9892064049982754
659.961,0.7623435990698941
660.287,0.9936005386448579
660.614,1.001314481718115
660.941,0.9527007383006109
661.268,1.1912025628067628
661.595,1.0069095497039116
661.921,0.838722128159705
662.248,1.420294018660336
662.574,1.2215709725582666
662.901,1.232237625257398
663.227,0.7005782687196358
663.553,0.9627469166878135
663.88,1.197301861481829
664.206,1.1263822516591315
664.532,1.0155318194779839
664.858,1.0459344003487845
665.185,0.9257999132528321
665.511,1.0880214229556775
665.837,0.7266621016589545
666.163,1.2329983685855928
666.489,0.9763037913488817
666.814,1.1448504053906086
667.14,0.8816855042388937
667.466,1.3627895157532581
667.792,1.0927604350839135
668.117,0.8347974587228334
668.443,1.2255475701937937
668.769,0.7226080675132893
669.094,1.3641755885171973
669.419,1.2274928969071182
669.745,1.390999264248186
670.07,1.3471742705668488
670.396,1.1664517840843902
670.721,0.9103873628033824
671.046,0.7904629644690314
671.371,1.4977609895435735
671.696,1.0034865833104556
672.021,1.138110412519724
672.346,1.044783940058973
672.671,1.1650637913603659
672.996,1.2593055729726952
673.321,1.3187802977479366
673.646,1.0787293995526375
673.97,1.1272602212723792
674.295,1.4024445792413576
674.62,1.5267372889210002
674.944,0.9969451215524157
675.269,1.0642717213244004
675.593,1.0060796552397684
675.918,1.1832430462309964
676.242,1.1169555719918582
676.567,1.2041102183594559
676.891,1.1782466237312001
677.215,1.3875032306842712
677.539,1.3130935641110768
677.863,0.8881995608744434
678.187,1.0287528902391365
678.511,1.2207629463206695
678.835,0.9318477152445946
679.159,0.9941977179761963
679.483,1.2701337977987068
679.807,0.7839402184522231
680.131,1.0598214260859709
680.455,1.0222872763422963
680.778,0.8414446591808665
681.102,1.061899674133206
681.425,0.9779816804990489
681.749,1.4335958161474662
682.072,1.1908572068084413
682.396,1.3496977012827553
682.719,1.145095372498765
683.042,1.3914008303369494
683.366,1.2626746629501577
683.689,1.2173626929572061
684.012,0.897457420094921
684.335,1.1220910223762686
684.658,1.0222463451418482
684.981,0.6695877045821546
685.304,0.815065791034456
685.627,0.96231963472268
685.95,1.2026126032333941
686.273,1.2238261620140798
686.595,1.116054435878232
686.918,1.2566870806712134
687.241,1.2282104286401805
687.563,1.027564426061778
687.886,1.3782448299496344
688.208,0.888625041476752
688.531,1.1310116490547568
688.853,0.7821599668361251
689.175,1.3181985743306799
689.498,1.1388631478976483
689.82,1.2329564261421422
690.142,1.3014997688606385
690.464,1.136858095023561
690.786,1.0888840838901845
691.108,0.7575508801605085
691.43,1.2926371851312695
691.752,0.7838574810416608
692.074,0.8424928978457478
692.396,1.1925561052971985
692.718,0.9145391236522389
693.039,1.2263342219066107
693.361,1.0867902434116103
693.683,1.2123316949631526
694.004,1.2448748863931633
694.326,1.2824969083684994
694.647,1.4785887146449221
694.969,1.353172054315797
695.29,1.0312984773227487
695.611,1.0431918818911594
695.932,1.5746262483460731
696.254,1.0457935089292416
696.575,0.8926702070187392
696.896,0.999966525770597
697.217,1.3455957297661971
697.538,1.1556180183891487
697.859,1.5980867634968567
698.18,0.4809020511116022
698.501,1.412921658636819
698.821,1.329126395494241
699.142,0.7237743450141996
699.463,0.9701465662454426
699.783,0.6032951580612502
700.104,1.487382352933875
700.424,1.2485326389241809
700.745,1.5096423989415177
701.065,0.788858444514205
701.386,0.8434442805819597
701.706,1.7510687739504422
702.026,0.9941537732002317
702.347,1.1083447726782885
702.667,0.8585311298464274
702.987,1.0769196970352557
703.307,0.9549482983153755
703.627,1.3885579516541449
703.947,1.0247321649191274
704.267,0.990302046113481
704.587,1.3048694579582547
704.906,1.0053185557927726
705.226,1.1840875136060682
705.546,1.1534609569774945
705.865,1.1954939899896797
706.185,0.5589535225652869
706.505,1.3555501613752117
706.824,1.1633377701137566
707.143,1.011536000433451
707.463,1.0612944876829398
707.782,1.3665336629384577
708.101,0.7951641414340218
708.421,0.8100938019929373
708.74,1.322273865341985
709.059,0.8006476048179
709.378,1.3908175301585977
709.697,1.1335710852351961
710.016,1.4801494955204322
710.335,1.2726991830349672
710.654,1.088731195229492
710.973,1.3282905591943195
711.291,0.8527578527618604
711.61,1.3337798729560086
711.929,0.7697285694887195
712.247,1.1553315157360433
712.566,0.8145286644130728
712.884,0.788299445372381
713.203,1.4096277012707557
713.521,1.042131807700072
713.84,1.2071865490098677
714.158,0.9622979746363999
714.476,1.1681653104889318
714.794,1.0924498659896476
715.112,1.4285109401349139
715.431,1.1414842991555956
715.749,1.157567456673857
716.067,1.3640527025313178
716.384,1.066324954529954
716.702,1.1578569547861681
717.02,1.1046045900958013
717.338,0.8451352181339414
717.656,1.161683705480039
717.973,0.7176533628449802
718.291,0.7952428704206523
718.608,1.4118869574870587
718.926,1.0775756523843982
719.243,1.096858809561595
719.561,1.3303011972095342
719.878,1.094903773208173
720.195,0.9408455164550975
720.513,0.685684204701916
720.83,0.959549680620206
721.147,1.7763553350777426
721.464,-0.03887072152734341
721.781,0.7955579595773439
722.098,0.6806957783269421
722.415,0.7599548102145823
722.732,1.033940499757704
723.049,1.455254168264067
723.366,0.8312126718364128
723.682,1.1813186041593093
723.999,0.9616686363091985
724.316,0.6176741266960659
724.632,1.3561687697990552
724.949,1.927356290723173
725.265,1.2200672487511357
725.582,1.2353142222701408
725.898,0.9907709096126571
726.214,0.8764690993583313
726.53,1.3728288903600556
726.847,0.7025495098574177
727.163,0.8702766525281198
727.479,1.271181664530863
727.795,0.569920507336278
728.111,1.2028914667733344
728.427,1.2682963993556406
728.743,0.8198800497350714
729.059,1.2119266152851382
729.374,0.7923111989295913
729.69,0.7388620234291587
730.006,0.9579487604578291
730.321,0.7651885719515926
730.637,1.1913095103685283
730.952,0.8507066189512192
731.268,0.8569654690226282
731.583,1.1591642238023305
731.899,1.5328064318531494
732.214,1.420438820902627
732.529,1.039745312248759
732.844,0.7343039554498847
733.16,0.6625659991723585
733.475,0.43252929991575295
733.79,0.765745291154305
734.105,0.7339512868786477
734.42,1.4510279834520272
734.735,0.9461140235031642
735.049,0.8887591548596172
735.364,0.7890182656038913
735.679,0.8387213967614434
735.994,0.3406756840403695
736.308,0.9037647282748555
736.623,0.7760491006459324
736.937,1.1195612282731007
737.252,1.9301394465913004
737.566,1.242344565274135
737.881,0.9980724118342155
738.195,0.9608419257482461
738.509,0.8968551270856074
738.823,0.39402679409978725
739.137,1.344028096034185
739.452,1.1292110877967985
739.766,0.3860484115055458
740.08,1.801454525996922
740.394,1.239456826720791
740.707,0.740066250500071
741.021,0.26999973449605963
741.335,1.6040511804553497
741.649,1.582286770658335
741.962,0.7510815523090101
742.276,0.7167469785233544
742.59,0.8760707892686993
742.903,1.2019510142040841
743.217,0.19818633549883663
743.53,0.8284794482317837
743.843,1.0331992518725455
744.157,0.9260193693981432
744.47,1.219600977671521
744.783,1.1054518492710887
745.096,0.838038950094737
745.409,0.5133079387003513
745.722,0.10709118423164432
746.035,0.5464021066429676
746.348,0.7526320709401537
746.661,-0.060727304004169355
746.974,0.7718581997848222
747.287,0.8346773458531617
747.6,1.1922281308310947
747.912,1.2389390372481397
748.225,0.7260670722192905
748.537,0.8399614784149215
748.85,0.42146220969208553
749.162,0.5022358577190514
749.475,0.7862528653311621
749.787,0.5837129939938295
750.099,0.5739946456942856
750.412,1.7354516944110197
750.724,1.094500068751604
751.036,1.4183653538233147
751.348,0.49107981431697856
751.66,0.8144086529034836
751.972,0.9124108044638707
752.284,0.9870819953619663
752.596,0.6303654751136097
752.908,0.22350135410186045
753.219,1.2191136243520122
753.531,0.727529401799238
753.843,1.1737047475072455
754.154,0.3097575656874803
754.466,1.2261076589893762
754.778,0.9399349998576836
755.089,0.7095027599810391
755.4,0.1246625921428157
755.712,1.8047289380963725
756.023,0.8265903231461108
756.334,0.12058249897206516
756.645,0.24828759151345786
756.957,0.8892017149404358
757.268,0.6695055802032924
757.579,0.7053479926958705
757.89,0.4722056953952083
758.201,0.6522668415890295
758.511,-0.08262235133273876
758.822,0.5161237926015237
759.133,0.6884343408475253
759.444,0.8928452758749243
759.754,0.841736126001551
760.065,0.2849318368823492
760.375,0.22914907214218058
760.686,0.5217085093454056
760.996,1.2913692927094307
761.307,0.9781176558669343
761.617,-0.24811466465969964
761.927,1.1062655304168665
762.238,0.5961009803550452
762.548,-0.22846428231928245
762.858,0.940786929719828
763.168,0.6522141463849249
763.478,0.5129069850168129
763.788,0.739837001331504
764.098,0.5546030930603486
764.408,0.9679051399212629
764.718,-0.2263248216376554
765.027,-0.51258604834631
765.337,0.9163625120992527
765.647,1.2445352340951588
765.956,1.4336755845859597
766.266,0.36041555964399297
766.575,0.3211117298777628
766.885,1.186190684297652
767.194,0.1882564158943871
767.503,0.18824956964737838
767.813,0.9429582434139628
768.122,0.29783333620630326
768.431,0.9273244851654662
768.74,1.727442838178494
769.049,1.0146143080326024
769.358,0.9321235598290386
769.667,-0.04383320892477557
769.976,1.0869840927379975
770.285,0.10519271866040265
770.594,0.15920327047050845
770.902,-0.32759789988347887
771.211,1.0048344130724154
771.52,1.0707028422574827
771.828,1.1047629617278492
772.137,1.2517343012870918
772.445,0.8944823157800206
772.754,1.2937445942210004
773.062,0.9266936555487214
773.37,1.6147346322792322
773.678,0.6710133228849857
773.987,0.407599788335252
774.295,0.7373285457131901
774.603,0.32447004037266275
774.911,1.3172060461512742
775.219,1.2447336880381419
775.527,0.7512331730741125
775.835,-0.049838420097834776
776.142,-0.1199007104504862
776.45,0.952536611691506
776.758,0.9198801083090222
777.066,0.8273126899976939
777.373,0.7262940258036066
777.681,0.21215157535627138
777.988,1.476262602030665
778.296,0.14218037994697744
778.603,0.22779550214673808
778.91,1.3390102752399784
779.218,1.0780642279680135
779.525,0.21922315567865897
779.832,0.34188196455949926
780.139,0.5440312884340285
780.446,0.5806709351533814
780.753,1.137158443492549
781.06,1.3066977204046137
781.367,0.05599527671521169
781.674,1.055361130321599
781.981,0.6100883828282218
782.288,0.43213453102897287
782.594,0.8596671220784113
782.901,1.6357941863472658
783.207,0.7853687661996728
783.514,-0.20846358113753288
783.82,0.8084659909401706
784.127,1.0947700504593838
784.433,1.0281643693921958
784.74,0.5857084674586748
785.046,-0.06925330941035145
785.352,0.13434314555356827
785.658,0.3317274254647602
785.964,0.5118968994721311
786.27,-0.9828755739836152
786.576,0.5505484630882126
786.882,0.5374538089288716
787.188,-0.1570292719029579
787.494,-0.5135650044884379
787.8,0.3580482350237329
788.105,1.0819409771707547
788.411,-0.9991070504783317
788.717,0.4703374450943368
789.022,1.3958670887605107
789.328,-0.3076587782197326
789.633,0.2613121228478186
789.939,-0.27524178707802516
790.244,0.6973000737093568
790.549,1.6734686654569837
790.855,-0.5577238145217562
791.16,0.05205410765724656
791.465,1.056569639340733
791.77,-0.5666124536222507
792.075,-0.9129043353709041
792.38,1.1408034606224486
792.685,0.8913582899442032
792.99,0.01962095738256152
793.294,0.6408186084275532
793.599,1.482147607153946
793.904,1.0065222374033536
794.209,0.1591231834156627
794.513,0.043414005235135965
794.818,0.8987765887564988
795.122,0.5694232929917593
795.427,0.5988798530819992
795.731,-0.6778353688811143
796.035,0.18548464643702955
796.339,0.5002577427601774
796.644,1.6048840870224044
796.948,0.5713048164304815
797.252,0.471128606666061
797.556,-0.5422511234865997
797.86,-0.6115381332588367
798.164,1.3831660367533578
798.468,0.9371310744847089
798.772,1.0901998104713715
799.075,0.23986930657537203
799.379,-0.29568562004810656
799.683,-0.2872965771630076
799.986,-0.1126575627417098
800.29,1.95530327612563
800.593,-0.05105458920980275
800.897,0.025222989351923387
801.2,0.4690735690324385
801.504,0.8441360950426864
801.807,1.3046313905576747
802.11,0.48294530994299917
802.413,1.2354707532004963
802.716,0.3595518832749027
803.019,0.5187645070532991
803.322,0.9340784722183348
803.625,-0.7937003866085053
803.928,1.4760905558754074
804.231,-0.2389672619103358
804.534,1.4473310655785916
804.837,0.8006340806937128
805.139,0.5603450647877157
805.442,-0.11959488610271231
805.745,-0.5003567541341049
806.047,0.3073288029874437
806.35,1.016451349602376
806.652,1.8961040889836736
806.954,-0.5117964008240092
807.257,-1.0425208844738842
807.559,-0.4352711655187137
807.861,1.4033402158063544
808.163,0.20718910154091047
808.465,-0.21308491163812596
808.767,0.37390506699586523
809.069,0.8626998031299098
809.371,2.3111518046912924
809.673,-0.7148137780024185
809.975,1.183360448061082
810.277,-0.2867873844992706
810.578,1.1001597896675082
810.88,0.6599147495505552
811.182,0.32104909361755274
811.483,-0.43022418540612084
811.785,1.1271787247155531
812.086,0.549763056963346
812.387,0.5299720701720536
812.689,-0.1813144885906894
812.99,1.9020203951339656
813.291,0.8897688986648612
813.592,-0.3143750115804772
813.893,0.5182090589747564
814.195,0.7642066551550954
814.496,-1.5144973489053852
814.796,1.3478592890313512
815.097,0.7862709674633761
815.398,1.8265305901613087
815.699,-0.0041334079672139985
816,-0.4499082651307203
816.3,1.615900754040028
816.601,1.7134801491073954
816.901,0.3739032033748044
817.202,2.1832041128043302
817.502,0.7031498175751606
817.803,-1.6037142658900154
818.103,1.1030145557208746
818.403,-0.12483494773773493
818.704,1.6564506878356322
819.004,1.6900931144822988
819.304,0.421531206608396
819.604,1.3430961970824096
819.904,0.5712625463124528
820.204,-0.7982652528324287
820.504,1.820475571818101
820.804,0.33808302326414924
821.104,0.872677323818272
821.403,0.9021125138081568
821.703,-1.4931958994539942
822.003,-1.313721158747233
822.302,0.6836313342378844
822.602,-1.0696963854560575
822.901,2.2397446599125304
823.201,0.2980858257526823
823.5,0.08257151850369501
823.799,1.45510378659591
824.098,1.3677648309730406
824.398,1.7895136228833912
824.697,1.6328247214484475
824.996,1.4007335416364042
825.295,3.3306587804390593
825.594,1.6332580810969701
825.893,1.09263195306414
826.192,1.9731544652602095
826.49,0.2630340340159447
826.789,2.568021453347342
827.088,1.1814637330101518
827.386,-2.17579489516142
827.685,-1.530473539270197
827.983,1.4749870846789233
828.282,1.6015810704791709
828.58,1.9195746086857195
828.879,1.3035960185361672
829.177,1.4827101950006287
829.475,0.7175725374279112
829.773,1.319637693350789
830.072,0.625311129700328
830.37,-0.9934933563346552
830.668,-1.3358366271822355
830.966,1.4325765799170436
831.264,0.49322759161156204
831.562,-0.7950642367999778
831.859,2.5989696527814607
832.157,1.2363178649597828
832.455,-0.835306982899123
832.752,1.7023583493593373
833.05,-1.5043020987395268
833.348,0.7544562649230039
833.645,2.7818292439192134
833.942,1.3538782554616282
834.24,0.17174582171155559
834.537,-0.23217137593546355
834.834,-0.45362675983559536
835.132,-2.17415799714228
835.429,0.37283747121524485
835.726,1.7976873249502725
836.023,-2.1801938842027835
836.32,0.43967660131743475
836.617,0.6536238791122085
836.914,0.4638927363531319
837.21,-1.8826195276587223
837.507,1.9070616386860544
837.804,2.1351920125610113
838.101,-0.4613137126632345
838.397,1.133523938510544
838.694,-0.6223979058777729
838.99,-1.0547693075688227
839.287,2.7156570352115112
839.583,1.2746649107990118
839.879,2.139080159947053
840.176,-2.6407155429882385
840.472,2.393745811230032
840.768,0.19708121414586433
841.064,-0.7140010731068023
841.36,-0.21174716444605188
841.656,2.3437769533752584
841.952,1.4261819079949736
842.248,1.292031503272891
842.544,1.7122940317135444
842.839,2.9920950193551534
843.135,-0.6272103652512915
843.431,3.2386184890664405
843.726,1.9607249538309595
844.022,0.5400415632769874
844.317,0.3397120299973072
844.613,1.5572799399112636
844.908,1.908235576909148
845.204,0.06217089304917333
845.499,-0.9872750339096905
845.794,1.2496023955044062
846.089,-0.5874972789389634
846.384,0.2487421677314828
846.679,-0.7688110907584034
846.974,1.530347064923286
847.269,0.5631534722579683
847.564,0.5901004553835868
847.859,2.193949327880746
848.154,0.709467190518593
848.448,1.1982247785529925
848.743,0.4379894733011223
849.038,1.29916124202105
849.332,-2.8522791586966947
849.627,1.0459077758904007
849.921,0.730943131423329
850.215,1.0723641903921575
850.51,0.7292020182341495
850.804,-0.6798281119284734
851.098,0.2772654591094001
851.392,1.0593470966450056
851.686,0.16989352880432362
851.981,-0.2126423344893208
852.275,0.07616779685147428
852.568,-1.4766226430642913
852.862,0.5687261852309226
853.156,1.1428623768637103
853.45,1.7097738035042505
853.744,-3.2968009507513765
854.037,2.331244187657772
854.331,2.4462422940270763
854.624,0.9653140572013276
854.918,0.06859772557921684
855.211,-0.19850978155963442
855.505,0.44865163600881963
855.798,1.5202248840231234
856.091,1.8067546721510113
856.384,-0.7026529214420507
856.678,-0.23635452385339814
856.971,-1.2421156008070542
857.264,-1.9639264446466094
857.557,1.9744803313507326
857.85,1.1932140016559787
858.143,0.2699255850646546
858.435,-0.7193831763554633
858.728,-1.282225522131555
859.021,0.4939287683489523
859.313,0.4121864010161106
859.606,-0.5619268782411982
859.899,1.519498242079669
860.191,-0.8170096998534393
860.483,-1.1433866737311165
860.776,2.641490753504413
861.068,-0.28019622790668686
861.36,0.44912898742728574
861.653,-1.201357778023821
861.945,1.4804886332672762
862.237,-1.301891723040812
862.529,-0.31407492428169886
862.821,0.890890145251932
863.113,-0.9246577060291866
863.405,-2.971674234757666
863.696,-0.26625648237129784
863.988,0.13228908550885035
864.28,2.2019192808600154
864.572,-1.4138646401509714
864.863,3.7668108606096493
865.155,1.8562120313802002
865.446,-0.8348532594638697
865.738,-0.27871109881338385
866.029,1.4537539470848635
866.32,-0.37970868741359304
866.611,1.6248800802531864
866.903,-0.6235811039660828
867.194,2.2650296224088846
867.485,1.6766926697571038
867.776,3.5163559348693085
868.067,-0.6840258133806041
868.358,-1.9927305487745257
868.649,0.682082384325145
868.939,2.1598426690025905
869.23,1.144929094400377
869.521,-3.237446673114437
869.811,1.7895373998458772
870.102,-3.0712607798799505
870.393,1.0404758237265956
870.683,0.9657690592745691
870.973,0.6477159746619945
871.264,5.006229155016452
871.554,2.5465232600986525
871.844,0.7652370846687411
872.135,0.22909520362829974
872.425,-1.3481118443473594
872.715,-5.189361792252276
873.005,3.7055815791002105
873.295,-0.3127214141986459
873.585,-0.4907697789615432
873.874,-0.041669351634261886
874.164,5.831783668487186
874.454,1.994768628337188
874.744,3.292417495361915
875.033,-5.5193191974517255
875.323,-1.1623489291363094
875.612,0.042949732439337654
875.902,-0.4068985657343274
876.191,1.5853743646732181
876.48,-1.6637711684252938
876.77,1.0771426458782551
877.059,0.49540289418210515
877.348,-4.754709106628465
877.637,5.319813584699039
877.926,0.8886832152266293
878.215,-5.0045901353559685
878.504,4.983868799429915
878.793,-3.15814952620991
879.082,6.129209759630219
879.371,-1.7585460350761943
879.659,4.120341090972824
879.948,2.058767581795279
880.237,1.9365678477819317
880.525,-5.6553630573245295
880.814,5.229173967174631
881.102,-7.165390270144342
881.391,-3.408093967235739
881.679,-30.797318373005268
881.967,12.879464414956015
882.255,4.775195674047566
882.544,-3.399225625902881
882.832,-1.0812012133311415
883.12,-1.3578967839805332
883.408,6.725637650407102
883.696,3.3949319443357426
883.983,-0.16928560657404915
884.271,2.871229539267764
