153.834,0.0
154.224,0.73969389711562
154.614,-21.488903678343405
155.005,5.441022931743449
155.395,-0.5117857025269354
155.785,-0.414973347970818
156.176,-8.373043166623031
156.566,0.0
156.956,4.476015583731425
157.346,0.0
157.736,-1.2094625099915908
158.126,-5.136043249824176
158.516,0.6456725013812804
158.906,7.92723380639724
159.296,0.2088979214484612
159.686,-5.439807056328309
160.075,0.3349832470095859
160.465,0.39674609045738785
160.855,5.424034771347093
161.245,4.194537687739931
161.634,-5.65355044199202
162.024,3.3377597264100327
162.414,0.0
162.803,-1.3828778973350269
163.193,4.248393754403326
163.582,-3.7805766668891057
163.971,0.0
164.361,4.267267040133566
164.75,10.9027376666014
165.139,-4.513555720201246
165.529,-1.242132372125233
165.918,-4.733139624894079
166.307,0.0
166.696,1.654649363397838
167.085,13.031481961159626
167.474,-5.572716595775437
167.863,7.400734596053064
168.252,-5.932213263299109
168.641,7.11640713246714
169.03,0.0
169.419,-0.32735893438633035
169.808,1.17442221232797
170.197,4.394433812286965
170.585,0.2731073139350747
170.974,4.635335175543702
171.363,9.290633783498242
171.751,16.81472142386592
172.14,-1.4824972443702442
172.529,4.045200639254393
172.917,-7.49468837534688
173.306,0.9360269329458633
173.694,-1.5994396614851336
174.082,0.0
174.471,-7.376501357219778
174.859,0.0
175.247,0.8093524764924366
175.635,1.2543339047396722
176.024,-17.289255971476432
176.412,9.17355408349178
176.8,-0.32317197723140134
177.188,-1.441302286693167
177.576,-11.245506270769097
177.964,0.0
178.352,0.0
178.74,2.1224671681897656
179.128,1.093186495617352
179.515,6.722446631421634
179.903,0.6300277525744882
180.291,-1.035071330832201
180.679,-0.29149505485569727
181.066,-12.57398891216662
181.454,0.0
181.842,0.0
182.229,10.915456381566369
182.617,6.425884483916028
183.004,1.8616884424974323
183.391,2.538577031407427
183.779,2.7985983476862573
184.166,0.6146183910518128
184.554,-7.378949059416272
184.941,7.220327636192021
185.328,0.9218789133202296
185.715,12.935453260399857
186.102,-5.392413347294315
186.489,-7.768396632785784
186.876,0.0
187.263,-2.026404443573764
187.65,-21.62806226485215
188.037,3.6030818343928215
188.424,-4.222810348688149
188.811,-0.021281003643381424
189.198,0.5002234330010693
189.585,-0.08967057503742011
189.971,-0.16362286160821182
190.358,-4.900431772893486
190.745,3.868134552546473
191.131,1.6060198080977943
191.518,5.269755125261767
191.905,1.7449855477068288
192.291,-0.8280620861808787
192.677,5.14752076595928
193.064,1.556645462161486
193.45,-3.1736853868501584
193.837,2.585743006463215
194.223,1.7764370955272935
194.609,3.7610285308404006
194.995,0.8886170180158756
195.381,0.5239936099208371
195.768,-0.3347150369515075
196.154,3.1061867496400195
196.54,-3.628886755937152
196.926,-3.630927206752301
197.312,2.6440789350924767
197.698,-2.014047086849942
198.084,4.415991848262346
198.469,-0.565447564584976
198.855,3.944126095996371
199.241,0.9700296404255898
199.627,1.1981428189537353
200.012,-4.8064706281894765
200.398,0.21263475363398
200.784,0.5986957619606746
201.169,-1.274491623691853
201.555,-1.09456990873454
201.94,1.7658368570234617
202.326,-5.3377082454740075
202.711,5.112365080574334
203.096,-1.6358297749583466
203.482,3.0356265480054283
203.867,1.2539793865337039
204.252,2.319789085992155
204.637,0.25913832625774086
205.023,-9.776015099665456
205.408,4.968442795486292
205.793,-1.6288979606373095
206.178,2.632457064497913
206.563,-4.234672402923135
206.948,0.8831617120713614
207.333,-3.493444611802862
207.718,-4.4483210293824635
208.102,-1.0243374159948988
208.487,-0.6129137187537175
208.872,-0.49775872123753445
209.257,2.6795831014847593
209.641,1.7572291103446558
210.026,0.3051174401991955
210.41,1.9065547376358258
210.795,-1.3373653931283809
211.18,1.3074785838883494
211.564,-1.6155288597370379
211.948,-2.515560494843883
212.333,0.8093548907383775
212.717,-1.3908762751364718
213.101,2.598785821649249
213.486,1.3455041819803752
213.87,-5.795786761351348
214.254,-8.6303073680835
214.638,0.9687819750205833
215.022,5.539734911449288
215.406,1.501288022508477
215.79,-4.0869970123761625
216.174,3.042882387680627
216.558,-3.0066877916866925
216.942,2.0609327735776373
217.326,-2.7511559508548116
217.71,-0.34416990522048646
218.094,4.52529239815204
218.477,-1.8800534761707066
218.861,0.45461027063531245
219.245,-2.3896171041632694
219.628,7.699059246951858
220.012,1.537477518033848
220.395,-2.2579099423046842
220.779,-2.2610229993411046
221.162,-1.3650205748131905
221.546,-1.762257475940216
221.929,-3.908244477805784
222.312,3.6815266211608733
222.696,-2.869358686499471
223.079,-0.2127038798056859
223.462,1.293858583196629
223.845,1.5022728196738044
224.228,0.8454208454431715
224.611,-3.0786947729575815
224.994,-0.5308841698574301
225.377,-3.9217269048502885
225.76,4.4830865818754155
226.143,0.7988229802333204
226.526,1.7328955411320268
226.909,0.8035972493932279
227.292,6.93551498235031
227.675,-0.15328512689395754
228.057,-0.8653141452818112
228.44,0.5006626360409454
228.822,1.4808755073326043
229.205,-3.4553707617026324
229.588,-1.868813098961824
229.97,-11.267640933262024
230.353,0.12265198651716233
230.735,3.599894038920129
231.117,-6.054332667518435
231.5,-5.4978797161208
231.882,-0.3516244442308031
232.264,-3.5570610260926454
232.646,-0.7720405219061077
233.029,2.177480598723878
233.411,-1.3922953818151511
233.793,0.49929465377258003
234.175,-0.3871164501736824
234.557,-2.1837798887516806
234.939,-4.394154487052881
235.321,2.033073421732134
235.703,0.2107617911475697
236.084,1.4869911441614725
236.466,2.2237933077739065
236.848,-5.771156705663202
237.23,1.7910923469413722
237.611,-2.4134900069177183
237.993,0.14102396597930117
238.375,7.491177004040793
238.756,4.665588761078909
239.138,-2.850599820742011
239.519,-1.9032888893726416
239.901,5.694633391173406
240.282,-5.952708519808121
240.663,0.7150811167196602
241.045,3.9888476799849024
241.426,3.191869954158871
241.807,0.8828974678295063
242.188,1.9577486883619317
242.569,-1.1857714920683282
242.95,3.7995940307706038
243.332,-5.45080161742763
243.713,-6.6366566564069025
244.093,-4.05588163433598
244.474,-2.144065606319879
244.855,-3.3638067224301342
245.236,1.256847100006681
245.617,2.827282476319282
245.998,1.5763923589157263
246.378,-2.592956589646224
246.759,1.676314161431934
247.14,3.4128871324665786
247.52,-5.03042959732154
247.901,1.1071292299888194
248.281,2.826878886655163
248.662,2.7988960579364797
249.042,-0.14768243428824485
249.423,4.737985242812925
249.803,-0.4553418647959637
250.183,2.2671046728086477
250.564,-3.2342619359491156
250.944,-0.5470373346593158
251.324,3.635928741868635
251.704,-4.4381076640421195
252.084,0.42572185496048676
252.464,1.063876473888773
252.844,-0.8882726827789241
253.224,3.818975755438996
253.604,5.8611696464002145
253.984,6.670565550719885
254.364,-0.23010177797183767
254.744,3.7137428770239027
255.124,2.545098588242081
255.503,2.154076195612789
255.883,2.203205700400801
256.263,4.303704232112902
256.642,1.8202636474992655
257.022,0.6822548933229786
257.401,-2.015316751856728
257.781,-10.563908207583324
258.16,2.751073501120554
258.539,-1.033929883617056
258.919,-1.0144244357473757
259.298,-5.299905073629851
259.677,-2.184211071739119
260.057,1.921246280843582
260.436,2.596254038547461
260.815,1.6273110350037971
261.194,-3.9537789461334274
261.573,9.018274611978248
261.952,0.3274558235526929
262.331,8.865633910203888
262.71,-3.560730680365298
263.089,2.7031745673122933
263.468,-0.8319919597386292
263.847,-0.3050318929872839
264.225,0.8210974376620931
264.604,-2.3521209080885783
264.983,-12.950993191342361
265.361,1.9043997835442066
265.74,-5.488432122449155
266.118,-2.4939857825542466
266.497,0.3517111162339057
266.875,0.5141493977247981
267.254,-1.4842172077048665
267.632,1.4698866104096309
268.011,-3.1771900325591784
268.389,5.447643347722441
268.767,-0.663166598153174
269.145,2.0267450054118923
269.524,3.6592584114769573
269.902,2.2727770137863232
270.28,-0.41658901981498153
270.658,1.9620341327922945
271.036,-1.1777176839769288
271.414,3.4167638686378665
271.792,3.2207506779665973
272.17,1.493722102935922
272.547,3.58328639429344
272.925,0.7293858250097389
273.303,-2.1276116852471145
273.681,-1.1966008664333725
274.058,1.8890420582809913
274.436,3.9972559661726
274.814,1.021877524223937
275.191,-4.095841207718146
275.569,4.505634661536579
275.946,2.583155402348355
276.323,4.904809472882099
276.701,-0.8445799799485127
277.078,-4.712175796253423
277.455,-3.1471603715077032
277.833,-2.7153834604892535
278.21,0.9061052822285618
278.587,2.7101510567936575
278.964,-2.55101653538396
279.341,-13.13117265668487
279.718,0.19401227388055434
280.095,-2.896892678689538
280.472,1.9885858156465641
280.849,1.9372970833779264
281.226,1.7107034594420611
281.603,-0.0014785023412561306
281.98,-1.2294562145676986
282.356,-3.875490499064908
282.733,-0.8139635598528148
283.11,-3.750794765112846
283.486,5.935702823531604
283.863,-2.1708230049143267
284.239,2.3036423412251668
284.616,-3.766661827029989
284.992,-1.6690475566700738
285.369,1.157748859000674
285.745,-0.9653045352905743
286.121,-0.29749948675894017
286.498,3.733394006571573
286.874,3.22792430774294
287.25,3.688713238272382
287.626,-6.350230028409862
288.002,4.854701673613973
288.379,5.204750644315875
288.755,3.241063339479065
289.131,1.3303720344335572
289.506,0.2731434077048048
289.882,2.070724220038666
290.258,1.6382545733144782
290.634,-0.9078943458265357
291.01,-1.2224522360290342
291.385,0.2760869763811023
291.761,1.054857943669703
292.137,2.357076830357481
292.512,1.4685641030663743
292.888,4.192676266934251
293.263,3.5222346162468186
293.639,1.2370556761644207
294.014,1.1079589311299742
294.39,-3.4039926506667286
294.765,-3.3537017898148815
295.14,2.8789694550256653
295.516,0.8312504069670955
295.891,-0.49447172794394256
296.266,-1.4483900745186404
296.641,-1.9129913950404558
297.016,0.3326227537075326
297.391,-0.9918337670395198
297.766,1.080637321698718
298.141,-2.3004795302689462
298.516,-0.5499900147145501
298.891,0.6034553745321086
299.266,1.8411522325104386
299.641,-7.141497015206173
300.015,0.5303587119053357
300.39,-1.3028802646399507
300.765,-1.1496649873517075
301.139,-0.7865298537159254
301.514,-0.7321647841433344
301.889,0.8028955274354794
302.263,1.4578117130959036
302.637,-0.36141377446303974
303.012,0.45905505158967735
303.386,1.7377212785261047
303.761,1.0970123980620923
304.135,0.3636821096036855
304.509,1.9610548182112262
304.883,1.8186217030223295
305.257,2.7735157050455945
305.632,0.4555724867256067
306.006,-0.6186758674225741
306.38,-0.26139874606176655
306.754,2.7619395554368693
307.128,-0.7819206718724954
307.501,-1.8509745706385998
307.875,-0.5874055312093375
308.249,1.7716372719241413
308.623,-2.0482649173264664
308.997,-1.8962621655650742
309.37,0.29173541241716966
309.744,-3.838357548848264
310.117,0.5990807536955909
310.491,0.30639880705228884
310.865,-2.4090359056391497
311.238,-1.1662529536469635
311.611,-5.888748804848422
311.985,3.3830547669831224
312.358,2.004507714169793
312.731,2.9234559220517053
313.105,1.6948856681694044
313.478,1.950734973514106
313.851,3.887350684247563
314.224,0.2129704690378062
314.597,3.2767099064962086
314.97,2.835978549333051
315.343,2.9927770645241285
315.716,4.425646452913014
316.089,-2.888111636250711
316.462,-0.07806743007601888
316.835,1.4157318081425563
317.208,-0.7666440308003201
317.58,2.956205128933044
317.953,-2.4923322032050956
318.326,1.7296309492450173
318.698,5.5848102615069095
319.071,2.735464657831471
319.443,0.006739983494934553
319.816,-17.21365358831919
320.188,-0.48497017506573414
320.561,-1.023377383410641
320.933,-1.998297798090846
321.305,2.310066550906069
321.678,3.6934753917453333
322.05,-2.8984928783417545
322.422,4.956591155887011
322.794,0.6419437872309178
323.166,0.9682688854666647
323.538,-1.3725338158421805
323.91,-0.7979341745826487
324.282,-1.2605771447730112
324.654,1.1887721858950735
325.026,-0.3985454779436757
325.398,-9.94225327406194
325.77,-6.281110882443295
326.141,0.7898070516298268
326.513,1.893314289564856
326.885,-1.0783747581187642
327.256,3.6577867682327225
327.628,6.798952178174119
327.999,1.5667237881285743
328.371,0.007630715737399277
328.742,2.02622948080164
329.114,-5.425229244368453
329.485,3.072901714840203
329.856,-4.923341951721195
330.228,-0.2070978400211459
330.599,0.7415238057341041
330.97,-0.0014048634963111095
331.341,-0.44129075024238434
331.712,-1.2736871830844776
332.083,-3.987925428060977
332.454,3.5000906515927537
332.825,3.0588314198269444
333.196,6.31993835633811
333.567,2.419576351786446
333.938,0.532756421448388
334.309,1.7056969166380418
334.679,2.2249512650426477
335.05,-1.7159102468165883
335.421,-1.9449629108914328
335.791,1.58574976560053
336.162,-0.8743353587643562
336.533,-2.3733810397748436
336.903,-2.576026931582475
337.273,-1.2737284488812588
337.644,-0.042723153658050086
338.014,2.149658400955751
338.385,2.9909091332821887
338.755,-0.6372234487820351
339.125,-7.861563464970849
339.495,3.694995159734723
339.865,0.4651391445670622
340.235,2.618795643816142
340.606,4.9241227212681915
340.976,-0.8707001467174262
341.345,-1.3188791265340165
341.715,-1.8378554134576213
342.085,2.4195866092241283
342.455,1.014627932829978
342.825,-0.6661582906777014
343.195,-0.8691033466463582
343.564,0.5247339443074815
343.934,-0.45434364549104606
344.304,1.366084998453921
344.673,-0.9192486472018028
345.043,1.129255424369154
345.412,-6.913184006592673
345.782,-4.917364939677457
346.151,-1.137788529003575
346.52,-3.1792243290316637
346.89,-2.4418189413966194
347.259,-1.1366699456384162
347.628,-2.3512863965376467
347.997,1.0144570421540602
348.367,-6.22746276054078
348.736,0.5454109422291686
349.105,0.13996222115404708
349.474,2.5009166446922313
349.843,2.221815304263771
350.212,-3.1489921828393364
350.58,1.8262873784123375
350.949,0.7923395852592287
351.318,0.9272398105941064
351.687,-1.522443706130008
352.056,0.8673417631796001
352.424,0.6128262792422726
352.793,-0.02601745289169065
353.161,-2.0894008127061143
353.53,2.8900834604441656
353.898,4.931869077730665
354.267,2.767291880797251
354.635,-8.160322538437423
355.004,-2.0295364671606966
355.372,-1.97825346158628
355.74,-1.401101779919725
356.108,-1.9682972985158607
356.477,-0.02414637102424995
356.845,0.3875582285069535
357.213,0.7075366431435431
357.581,-1.5841910270484663
357.949,4.5256404810955715
358.317,0.5191645966475583
358.685,-1.4913534415920833
359.053,-2.847465032540218
359.42,-1.8636231646398558
359.788,2.9735330453451363
360.156,-2.059606221805803
360.524,1.8377195315213666
360.891,0.8203993371457611
361.259,-2.3229405496807227
361.626,-0.4185533289113819
361.994,0.5641257417683976
362.361,6.560253035958739
362.729,-0.4754963007160036
363.096,-4.964324451329302
363.464,-2.0629530921638217
363.831,-0.4877397369892545
364.198,0.696342589133522
364.565,-1.446517808365159
364.932,-2.7368270508561214
365.3,-4.555695339354312
365.667,-0.24377163712314898
366.034,0.1715523392139917
366.401,-2.7426109780442522
366.768,3.8628754918968418
367.134,-2.670002563217902
367.501,4.956012293886914
367.868,-6.865155651540736
368.235,-0.017363619668179384
368.602,0.9238991603808827
368.968,2.086168080248623
369.335,2.864701808560754
369.702,-0.12298316246242105
370.068,3.2588317585273274
370.435,-2.7214690463836306
370.801,0.5269763468015484
371.167,-2.187003465082488
371.534,1.1292848744103863
371.9,1.40180510707077
372.266,-1.068200953065455
372.633,-0.34735181781862584
372.999,3.2002075964782493
373.365,0.785803592372821
373.731,3.0588464345318687
374.097,2.103208516485167
374.463,-0.0370115339745482
374.829,3.8755284461686204
375.195,-3.0529702646698493
375.561,0.7232168614648665
375.927,0.040776040294638174
376.293,1.1080877693410676
376.658,0.45080114833086915
377.024,2.118417564252164
377.39,5.033226659193537
377.755,1.6022138840487132
378.121,1.2826979836642696
378.487,3.4682228796462713
378.852,0.7620951299300444
379.217,2.9708815647489986
379.583,-3.0470389426765503
379.948,2.753769983858455
380.314,-0.026033645820859715
380.679,-2.4348705573347176
381.044,1.0556393585503667
381.409,-1.750021521058719
381.774,1.1315929821570094
382.139,1.8717336526670567
382.504,-0.901550351272013
382.869,4.173307941643966
383.234,3.4271875277339685
383.599,2.9081669589725485
383.964,-1.7262523456250158
384.329,0.6045648775726639
384.694,-0.14430542297051735
385.058,2.4011102845926473
385.423,-2.8029984975066182
385.788,2.358161826811928
386.152,-1.406267368554416
386.517,1.7859278882317384
386.881,0.171680139270259
387.246,-0.668350200418806
387.61,4.259445367647844
387.975,-2.6351295575454894
388.339,0.4241467816296583
388.703,-0.37729294792065665
389.068,-0.10280803442596628
389.432,3.4094391633344254
389.796,0.35311614517285805
390.16,1.9485122266452426
390.524,-2.6700623437335747
390.888,0.01021311129006404
391.252,2.0914453486973383
391.616,4.579006224847841
391.98,4.363859830073405
392.344,1.2420605236817022
392.708,4.2238346943995095
393.071,3.316404034401878
393.435,-0.7770840180792753
393.799,0.34946375095762366
394.162,2.446855188901843
394.526,-0.7815390063670558
394.889,2.7498880749872314
395.253,3.0219014964903668
395.616,2.4965287601331285
395.98,5.744214651520156
396.343,4.352845029154907
396.706,2.267938407253235
397.07,0.24289164081208903
397.433,2.1261690282854375
397.796,2.887173025488106
398.159,0.12086750022704242
398.522,2.289090878981857
398.885,5.620874063351861
399.248,4.32958084463123
399.611,0.8611587865212582
399.974,3.042034820988324
400.337,3.010395296515297
400.7,4.023442389793765
401.063,4.204286879625585
401.425,3.126247511929102
401.788,5.0299187100859575
402.151,1.1149806565897664
402.513,3.321892601690605
402.876,3.3957973266488546
403.238,0.5342060447644192
403.601,1.363310155192007
403.963,3.66673117073909
404.325,4.214639369226522
404.688,2.944406192441576
405.05,2.122583740571248
405.412,2.7738772361057262
405.774,2.3438504063016956
406.137,0.15038542198548552
406.499,1.755204152872896
406.861,-0.25551560295611325
407.223,2.3188610432508745
407.585,1.405884057602823
407.947,1.986782454646982
408.308,5.04738994548775
408.67,4.876829051582443
409.032,2.6405904779183946
409.394,4.651123628925545
409.756,4.754085018521544
410.117,3.796299367132558
410.479,5.61968088824309
410.84,5.477126311665459
411.202,1.8554801321361662
411.563,3.9688955446785523
411.925,4.346919760138895
412.286,5.478184747582894
412.647,3.3813916285622296
413.009,5.343378016601165
413.37,6.387420184400983
413.731,6.338448471379182
414.092,5.482155101874071
414.453,8.198211061312964
414.814,8.037575397930647
415.175,8.32207455876638
415.536,10.342458733090137
415.897,10.764087782753531
416.258,11.368493592329145
416.619,11.194021893465193
416.98,11.106010008408363
417.341,10.906051145746666
417.701,11.581435889972745
418.062,12.704525441374857
418.423,12.952570046640194
418.783,12.797611892050968
419.144,13.085228442237684
419.504,13.003561600474281
419.865,12.74383593674941
420.225,13.442121204472327
420.585,13.156855092170693
420.946,13.008678481954886
421.306,12.368630683704252
421.666,13.400443861118
422.026,13.254788887426932
422.386,12.836515627026197
422.746,13.107098409148197
423.106,13.060495977950826
423.466,13.505428951188154
423.826,12.713130941524973
424.186,13.21044599436347
424.546,12.368081316670242
424.906,12.874922729459255
425.266,12.06100693505661
425.625,11.995184389264868
425.985,12.389152290332092
426.345,11.40188438793509
426.704,11.270760221236518
427.064,10.811994859904091
427.423,10.98880731536399
427.783,10.580166024921446
428.142,11.286279165664768
428.501,10.242313879087583
428.861,10.116681339169855
429.22,10.627436072770562
429.579,9.853377125007883
429.938,9.571407348806996
430.297,9.539547622457757
430.656,9.391940031323829
431.015,8.826752568290743
431.374,8.645039963959782
431.733,8.353714687500425
432.092,8.438616218590026
432.451,8.04000315390965
432.81,7.785017570539358
433.169,7.6240079388660495
433.527,7.099445723409314
433.886,7.706319351858971
434.244,7.242574167529208
434.603,7.040463514905043
434.962,6.759704978620654
435.32,6.61099656939016
435.678,6.313312036256103
436.037,6.372513709920594
436.395,5.840354537201053
436.753,5.859312666121273
437.112,5.895583375675577
437.47,5.773640884589302
437.828,5.7826987096959845
438.186,5.587309165961726
438.544,5.3012128767988465
438.902,5.09599842879711
439.26,5.05463647377311
439.618,5.197591586734576
439.976,4.992547017858083
440.334,4.831327366401904
440.692,4.552534367212256
441.049,4.681181568938815
441.407,4.7782761935508935
441.765,4.3246198109671115
442.122,4.1759507572409795
442.48,4.112445210127314
442.837,4.324205842231934
443.195,3.8998886227785987
443.552,3.8888648607886025
443.91,3.708466072403254
444.267,3.4667880703218525
444.624,3.4694748755188805
444.982,3.158504119251114
445.339,3.4831272182266058
445.696,3.6267449750807277
446.053,3.2125919591935292
446.41,2.859352076061011
446.767,2.5365886519649945
447.124,2.777831343815972
447.481,2.5846579644755514
447.838,2.5914829317521026
448.195,2.6655944648341667
448.552,2.5178169723710377
448.908,2.6571355250808306
449.265,2.500115327642576
449.622,2.594787269444157
449.978,2.670445395279096
450.335,2.3807781772875316
450.691,2.3870886215200224
451.048,2.428304608398458
451.404,2.2208996235765253
451.761,2.232339152087925
452.117,2.1096255674594957
452.473,2.1353599107212777
452.829,1.810087012079816
453.186,2.176806748313058
453.542,1.7276273504374762
453.898,2.0528729996662176
454.254,2.0401077015620954
454.61,1.8214700515824722
454.966,1.784990811482466
455.322,1.7414446309254175
455.678,2.2917390013177146
456.033,1.622776313044326
456.389,1.3391307218098467
456.745,1.7746737126801642
457.101,1.732800692141858
457.456,1.7725606211767602
457.812,1.5472888885516505
458.167,1.656380880805021
458.523,1.6287253545603593
458.878,1.7127321538698912
459.234,1.5119294970541017
459.589,1.3424352258758625
459.944,1.7193747705159717
460.3,1.9090638894923293
460.655,1.3920989119880165
461.01,1.4300843246874426
461.365,1.3285584084467503
461.72,1.2136418112697132
462.075,1.370276793171778
462.43,1.2030481441784548
462.785,1.267101925299161
463.14,1.2954202241675026
463.495,1.5211152468699074
463.85,1.2576346650193908
464.205,1.1253052982247431
464.559,1.2247453081152804
464.914,1.1287021186625807
465.269,0.9381073106640114
465.623,0.9403820380832059
465.978,1.020752800709555
466.332,1.0716081155907755
466.687,1.1893393597226778
467.041,0.847249694844195
467.395,1.104389913152277
467.75,1.1479615674003292
468.104,0.7628639600009797
468.458,0.8184453183771471
468.812,0.6014144850039105
469.166,0.7200853275064647
469.52,0.8532255723090005
469.874,0.9082140854203008
470.228,0.7596673702918767
470.582,0.7913242478765167
470.936,0.7815054517978525
471.29,0.8040534674725069
471.644,1.1630169971062394
471.998,0.7043410494572575
472.351,0.8991893505087528
472.705,0.8987482982200565
473.058,0.7611435035319913
473.412,0.5272454151721707
473.766,0.7577946992920734
474.119,0.5673743417795752
474.472,0.6726813826735716
474.826,0.6911890487814176
475.179,0.8855672699346271
475.532,0.784131067892089
475.886,0.5896036752119093
476.239,1.1202140293483085
476.592,0.6038427151971232
476.945,0.6390027189527077
477.298,0.5985382357649222
477.651,0.5802637265845478
478.004,0.6611097459260539
478.357,0.3513846621587074
478.71,0.2414477315719874
479.063,0.3630232989037889
479.415,0.4491458531996992
479.768,0.8068055829335393
480.121,0.22510690650496165
480.473,0.461019517068838
480.826,0.672051245831519
481.179,0.4781190823108287
481.531,0.3477439323588346
481.883,0.41325328084037793
482.236,0.588096165315923
482.588,0.6296652412225703
482.94,0.8865094108551208
483.293,0.13742352538666933
483.645,0.009017284805537077
483.997,0.4805147533642449
484.349,0.5909017138499828
484.701,0.56262127726306
485.053,0.4076915657758139
485.405,0.19476871566848497
485.757,0.36763539283585295
486.109,0.08483730595199399
486.461,0.4500829976103988
486.813,0.4291494877660294
487.164,0.5672641946279833
487.516,0.2662969781354344
487.868,0.1870546663474289
488.219,0.33974045062720915
488.571,0.4830990444860083
488.922,0.5951008893618481
489.274,0.3350705595122545
489.625,0.18093355120081292
489.977,0.12698081264755728
490.328,-0.0960724360928122
490.679,0.25110513857651784
491.03,0.1475922274990335
491.382,0.189418447775713
491.733,0.34088226634780194
492.084,-0.032823682138910786
492.435,-0.16752885838407788
492.786,-0.020161661345356786
493.137,0.011042372078210731
493.488,-0.0814135802861573
493.839,-0.2967947887054492
494.189,-0.0604671087703791
494.54,-0.009519087546005998
494.891,0.20132434740353072
495.242,-0.4120563924467494
495.592,-0.11685015229339198
495.943,-0.17037517506513955
496.293,-0.14354502025871096
496.644,0.14743021133317893
496.994,-0.25803491468751594
497.345,-0.0610152014897535
497.695,-0.5955946162803315
498.045,-0.0521282694038969
498.395,-0.4958887637200486
498.746,-0.05494093862757281
499.096,-0.23910692109870993
499.446,-0.323962068635405
499.796,-0.45695806899324776
500.146,-0.4932247967553061
500.496,-0.5808399204858503
500.846,-0.3899899316607277
501.196,-0.3927936659850445
501.545,-0.5517335625249412
501.895,-0.29248486862892664
502.245,-0.2830477636557791
502.595,-0.19170644027757314
502.944,-0.3519659393324825
503.294,-0.5218156221091389
503.643,-0.4371895601537039
503.993,-0.5894099251238836
504.342,-0.45402385537878015
504.692,-0.35757978925339234
505.041,-0.5379753578708368
505.39,-0.3472479867740075
505.74,-0.21777805989023752
506.089,-0.6238447564700784
506.438,-0.44617716423674364
506.787,-1.1072455334312687
507.136,-0.5661150169751458
507.485,-0.7926472991556843
507.834,-0.5060321957094751
508.183,-0.5562217069276912
508.532,-0.3851942985011957
508.881,-0.30465168497926676
509.229,-0.9465023446027926
509.578,-0.753823879973561
509.927,-0.47556929999594766
510.276,-0.8055981352069166
510.624,-0.6440664790740428
510.973,-0.8871189340261124
511.321,-0.9110963094109468
511.67,-0.2988546483405031
512.018,-0.904928040598243
512.366,-0.6335977429483123
512.715,-0.9264968597317453
513.063,-0.8961625552544891
513.411,-0.6402832649498991
513.759,-1.0038593523567778
514.107,-1.1093722316879593
514.456,-0.9795318220822944
514.804,-0.8372271776101469
515.152,-0.7861540167198307
515.499,-1.1533136161694253
515.847,-0.7912200391673034
516.195,-1.165389741606253
516.543,-0.9871958361351068
516.891,-1.0470347991789652
517.238,-1.1548586227224913
517.586,-1.128974332115163
517.934,-1.08996499905893
518.281,-1.1305215562358615
518.629,-1.0616544690249712
518.976,-0.8726645713024033
519.324,-1.1795665726407978
519.671,-1.1937519929244285
520.018,-1.2042916354584854
520.365,-1.2237038113611376
520.713,-1.1693647390670956
521.06,-1.156562396041199
521.407,-1.2434967376074866
521.754,-1.1372630873012377
522.101,-1.2741696818943338
522.448,-1.3228344137256522
522.795,-0.9349171857522284
523.142,-0.9724456874758708
523.489,-0.956323794332568
523.836,-0.8878432037621332
524.182,-0.9416146971269775
524.529,-0.7169660020664652
524.876,-1.0575961193561596
525.222,-1.187980096379035
525.569,-1.1641722562563983
525.915,-1.4440545610906725
526.262,-1.241416552652006
526.608,-1.2859687376814546
526.954,-1.213702815388258
527.301,-1.212307959184291
527.647,-1.0679861164058915
527.993,-1.1945010530142968
528.339,-1.2268094048428793
528.686,-1.3711703000703852
529.032,-1.339465764477239
529.378,-1.2514543682181023
529.724,-1.0773624400915391
530.07,-0.8722437355599094
530.415,-1.0127502160123523
530.761,-1.3530347852260747
531.107,-1.120128481223212
531.453,-1.0683556088799893
531.799,-1.1438112046707927
532.144,-1.3406421327241798
532.49,-1.0334101144257255
532.835,-1.3097905667911005
533.181,-1.3341668324516072
533.526,-1.4464011538433084
533.872,-1.2392320043788339
534.217,-1.2028991042335402
534.562,-1.248066438932397
534.908,-1.1411770129674421
535.253,-1.1273527339909324
535.598,-1.1943711322091835
535.943,-1.1173126761582683
536.288,-1.288548257259812
536.633,-1.192825905099394
536.978,-1.242931678279453
537.323,-0.9292437980337047
537.668,-1.1591348929252066
538.013,-1.3127419492870054
538.358,-1.227011183848169
538.702,-1.2278420820398321
539.047,-1.179735007572825
539.392,-1.096051871847106
539.736,-1.1135676468884874
540.081,-1.1569526503745828
540.425,-0.9291022455545999
540.77,-1.0148095267719608
541.114,-1.0347746903631663
541.459,-1.2117251939814617
541.803,-1.0885871730912982
542.147,-1.0308695214447978
542.491,-1.275996475845026
542.835,-1.2515435441132408
543.18,-1.1116351566501967
543.524,-1.122428594565828
543.868,-1.283263362132756
544.212,-1.1404603370027857
544.556,-1.034918200360983
544.899,-1.1456570446501881
545.243,-1.126792074119127
545.587,-1.143969376431756
545.931,-1.2527443371973597
546.274,-1.1270238914849589
546.618,-1.0448687207132648
546.962,-1.1448696841388881
547.305,-1.1775995837931923
547.649,-1.2024556677091514
547.992,-1.3452237867924102
548.336,-1.1805134856633805
548.679,-1.1116586206335748
549.022,-0.7544265366950093
549.365,-1.1572683474942327
549.709,-1.104932425406027
550.052,-0.9665452657788901
550.395,-1.1659016764976888
550.738,-1.0291258196423694
551.081,-1.3811179893319452
551.424,-1.0833538699730274
551.767,-1.0687863701934552
552.11,-1.0743395778464129
552.453,-1.646481147507271
552.795,-1.2053027756798054
553.138,-1.201778010979742
553.481,-1.2408866721526972
553.823,-1.0652674152357635
554.166,-1.216898398128065
554.508,-1.031315961881347
554.851,-1.4518677716679778
555.193,-1.2232754864280995
555.536,-1.1101734438868252
555.878,-1.182681451671254
556.22,-1.0525371942035895
556.563,-1.1415319926132457
556.905,-1.2860519421726737
557.247,-1.2209712449517935
557.589,-0.8995258626067187
557.931,-1.3187704052677212
558.273,-1.0341543149747279
558.615,-1.0403045833204507
558.957,-1.1800054920629932
559.299,-1.2678594646289325
559.64,-1.220765898349432
559.982,-0.7435089628794406
560.324,-1.075125707851683
560.666,-1.0192233567633433
561.007,-1.1572930030680075
561.349,-1.3020941736901084
561.69,-1.3505360700968478
562.032,-1.0969934674745287
562.373,-1.3963895601301786
562.715,-1.2534330706177583
563.056,-1.0222324737642294
563.397,-1.1046999893899725
563.738,-1.0551492084237069
564.08,-1.349364321043756
564.421,-0.9978177238357742
564.762,-1.1289749074193258
565.103,-1.3389222550691215
565.444,-1.3370531965495982
565.785,-1.115268382203447
566.126,-1.105193706373019
566.466,-0.9920215518507979
566.807,-1.1700184592405314
567.148,-1.3344001698199381
567.489,-1.1414258348034487
567.829,-1.3017223571294458
568.17,-1.239884392667364
568.51,-0.9843942216535785
568.851,-1.098878995941824
569.191,-0.9860677290146107
569.532,-1.058834322981607
569.872,-1.2211678604686695
570.212,-0.9432450024846694
570.553,-0.7798817117842142
570.893,-0.8731317241936655
571.233,-0.9080549635855297
571.573,-1.1849804366580001
571.913,-1.124254169142874
572.253,-0.9891546860823704
572.593,-1.012578203933077
572.933,-1.1435529783067662
573.273,-1.064909627412612
573.613,-1.0879022830695892
573.952,-1.3252760146713665
574.292,-1.0862141950306807
574.632,-0.9475429989319409
574.971,-1.2139043876546016
575.311,-0.8056852345024926
575.65,-0.9408043008115338
575.99,-0.9175692418893092
576.329,-0.8880206750805755
576.669,-1.2913104907117543
577.008,-1.2806505262297558
577.347,-1.0242114036549104
577.687,-0.9963882240065809
578.026,-1.0305886230165286
578.365,-1.1262188216103228
578.704,-0.9424106124317788
579.043,-0.983634913259282
579.382,-1.0821823797981516
579.721,-1.0431777987628374
580.06,-0.9396038851841281
580.399,-0.8273958906494953
580.737,-1.2598080423841043
581.076,-1.1854143651179805
581.415,-1.1952729509094333
581.753,-0.9325839847868054
582.092,-1.2431509001265577
582.431,-0.6361923761525219
582.769,-0.9961316477965415
583.108,-0.8812010635725063
583.446,-0.9863125476072577
583.784,-1.0027232420961623
584.123,-1.035322933383582
584.461,-0.7752291293737126
584.799,-1.000477557177609
585.137,-0.7353599656123514
585.475,-1.3150741252718956
585.813,-1.1616513768487262
586.151,-0.867185100009224
586.489,-1.1242791951743119
586.827,-0.8985930636475502
587.165,-0.9641543519751055
587.503,-0.9797094845721285
587.841,-0.9178559205058419
588.178,-1.1187659493962305
588.516,-0.7794914087541653
588.854,-1.0517894178924303
589.191,-0.7512109997251047
589.529,-0.8159700239400772
589.866,-0.40563286906600937
590.204,-0.5935666950050433
590.541,-0.7397784746159002
590.878,-0.6433430218301522
591.215,-0.7192453174013445
591.553,-0.5280719906224297
591.89,-0.4723743765339188
592.227,-0.8273330440907957
592.564,-0.5688021809894875
592.901,-0.5940550112059653
593.238,-0.4284396150415066
593.575,-0.6145417199931685
593.912,-0.4856803636222742
594.249,-0.3283124086693029
594.585,-0.5556504629184456
594.922,-0.38304709424624195
595.259,-0.552237826043765
595.595,-0.49336826998258015
595.932,-0.5821782833820281
596.269,-0.5409723385021924
596.605,-0.5401136317962911
596.941,-0.4154840323006089
597.278,-0.6637128459855158
597.614,-0.5873999769462647
597.95,-0.8041147585845995
598.287,-0.6397775685576923
598.623,-0.6284651405859358
598.959,-0.700586118240907
599.295,-0.7379821370886293
599.631,-0.63694916085559
599.967,-0.873586775860437
600.303,-0.9662496961932187
600.639,-0.7926898726776234
600.975,-1.0474063840946055
601.311,-0.5351492516372792
601.646,-0.6334080050427988
601.982,-0.8856761961029898
602.318,-0.44409985301618116
602.653,-0.7724648632629098
602.989,-0.8422984470257123
603.324,-1.0089085488374214
603.66,-0.8045632280051095
603.995,-1.0614834915701763
604.331,-0.7185880503441849
604.666,-0.7681960117647761
605.001,-0.8816870454245742
605.336,-1.2321175406724714
605.671,-0.650247332707297
606.007,-0.7904622009942742
606.342,-0.7651648534833356
606.677,-0.817347428386364
607.012,-0.5323438741174417
607.346,-0.6209669148903129
607.681,-0.5333949605188881
608.016,-0.69699491560323
608.351,-0.7318097854045592
608.686,-1.015888977191578
609.02,-0.9727050444355606
609.355,-0.734780031558277
609.689,-0.5460722326628707
610.024,-0.6006731352378768
610.358,-0.654402287077039
610.693,-1.0804333585044057
611.027,-0.7702849909216807
611.361,-0.7305769021226342
611.696,-0.7091426807086313
612.03,-0.7065752749785082
612.364,-0.4758403979424672
612.698,-0.7235064067258519
613.032,-0.5518824677217593
613.366,-0.9232022355638366
613.7,-0.9698039890156004
614.034,-0.8773519649880027
614.368,-0.6949725062178197
614.702,-0.8245473844084087
615.035,-0.5922006111209552
615.369,-0.8460176365946226
615.703,-0.5368898483996383
616.036,-0.6283076135743051
616.37,-0.9724299108220446
616.703,-0.532532500045074
617.037,-0.6277553483048947
617.37,-0.7602600606559163
617.704,-0.9027068117534662
618.037,-0.8460730857424579
618.37,-0.692390808941287
618.704,-0.7687508963382912
619.037,-0.5022047477463046
619.37,-0.814855011728645
619.703,-0.7774293137446026
620.036,-0.6172232240572163
620.369,-0.6342906117930357
620.702,-0.5305006248320879
621.035,-0.6471090240554533
621.367,-0.8846333512305032
621.7,-0.5093605212188247
622.033,-0.5508477509241411
622.366,-0.6991996401215863
622.698,-0.8783436283503441
623.031,-0.8878161401910436
623.363,-0.42968191693024727
623.696,-0.7323170725990265
624.028,-0.4895226496383527
624.361,-0.6136491159401867
624.693,-0.4414828723364487
625.025,-0.7193685162539241
625.357,-0.7426294325152661
625.689,-0.5454432816980892
626.022,-0.5576379320442617
626.354,-0.6564268570860379
626.686,-0.7421324300832469
627.018,-0.5199179245674443
627.35,-0.5034414421318416
627.681,-0.7776464124345712
628.013,-0.5959664504701214
628.345,-0.463331249921947
628.677,-0.8400203922942978
629.008,-0.5180585307046098
629.34,-1.1253684978576783
629.672,-0.6796151731164083
630.003,-0.48112995566046424
630.335,-0.7316009550117996
630.666,-0.5392417056974635
630.997,-0.6213897235341307
631.329,-0.7877418110504998
631.66,-0.3716967834550385
631.991,-0.29036711533912457
632.322,-0.6849489055937217
632.653,-0.5527407230047315
632.984,-0.293026316639118
633.316,-0.4139284189467821
633.646,-0.5896553043803189
633.977,-0.4690333338284321
634.308,-0.7711668635805724
634.639,-0.8618633527613482
634.97,-0.613051495495323
635.301,-0.7730582726416039
635.631,-0.5964774598092492
635.962,-0.6183855184376926
636.292,-0.5459137639604447
636.623,-0.45525734696792886
636.953,-0.7175925961067232
637.284,-0.6590060217325759
637.614,-0.3884569597664435
637.944,-0.7241411886879847
638.275,-0.6003186077844413
638.605,-0.584145271693396
638.935,-0.419832866150964
639.265,-0.6925665201335267
639.595,-0.5514992507022751
639.925,-0.32299163294987393
640.255,-0.5708118169775449
640.585,-0.5523053752583965
640.915,-0.514363944484432
641.245,-0.6269308474725817
641.575,0.0852139457579883
641.904,-0.46771014956132845
642.234,-0.33255277566516295
642.564,-0.6007159345179398
642.893,-0.5861677951026608
643.223,-0.47005677043444316
643.552,-0.7259385763740899
643.882,-0.2461391970229233
644.211,-0.7273164572156983
644.54,-0.36374094384723155
644.869,-0.3975127503757898
645.199,-0.6967980241478937
645.528,-0.34200083660490677
645.857,-0.24357420225819781
646.186,-0.26963371946645676
646.515,-0.447981611621404
646.844,0.032856371703296715
647.173,-0.6787825547201702
647.502,-0.3347929363649414
647.83,-0.3279040112852664
648.159,-0.5021584616421951
648.488,-0.30748685518389685
648.817,-0.1093124275933391
649.145,-0.0628936214865148
649.474,-0.5059071276463125
649.802,-0.05120353458427904
650.131,-0.41159656085392105
650.459,-0.3552131936499884
650.787,-0.5681966920716521
651.116,-0.3177978773816683
651.444,-0.1577509189764879
651.772,-0.3950324917005951
652.1,-0.5971675781030729
652.428,-0.41837494998093666
652.756,-0.2733120498986072
653.084,-0.5216334670333022
653.412,-0.3908559176635772
653.74,-0.5783001884210031
654.068,-0.5003725588850899
654.396,-0.33914465894325285
654.724,-0.39113681526312505
655.051,-0.2724867486480189
655.379,-0.5189210531376592
655.707,-0.2552348313179269
656.034,-0.4082678397300465
656.362,-0.14386671537989518
656.689,-0.6099601780054443
657.016,-0.6801358004461098
657.344,-0.6142997498328419
657.671,0.1405695548429295
657.998,-0.47670371006653456
658.325,-0.330475787666593
658.653,-0.42274309127984466
658.98,-0.2412697754517142
659.307,-0.39391894733856914
659.634,-0.3515817961539016
659.961,-0.521157689190565
660.287,-0.33379838325012096
660.614,-0.27437610086687864
660.941,-0.3774120394471053
661.268,-0.1010339522718995
661.595,-0.31584515585075684
661.921,-0.5078188997722468
662.248,0.09664179516079549
662.574,-0.024705963543653557
662.901,-0.04342111280438967
663.227,-0.5857275427429738
663.553,-0.2976569261769331
663.88,-0.08754043851914901
664.206,-0.18087226577933707
664.532,-0.2796894437918858
664.858,-0.2926304566948549
665.185,-0.38249573203959736
665.511,-0.20913768815000686
665.837,-0.5191488956968707
666.163,-0.05096228189314554
666.489,-0.35356699004286124
666.814,-0.2077626434080315
667.14,-0.47520010016403386
667.466,0.06301928612107822
667.792,-0.2342330483201215
668.117,-0.4655536941722431
668.443,-0.12650463246229623
668.769,-0.6250639232709447
669.094,0.006409754007542759
669.419,-0.07442204328157741
669.745,0.09057854136954042
670.07,0.009801728815627565
670.396,-0.18509313264721222
670.721,-0.4766315311247151
671.046,-0.5112474184263323
671.371,0.25244152295169986
671.696,-0.3032479070147374
672.021,-0.20125940366613423
672.346,-0.2819478706999533
672.671,-0.1989039521755764
672.996,-0.01733466002348565
673.321,0.014585341204156988
673.646,-0.25244298779932894
673.97,-0.1574065765012764
674.295,0.09604477586859923
674.62,0.19583829230619373
674.944,-0.23442305915005
675.269,-0.24097237593337262
675.593,-0.3104436453145775
675.918,-0.17265206300253008
676.242,-0.11241253689750517
676.567,-0.006340978325894172
676.891,-0.025526824857610566
677.215,0.15386607128603863
677.539,0.02317058847563658
677.863,-0.42000154134645795
678.187,-0.2415880376866364
678.511,-0.08593077396184687
678.835,-0.31816285287370416
679.159,-0.18933402214345083
679.483,-0.018173852413173375
679.807,-0.4477685027732418
680.131,-0.1837752767963326
680.455,-0.1113212385619042
680.778,-0.33842487284997286
681.102,-0.13427948309094548
681.425,-0.22534981832995385
681.749,0.1917169730028003
682.072,0.0320929307928549
682.396,0.22170850743127052
682.719,0.032117289017125926
683.042,0.2653982642254623
683.366,0.08512975725185476
683.689,-0.01757961915131691
684.012,-0.2625779234694312
684.335,-0.07426102790537438
684.658,-0.10835476411338606
684.981,-0.4681243228615092
685.304,-0.3185421409439365
685.627,-0.14620973181058391
685.95,0.10164212162852318
686.273,0.1399294038990273
686.595,0.030683760447505783
686.918,0.08865561195131902
687.241,0.11616310255703435
687.563,-0.036670434493400295
687.886,0.23290315819033677
688.208,-0.2510728456714507
688.531,0.008192739756079932
688.853,-0.34422585750261725
689.175,0.19435224633090858
689.498,0.009193025798580626
689.82,0.2415010776858359
690.142,0.2460523151339525
690.464,0.09144233481077699
690.786,-0.03358205853709005
691.108,-0.3491211835758431
691.43,0.1600568852678627
691.752,-0.29661709286057353
692.074,-0.2001122647787055
692.396,0.07933482800518085
692.718,-0.06441228199129144
693.039,0.16577308934909255
693.361,0.11104814991975472
693.683,0.09383677651943907
694.004,0.21955339301625718
694.326,0.234944838667754
694.647,0.4874411805089951
694.969,0.29623606869660424
695.29,-0.020835031966434138
695.611,-0.02043311513847401
695.932,0.5690870361866359
696.254,0.021225566363090358
696.575,-0.13533071577634342
696.896,-0.012154428567341207
697.217,0.31409741457504237
697.538,0.1722073582329097
697.859,0.6046963365270136
698.18,-0.4743585498097737
698.501,0.4304423592436551
698.821,0.20528129254059843
699.142,-0.39568342851813293
699.463,-0.02746993594374466
699.783,-0.28012800238182944
700.104,0.4675404135414931
700.424,0.34755066445221866
700.745,0.6014937056915632
701.065,-0.17508677728815616
701.386,-0.16411968004299182
701.706,0.7475954545977154
702.026,0.03170117619323183
702.347,0.015571196527241971
702.667,-0.13122385440965492
702.987,0.013074973877085628
703.307,-0.0028098320456438307
703.627,0.3920204583164122
703.947,-0.04120248657237023
704.267,-0.011335113904863494
704.587,0.3403731329716547
704.906,0.11428076239170638
705.226,0.1994429762283156
705.546,0.09326145381790814
705.865,0.21970666212642026
706.185,-0.36996722297419965
706.505,0.36367062382774057
706.824,0.189294284436099
707.143,0.11929946782484428
707.463,0.12683966114548492
707.782,0.3762974100916467
708.101,-0.1003950320921747
708.421,-0.06540997297858234
708.74,0.37453432634685513
709.059,-0.057887726073655735
709.378,0.5418825824681754
709.697,0.1441297839346661
710.016,0.561489230967469
710.335,0.3735846242715951
710.654,0.18741575171253727
710.973,0.4573000342821679
711.291,-0.0002720199810950837
711.61,0.32795443531030094
711.929,-0.16547980615678357
712.247,0.22751834249926556
712.566,-0.024947805119585338
712.884,-0.14942466398869425
713.203,0.5577748117714684
713.521,0.05178299640505547
713.84,0.3605926104566409
714.158,0.08842610797553503
714.476,0.24081043130408444
714.794,0.2642292733377702
715.112,0.5727143732184719
715.431,0.3253966520501306
715.749,0.25019239416099437
716.067,0.4464132557561113
716.384,0.2944915438986509
716.702,0.26673509977107845
717.02,0.2496962853974277
717.338,0.11834541009821764
717.656,0.3337790008369431
717.973,-0.0935593515339943
718.291,-0.12391418302873855
718.608,0.49745517789226124
718.926,0.41197330181334135
719.243,0.24979753204746227
719.561,0.43489730123713394
719.878,0.2681672219113367
720.195,-0.033026011855416156
720.513,-0.0936057354258539
720.83,0.08377416268851846
721.147,0.9894932301112992
721.464,-0.8478747974811399
721.781,-0.04897223983927445
722.098,0.04726590011522546
722.415,-0.057750801578268396
722.732,0.29003084218107184
723.049,0.6024015251064393
723.366,-0.04931227421672832
723.682,0.24811661747000688
723.999,0.09042854866715218
724.316,-0.18584585976094747
724.632,0.668138191057336
724.949,1.204792467992287
725.265,0.31781314348605166
725.582,0.41264866322745825
725.898,0.0839228024855938
726.214,0.029186897963463607
726.53,0.5308625584372498
726.847,-0.150808876179015
727.163,-0.0018470169993118268
727.479,0.4849108198230942
727.795,-0.41450393001655167
728.111,0.27083553326485227
728.427,0.4241426450728541
728.743,-0.009369664784775113
729.059,0.2145902863355592
729.374,-0.16330590048984545
729.69,-0.25454049697919534
730.006,0.06088960566793528
730.321,-0.30423485573916476
730.637,0.44664252933989906
730.952,-0.11883112011338288
731.268,-0.026334751104323838
731.583,0.1670208712264848
731.899,0.45380493529633253
732.214,0.5048698005690408
732.529,-0.04370264108679379
732.844,-0.17526416188051433
733.16,-0.1657334098501649
733.475,-0.45525938570791513
733.79,-0.17709951931250162
734.105,-0.10557295351044252
734.42,0.3491166528823627
734.735,0.004043121768063967
735.049,-0.04860884127636561
735.364,-0.2228396548673446
735.679,-0.24895617744193643
735.994,-0.6352811357719481
736.308,-0.1800255696958193
736.623,-0.22061481867699964
736.937,-0.046609937311180086
737.252,0.901041213556655
737.566,0.03095379596387698
737.881,-0.01430851527740697
738.195,-0.14477669981057045
738.509,-0.16992721536461056
738.823,-0.7424009993530238
739.137,0.31141236638775205
739.452,0.021369190206106985
739.766,-0.5561613831624825
740.08,0.4794382288694254
740.394,0.1874123911590897
740.707,-0.4249332474376692
741.021,-0.7949006667462409
741.335,0.5660532968697485
741.649,0.45369479654639033
741.962,-0.39075057286718595
742.276,-0.47805941428686205
742.59,-0.22528256527218896
742.903,0.03700455619070536
743.217,-1.0282672991938795
743.53,-0.3644278154463676
743.843,-0.13890071010695193
744.157,-0.30239655139803834
744.47,0.01720928523724276
744.783,-0.02426026029588084
745.096,-0.32370868792470947
745.409,-0.5906423473065651
745.722,-1.2329063037287087
746.035,-0.5586471458652708
746.348,-0.5928372738607378
746.661,-1.491781746241844
746.974,-0.39516384009900757
747.287,-0.4247534981787365
747.6,-0.06284322899343507
747.912,-0.04472487118659488
748.225,-0.5017726308090628
748.537,-0.6535369804458963
748.85,-0.8689456076092779
749.162,-0.8893752022138598
749.475,-0.6979522223613901
749.787,-0.8848992865975575
750.099,-0.8724925259754035
750.412,0.3359309976400617
750.724,-0.48804632106203777
751.036,0.08514883562851423
751.348,-0.9153676416826299
751.66,-0.5987780499889601
751.972,-0.6742319289070665
752.284,-0.5605171083222277
752.596,-0.8257526297219866
752.908,-1.289774972224444
753.219,-0.2880957229818232
753.531,-0.948641260026982
753.843,-0.2351460998698297
754.154,-1.3209324457767075
754.466,-0.36996722696623857
754.778,-0.5459337003654832
755.089,-0.7900450466121205
755.4,-1.1539089764086619
755.712,0.2528954758006287
756.023,-0.8543831533098196
756.334,-1.5422594118750073
756.645,-1.260711813902256
756.957,-0.6080131325524002
757.268,-0.9392483748881948
757.579,-1.0045643030104705
757.89,-1.1310538880607375
758.201,-0.8646753504199649
758.511,-1.7503825321952209
758.822,-1.1479512053099876
759.133,-0.985505085687262
759.444,-0.6522814479948369
759.754,-0.9488712257585844
760.065,-1.3598037073175346
760.375,-1.3812248651406278
760.686,-1.204315037846689
760.996,-0.3159118604467882
761.307,-0.5263015056347304
761.617,-1.8324560200486033
761.927,-0.5844883443547031
762.238,-1.1441788165266085
762.548,-1.9650210290169605
762.858,-0.8432257745800124
763.168,-1.0208584481429963
763.478,-1.212879844276869
763.788,-1.1576006750788341
764.098,-1.158387862809938
764.408,-0.8537415040969811
764.718,-1.8017577915581233
765.027,-2.1166320185341534
765.337,-0.8007553397193274
765.647,-0.5131359511955592
765.956,-0.6151940140791934
766.266,-1.48607397058503
766.575,-1.3680540044114164
766.885,-0.835039545903002
767.194,-1.8217444294904295
767.503,-1.6093580406766688
767.813,-0.75682079700763
768.122,-1.4997248888968504
768.431,-1.0769766809083536
768.74,-0.15024014467391242
769.049,-0.9210555097288999
769.358,-0.964867661654659
769.667,-2.0473962876760052
769.976,-0.8799747011214833
770.285,-1.8953531063737554
770.594,-1.556279608310466
770.902,-2.3033958960997407
771.211,-1.0825398773758121
771.52,-1.0173138959709045
771.828,-0.9510852464347992
772.137,-0.7894681515810984
772.445,-1.1979395861919735
772.754,-0.6402422364132254
773.062,-1.25167926104243
773.37,-0.5988044793468716
773.678,-1.341420326740343
773.987,-1.5855298308141315
774.295,-1.2049084998995594
774.603,-1.7103256625307919
774.911,-0.9675004659048178
775.219,-0.6217789411488274
775.527,-1.3333954776852368
775.835,-1.7096173309144682
776.142,-1.994763287117876
776.45,-0.9375806182204863
776.758,-1.1184253825068746
777.066,-1.1271986361976734
777.373,-1.3406378155372667
777.681,-1.7157241068401652
777.988,-0.27834906344776716
778.296,-1.759411643459993
778.603,-1.6982483147119052
778.91,-0.5240114056414024
779.218,-0.6296890529092057
779.525,-1.6640990208006974
779.832,-1.805023463918268
780.139,-1.422264478584272
780.446,-1.3492166504575844
780.753,-0.8022723981236914
781.06,-0.7642188757408097
781.367,-2.040171570072887
781.674,-1.064537569042636
781.981,-1.2203102773195225
782.288,-1.4545995179440796
782.594,-0.8322998883132737
782.901,-0.19550878962780746
783.207,-1.1552017079394992
783.514,-2.0095989805602814
783.82,-1.164978233452015
784.127,-0.7516744994317945
784.433,-0.9246375460583657
784.74,-1.3543856429130656
785.046,-1.9553946136976732
785.352,-1.7112189204583166
785.658,-1.4602860547633552
785.964,-1.3855060466582803
786.27,-2.8586460463337082
786.576,-1.1567991222342668
786.882,-1.437500247215192
787.188,-1.9648029333170756
787.494,-2.4504062397772852
787.8,-1.3272473802292424
788.105,-1.0833612747772197
788.411,-2.8282613396330176
788.717,-1.1482069437032552
789.022,-0.46187860259596847
789.328,-2.1509208279708307
789.633,-1.4153585746115218
789.939,-2.0505483816403807
790.244,-1.3356019291663006
790.549,-0.34067008331786247
790.855,-2.4780352469406304
791.16,-1.7692492761990568
791.465,-0.9484772407583235
791.77,-2.737877026557444
792.075,-2.6720713705615857
792.38,-0.8193330280280016
792.685,-0.7295629781887325
792.99,-2.0480521891256918
793.294,-1.3974053325342906
793.599,-0.1969376244764445
793.904,-1.093359716810633
794.209,-1.9338138102463251
794.513,-1.8153955266877617
794.818,-0.7970093174943849
795.122,-1.0977941242930471
795.427,-1.4225451530446254
795.731,-2.519949613799152
796.035,-1.9244576640076358
796.339,-1.2820355436257267
796.644,-0.44503561435457384
796.948,-0.9156355585539131
797.252,-1.5981757688564293
797.556,-2.1882402972294597
797.86,-2.607944566736423
798.164,-0.6825154160288892
798.468,-0.8211093772967545
798.772,-0.6065291541555841
799.075,-1.874125083907297
799.379,-2.222352150685066
799.683,-2.1570726982504445
799.986,-2.188889787201958
800.29,0.2679130167161283
800.593,-1.760900824899464
800.897,-1.8537565429758989
801.2,-1.2668476188171582
801.504,-1.0298412234408705
801.807,-0.739477874501906
802.11,-1.4441711144219334
802.413,-0.9175534250585192
802.716,-1.656632618527278
803.019,-1.5293884213479572
803.322,-1.4467485665527806
803.625,-2.3177381902876784
803.928,-0.5132163363774195
804.231,-1.991919716780577
804.534,-0.6270855665686075
804.837,-0.9124012773815295
805.139,-1.6223852049272478
805.442,-1.9083119948044167
805.745,-2.35107928566793
806.047,-1.7949589759866682
806.35,-0.9923079141947951
806.652,0.19988321119775967
806.954,-2.096978156102778
807.257,-3.2210906015812557
807.559,-2.236528623430363
807.861,-0.5200019196938128
808.163,-1.4753991568844438
808.465,-2.3505287144608906
808.767,-1.484137084383575
809.069,-1.270408235682584
809.371,-0.029984635819803332
809.673,-2.557468413925036
809.975,-0.8973233527708337
810.277,-2.04795247552728
810.578,-0.9326313966363086
810.88,-1.2985923625951632
811.182,-2.006735393500392
811.483,-2.2123252138286316
811.785,-0.7289125922190705
812.086,-1.39888823672803
812.387,-1.3277626797398763
812.689,-1.9174969215146622
812.99,-0.025101017374120828
813.291,-0.9666811061651186
813.592,-2.1544479952425664
813.893,-1.298737343280676
814.195,-1.3750131980661622
814.496,-3.307708286300945
814.796,-0.41371247456480864
815.097,-0.9709563658544254
815.398,0.1510569164293341
815.699,-2.235300037228668
816,-2.45874529342658
816.3,-0.6786773500835274
816.601,0.12941612474401695
816.901,-1.565394295138304
817.202,0.7319689828191567
817.502,-1.7411243056599182
817.803,-3.1104808688566195
818.103,-0.9676276466288936
818.403,-1.6298805574169046
818.704,-0.3203342335637149
819.004,-0.2749847132253367
819.304,-1.7394329416446495
819.604,-0.42107498960311274
819.904,-1.0672918732264192
820.204,-2.7021895479063955
820.504,0.1833095061225744
820.804,-1.7705844337264538
821.104,-1.0962123246710107
821.403,-0.8531022811318784
821.703,-3.0502965219061062
822.003,-3.830053367180499
822.302,-0.9041781501117455
822.602,-2.9150138405809494
822.901,0.3713922762240089
823.201,-1.6265149596321726
823.5,-2.485853188185181
823.799,-0.7080502179698752
824.098,-0.9418990198719891
824.398,-0.16207888684819743
824.697,-0.5212558755329658
824.996,-0.6205151490366477
825.295,0.9372535905472623
825.594,-0.29481179092928694
825.893,-0.9558805919305513
826.192,-0.15208429180740335
826.49,-1.5017219438318583
826.789,0.7790073809295796
827.088,-0.7883008352402076
827.386,-4.662359925640362
827.685,-3.4426166579944955
827.983,-0.2406093337217782
828.282,-1.4078803441593915
828.58,0.23070521981921524
828.879,-1.0183280195962001
829.177,-0.5261644367933959
829.475,-1.4364955297281907
829.773,-0.6747865187938366
830.072,-0.9764361601673002
830.37,-2.9624831199059294
830.668,-3.128679703839531
830.966,-0.9181256014818109
831.264,-1.8426192724792023
831.562,-2.448160354254445
831.859,0.8695425851624785
832.157,-0.6382994465164934
832.455,-2.464699084376203
832.752,-0.3689941251038336
833.05,-2.9213560548551754
833.348,-1.1525735594693214
833.645,1.025218867704396
833.942,-0.18907514729066685
834.24,-1.5451646323521728
834.537,-2.8890075561584427
834.834,-2.6224576832724025
835.132,-3.8222172291866037
835.429,-1.3203912277058811
835.726,-0.07790753497736927
836.023,-3.5333103204842935
836.32,-1.4356924455723616
836.617,-0.35304408795662706
836.914,-1.1506347082410024
837.21,-3.681711298761855
837.507,-0.07261907627725761
837.804,-0.18505266488785438
838.101,-2.3762704961831145
838.397,-0.7171957996854814
838.694,-1.9219945313161138
838.99,-2.3331328443174764
839.287,1.1289318501260024
839.583,-0.7722111252426804
839.879,0.007801654408760428
840.176,-4.455629047205681
840.472,0.31946320928850136
840.768,-1.7657922426049755
841.064,-1.5610119956854418
841.36,-1.5513687211589386
841.656,0.25046153678480965
841.952,-0.19025280143836512
842.248,-0.39011323526191877
842.544,-0.21887870474602783
842.839,0.3690212799342602
843.135,-2.0773038012673433
843.431,0.999781241611865
843.726,0.05226646296095658
844.022,-1.3595143093212059
844.317,-1.0993083716401013
844.613,0.16252672564628873
844.908,-0.5741642721240886
845.204,-1.8343399934022073
845.499,-2.6538781680630774
845.794,-0.9402162164483062
846.089,-2.7551456994558143
846.384,-1.2772504482194802
846.679,-2.434122238693256
846.974,-0.5958914739474919
847.269,-0.32815378828396885
847.564,-1.6635351322160643
847.859,-0.11950093533476969
848.154,-1.3966286182140588
848.448,-0.943127193837738
848.743,-1.0935554960249314
849.038,-1.564034867736883
849.332,-4.623204196900207
849.627,-0.6152431355304381
849.921,-1.6959087348028787
850.215,-1.513892358487852
850.51,-0.8131394332535945
850.804,-2.3046015522717123
851.098,-1.4479395681217873
851.392,-1.2951743050762623
851.686,-1.9225121956591413
851.981,-2.387123988033882
852.275,-2.108297416949535
852.568,-3.1665359594658833
852.862,-1.4342345236353171
853.156,-1.124392410996259
853.45,-0.33838574332167076
853.744,-5.542679848332612
854.037,-0.29564828062756987
854.331,0.4044466891954064
854.624,-0.5851626298646768
854.918,-1.9651839490465937
855.211,-2.5926639563898175
855.505,-1.5395249594570426
855.798,-0.26252989844574276
856.091,-0.337127973240206
856.384,-2.862430242693196
856.678,-2.2754822094490197
856.971,-2.7591946429378322
857.264,-3.437822563061451
857.557,0.1261091459208607
857.85,-0.5914125722520917
858.143,-1.4712017600007092
858.435,-2.2176057814368084
858.728,-2.9176589315233215
859.021,-0.9679441820448473
859.313,-0.6009071930543912
859.606,-2.558096284711788
859.899,-0.2730797787210261
860.191,-2.168963994337584
860.483,-2.386031958275906
860.776,1.1826107606169967
861.068,-1.4021960622542262
861.36,-1.338863480898757
861.653,-2.4126972662084905
861.945,0.07860849023148786
862.237,-2.7574006715195396
862.529,-1.8944181708040542
862.821,-0.8437109435880439
863.113,-2.6943698580837965
863.405,-4.809200592803448
863.696,-2.197090628764914
863.988,-1.3120059543089297
864.28,0.07186627463066374
864.572,-2.9844060568647524
864.863,2.036824242157948
865.155,0.29791433759421393
865.446,-2.8417460694078756
865.738,-2.3037047387321667
866.029,0.2260510901173835
866.32,-2.683590824808848
866.611,-0.6922191165335918
866.903,-2.690886599927092
867.194,0.03739860492445713
867.485,0.5072568083455429
867.776,2.348676761758803
868.067,-2.4984807291462756
868.358,-3.664059119910715
868.649,-1.2792357350679946
868.939,0.8812414324106113
869.23,0.008951385443871862
869.521,-4.141067260851253
869.811,0.6545342764354551
870.102,-4.002550297995146
870.393,-0.14505546273269176
870.683,-0.6733127343793076
870.973,0.07517980989720416
871.264,1.1633021191995723
871.554,1.1622546313126174
871.844,-1.6263511916031503
872.135,0.43230666476613266
872.425,-3.792546321444952
872.715,-6.511836850986235
873.005,1.9240052648142374
873.295,-2.8106443442955817
873.585,-2.223238395877671
873.874,-1.5974835653690116
874.164,4.219031006197088
874.454,-0.607179572445818
874.744,1.5668792792959907
875.033,-7.917081179466999
875.323,-3.3682234407950102
875.612,-1.4790653408418937
875.902,-0.5778427773247765
876.191,0.8574610282777956
876.48,-4.932842610772798
876.77,0.9483238533143337
877.059,0.3348298193598127
877.348,-6.507592064166846
877.637,4.452851712143675
877.926,-0.0068911888468101146
878.215,-6.393598812421253
878.504,4.241325948116821
878.793,-5.978720414383559
879.082,3.3875502122014143
879.371,-2.576184765523975
879.659,2.4432982662472074
879.948,-0.15040956165730765
880.237,-0.8255484717368639
880.525,-7.484300363794224
880.814,2.5435476677604805
881.102,-8.143787007064613
881.391,-3.9223444868533495
881.679,-31.994147422790558
881.967,11.127508429863687
882.255,4.815193575437136
882.544,-4.060846238076951
882.832,-1.728943786200236
883.12,-1.418089393494932
883.408,6.051255532206119
883.696,1.1304313945377564
883.983,-1.4897464668465505
884.271,0.283943291078736
