153.834,0.0
154.224,-5.9186148713825695
154.614,-17.10072562096336
155.005,8.676792411119555
155.395,4.667910521195865
155.785,-1.0584260244570054
156.176,-13.63145180275827
156.566,0.0
156.956,2.422688410527469
157.346,0.0
157.736,-1.7225697369628032
158.126,-3.4948023383157225
158.516,-1.5326554237915695
158.906,4.055522315182762
159.296,5.445731277666624
159.686,-5.895918522727261
160.075,0.874080204398129
160.465,-2.079930502349509
160.855,2.680093539860177
161.245,1.422199160505579
161.634,-5.30676558187874
162.024,4.825504040678053
162.414,0.0
162.803,0.8143142727813519
163.193,0.8534108045625637
163.582,-2.1631072396551896
163.971,0.0
164.361,4.996948214953811
164.75,12.538233094436281
165.139,-3.7688282253045524
165.529,-2.2585730875223167
165.918,-5.363043681735134
166.307,0.0
166.696,-0.36079599109802396
167.085,10.73306747718378
167.474,-10.070666520725993
167.863,4.713153766728811
168.252,-8.115025956838316
168.641,8.983812295672337
169.03,0.0
169.419,0.3912066260130692
169.808,-0.9096256421697642
170.197,2.0843170979624155
170.585,0.5757310526056132
170.974,3.36812294261489
171.363,8.928747084428272
171.751,15.048520130285597
172.14,-1.0857285822454146
172.529,2.9221399797580325
172.917,-7.674335302841841
173.306,1.6062727860199875
173.694,-4.661188232852407
174.082,0.0
174.471,-11.42144566209579
174.859,0.0
175.247,-1.817233471909047
175.635,0.24476770695859806
176.024,-17.07010308825857
176.412,9.321649478932523
176.8,-4.396258700115083
177.188,-3.880042356621734
177.576,-7.133941954034325
177.964,0.0
178.352,0.0
178.74,1.3579488165168239
179.128,-0.8710505308787267
179.515,6.682080647644424
179.903,-2.014064608910928
180.291,0.5302785622208375
180.679,0.14153777092509098
181.066,-10.151343077792564
181.454,0.0
181.842,0.0
182.229,8.19659078633252
182.617,7.651642258871925
183.004,5.783545090364245
183.391,3.9969126573993745
183.779,3.891496833480768
184.166,3.735229872545646
184.554,-6.029971681180121
184.941,13.024511382029978
185.328,0.32080260187352044
185.715,13.078775368099167
186.102,-6.9932879982062115
186.489,-7.154518749808858
186.876,0.0
187.263,-4.232067870027332
187.65,-19.15603489355439
188.037,2.317412818805248
188.424,-3.725654128570876
188.811,18.238680100764416
189.198,15.292931854048522
189.585,18.45400108608582
189.971,13.081246914292283
190.358,12.78377291599541
190.745,20.864787300363755
191.131,18.910271064570896
191.518,26.665237269558087
191.905,18.470470555754513
192.291,19.169205287923536
192.677,23.547874440704923
193.064,18.4539936962503
193.45,13.652173854150229
193.837,22.577625577140243
194.223,22.999297892084833
194.609,22.640072870711087
194.995,12.167258657118643
195.381,14.68121812423693
195.768,19.8741638234892
196.154,21.446556763964733
196.54,8.26528353217931
196.926,10.336562552961437
197.312,17.285682420758725
197.698,14.123876107193295
198.084,10.743404888759986
198.469,12.800972231866833
198.855,19.055153086052982
199.241,12.92783699526597
199.627,13.205026353726888
200.012,13.036628677659017
200.398,20.172363226556776
200.784,19.411307195114823
201.169,20.33275623262935
201.555,18.26998707688894
201.94,15.970577776421761
202.326,16.09134091626169
202.711,24.149413233854855
203.096,14.47819706598023
203.482,20.100123712790335
203.867,13.106837259630067
204.252,13.367831764269376
204.637,11.461037944870437
205.023,12.903674963729113
205.408,15.96011823356865
205.793,13.622589543932502
206.178,16.785341435090057
206.563,9.20935704307757
206.948,21.470986374761935
207.333,13.429940751746761
207.718,14.450760633294909
208.102,9.695018549166683
208.487,14.806044924007272
208.872,18.60454628348702
209.257,12.511424171310216
209.641,16.146703051688178
210.026,17.28394164466448
210.41,14.437700456781524
210.795,12.449153371016909
211.18,17.74096114506858
211.564,12.083984189331812
211.948,17.273628021153254
212.333,20.693229877195243
212.717,14.249335954052427
213.101,17.01798009825966
213.486,17.744360267661282
213.87,13.014653453008462
214.254,13.431582553457648
214.638,15.521046474116625
215.022,21.94959460012242
215.406,17.396756099096127
215.79,13.791896638743607
216.174,23.850531766414726
216.558,11.039505986358627
216.942,16.5130348943318
217.326,16.428467335292144
217.71,15.785402440090385
218.094,23.113686399402827
218.477,14.377503131831858
218.861,14.089800014408759
219.245,14.599940341955667
219.628,28.094826681955226
220.012,19.476163321729043
220.395,15.639230081150044
220.779,16.732914280305618
221.162,15.62728334733909
221.546,14.004290637979425
221.929,11.52023718792053
222.312,16.6051373880453
222.696,10.349307838156964
223.079,15.028414893167234
223.462,14.866250764457375
223.845,11.541612822733692
224.228,18.49862717235545
224.611,9.477748554750523
224.994,20.55433932967866
225.377,14.91633688513648
225.76,23.82484289149202
226.143,18.919230341761136
226.526,14.312432348069311
226.909,16.51432119520231
227.292,20.544233541278686
227.675,20.828931291667597
228.057,13.937059019388949
228.44,15.756438051337268
228.822,18.941512513135766
229.205,9.845293250798191
229.588,18.753654125751318
229.97,5.853672747153601
230.353,21.474647017501724
230.735,19.318388632482364
231.117,11.907874683194116
231.5,9.299589270285646
231.882,15.722169365453013
232.264,13.136947531539137
232.646,19.781094143234398
233.029,24.124671487619477
233.411,6.678016879499766
233.793,13.63489824318798
234.175,12.981591151428159
234.557,9.46835811398126
234.939,14.831467967165114
235.321,18.125126644239206
235.703,17.43891693080452
236.084,14.150908574583468
236.466,14.603467791112518
236.848,11.41465967832066
237.23,19.06371176440022
237.611,10.2903790365266
237.993,13.523732862820907
238.375,24.34312414486841
238.756,20.840652644491463
239.138,16.080925685513016
239.519,14.232274234463327
239.901,28.154948338697135
240.282,9.694146271801726
240.663,19.76639700261417
241.045,21.53882892403689
241.426,18.636390327366815
241.807,11.023078150482924
242.188,17.551347749601945
242.569,15.314722609017222
242.95,20.8240547643519
243.332,11.156647790402847
243.713,12.518738335309799
244.093,14.740827176067409
244.474,14.0487614461605
244.855,7.189220641838433
245.236,17.578648832451236
245.617,25.009335206505725
245.998,13.623258230245439
246.378,15.547717023147872
246.759,18.67963611657804
247.14,19.50179032594171
247.52,12.071494177627091
247.901,12.777951533577273
248.281,18.695202849438378
248.662,17.079541313708436
249.042,12.480491048775955
249.423,21.59963750572768
249.803,11.793478343658057
250.183,19.327711135451256
250.564,13.607056623090301
250.944,19.051618344992885
251.324,20.77548958891081
251.704,16.54537747609872
252.084,12.26355800645985
252.464,21.14661318026577
252.844,16.852646011737942
253.224,16.71109100124842
253.604,22.674400911942662
253.984,27.769768843294987
254.364,12.675057619215481
254.744,21.13730595928254
255.124,16.719632307655672
255.503,17.116275216169672
255.883,17.84585811767736
256.263,23.49964597903395
256.642,17.13559940159723
257.022,14.913685764835973
257.401,12.84383442935544
257.781,6.472382845947076
258.16,18.71496487732153
258.539,17.653330518253668
258.919,11.731527572845776
259.298,14.45830065057362
259.677,18.104197570572346
260.057,15.11163411178385
260.436,24.484329339890053
260.815,14.223416634328649
261.194,14.702521909401101
261.573,29.457296499502444
261.952,14.424946202805737
262.331,16.97446927734393
262.71,11.420170441429724
263.089,21.78992351035083
263.468,15.385473352695517
263.847,12.914792018636154
264.225,12.298761284780564
264.604,11.820144655142636
264.983,7.49765816099703
265.361,19.415767257273572
265.74,13.111633690109713
266.118,14.561162082645176
266.497,22.14155710241109
266.875,14.14300869499261
267.254,12.305053693125123
267.632,16.79138473525435
268.011,8.554649052626093
268.389,21.904048167959786
268.767,14.832544589435695
269.145,16.429051306073248
269.524,17.87551710595649
269.902,13.952936371111937
270.28,9.219076370435943
270.658,14.054969604003494
271.036,17.958267277211554
271.414,18.35375291594325
271.792,18.793395027035338
272.17,23.27265937065155
272.547,20.53282801405251
272.925,19.11780793084525
273.303,10.228848525306374
273.681,12.032059441007007
274.058,17.428203617837937
274.436,21.065359551159432
274.814,18.198717009335343
275.191,9.929996664594263
275.569,19.481482322696795
275.946,13.546649313506911
276.323,18.949929983909154
276.701,16.570755361797982
277.078,7.776228723437072
277.455,10.036453420394464
277.833,14.657254995147078
278.21,24.739351577089227
278.587,17.76743333518546
278.964,11.251019283032104
279.341,4.525765476950746
279.718,13.730813974143206
280.095,12.236548997546851
280.472,18.93834610581279
280.849,18.409917962875213
281.226,25.038203253320205
281.603,15.269353459238554
281.98,15.889257956827441
282.356,11.617945206428724
282.733,15.450016572607607
283.11,14.340446025729369
283.486,24.324880434127092
283.863,14.154015888693625
284.239,22.20352427705231
284.616,9.353554616952628
284.992,9.90279746781045
285.369,14.663760370091763
285.745,12.792410513309136
286.121,15.819974782288352
286.498,17.440375640953256
286.874,11.849767910795222
287.25,16.972593559815408
287.626,3.8662078387319148
288.002,22.80498199059438
288.379,27.07118795791771
288.755,17.992563561714466
289.131,22.836203975034657
289.506,12.151215619395701
289.882,18.61618439064453
290.258,18.886687530469352
290.634,15.057993718390907
291.01,15.789596898674926
291.385,19.795205612316124
291.761,19.415298929627276
292.137,16.254193034411077
292.512,11.688557134742451
292.888,24.411913776938082
293.263,21.067777634409065
293.639,12.768180903355418
294.014,20.806846490141634
294.39,11.357720732365781
294.765,16.541648931409124
295.14,21.43382116798964
295.516,17.320499530330117
295.891,13.713903115528954
296.266,12.094091886196427
296.641,16.08467325222344
297.016,19.495740119197574
297.391,14.162141970809662
297.766,30.062144373995658
298.141,18.721894470478006
298.516,11.155607820338737
298.891,13.95190834231025
299.266,18.72072689512116
299.641,8.417423924669778
300.015,18.9938931858655
300.39,16.12185895908989
300.765,15.527597136542502
301.139,10.02609023640417
301.514,18.072744371051673
301.889,20.94796437981661
302.263,19.22526593107239
302.637,13.706330121178732
303.012,12.643232343439914
303.386,14.674658549738576
303.761,14.674194439046644
304.135,12.981711056573225
304.509,13.697534764233758
304.883,23.056570521530105
305.257,14.682889388004513
305.632,16.254061345798206
306.006,15.994754918169326
306.38,20.22834647948548
306.754,18.260381427538636
307.128,16.235693809401774
307.501,20.85138933528369
307.875,10.942452133079186
308.249,19.504888668818
308.623,15.90168214422029
308.997,15.200358268881454
309.37,11.345582574046272
309.744,11.387751413172488
310.117,15.60160223488635
310.491,13.271367331800898
310.865,20.702476504875136
311.238,9.41665613163214
311.611,14.4980571587086
311.985,19.361356877385962
312.358,17.72912701248584
312.731,17.57102891968254
313.105,20.049323579257383
313.478,14.90016475904462
313.851,22.055971434835698
314.224,15.779712700400218
314.597,20.85953317959797
314.97,24.992024751169996
315.343,15.759793857468592
315.716,21.28650058877076
316.089,13.74170696429859
316.462,20.6613513953581
316.835,18.427730355104973
317.208,13.133360966220701
317.58,19.864908420466072
317.953,19.774909174434068
318.326,16.3314587207999
318.698,24.874604869536498
319.071,22.058533513912487
319.443,18.972434195061652
319.816,6.681474367383421
320.188,14.451430949435252
320.561,12.368283707847803
320.933,13.088871272657823
321.305,20.910085600746505
321.678,23.545510029050124
322.05,13.69603482217305
322.422,19.64615546139715
322.794,14.960750956535243
323.166,11.94301094291373
323.538,15.935056075863617
323.91,16.320710121567377
324.282,8.95234121425078
324.654,13.386658007840753
325.026,19.084829960981438
325.398,7.0311947458266095
325.77,3.884806088381641
326.141,23.442795073274336
326.513,13.75024593064215
326.885,18.49902212969726
327.256,24.781986397761457
327.628,22.875702708096263
327.999,27.066935184935456
328.371,15.342362792424442
328.742,26.308530265637856
329.114,13.984202684872294
329.485,26.59282422717685
329.856,9.400916115581385
330.228,17.3690167961895
330.599,12.333399253156745
330.97,15.982261413397797
331.341,19.4788830815902
331.712,15.941805568949512
332.083,17.02780041691038
332.454,26.645497732733148
332.825,16.435716335260956
333.196,29.979980300936923
333.567,15.007673735631283
333.938,13.234470090864066
334.309,16.777251286136245
334.679,19.16254977027792
335.05,12.109001184613742
335.421,21.30080738138795
335.791,19.689786976635574
336.162,10.31433477861648
336.533,11.747903055657403
336.903,12.788566793341294
337.273,12.509470270256621
337.644,15.025796398534645
338.014,19.87792354326538
338.385,18.994721160148345
338.755,21.984418386837458
339.125,11.180957735599534
339.495,18.36674514895291
339.865,12.250789767805374
340.235,16.758626792309695
340.606,21.95237986732448
340.976,13.0119997480363
341.345,13.577095070370744
341.715,16.064812637827185
342.085,19.33006236676604
342.455,16.99118379594339
342.825,13.984413013100783
343.195,13.844013124536245
343.564,20.82287290542756
343.934,14.950561915468313
344.304,20.952160585886382
344.673,14.595906917047744
345.043,19.75453931994155
345.412,14.010496291512968
345.782,11.157428369174063
346.151,10.731608889079075
346.52,17.97658011734723
346.89,16.441507254157163
347.259,17.18182080271628
347.628,16.310992067120107
347.997,21.306341030205814
348.367,14.712588481760836
348.736,24.918758830426313
349.105,18.51497090364748
349.474,14.832939904357675
349.843,19.20723995333162
350.212,7.61826266017989
350.58,14.17803789546029
350.949,21.710812525807228
351.318,16.03499186112586
351.687,15.78294326743399
352.056,14.996752819728284
352.424,13.029583847169352
352.793,15.593635080998363
353.161,17.1962805471506
353.53,24.837701352449827
353.898,22.183782461919563
354.267,15.346908051599845
354.635,4.282096412604785
355.004,19.92738031840762
355.372,13.62412249894224
355.74,16.52465014374325
356.108,11.534129676771236
356.477,19.379366350302153
356.845,18.697023644173576
357.213,22.713062986767422
357.581,22.178807093494303
357.949,22.59051196930565
358.317,16.072159677254636
358.685,17.621968101015543
359.053,17.491791421660004
359.42,8.482355102721675
359.788,14.971447464465804
360.156,15.606364673005936
360.524,17.42034222684556
360.891,13.711273124363414
361.259,9.955367058976282
361.626,18.341990999504038
361.994,15.012752027625833
362.361,23.273228757040204
362.729,10.25152316588844
363.096,8.492132294430164
363.464,11.786225360083607
363.831,12.882227774662805
364.198,12.148651415649836
364.565,17.974630493204476
364.932,13.327460533698687
365.3,21.849572896559575
365.667,15.869619558423373
366.034,15.791688273299588
366.401,13.813616182241669
366.768,19.759482357709505
367.134,10.69770187158666
367.501,24.4126759316911
367.868,6.738380601661678
368.235,11.225855622027392
368.602,18.28349697135733
368.968,19.951575263552797
369.335,20.817924758568374
369.702,16.990788705458307
370.068,20.6031976568061
370.435,14.262772229465511
370.801,18.564014788911045
371.167,15.170847976136761
371.534,13.797058594359052
371.9,21.41753710943308
372.266,13.254303618259152
372.633,19.649746064033213
372.999,17.0356120099383
373.365,16.778561035676816
373.731,17.990947724504238
374.097,16.61867759121054
374.463,15.405048128258688
374.829,16.6185635067184
375.195,14.865530574332148
375.561,19.32439939050871
375.927,14.655448496772006
376.293,16.121305476410704
376.658,13.275692956946804
377.024,15.192488629615141
377.39,18.049694534107825
377.755,16.371175389312597
378.121,19.095811108493642
378.487,16.652961742501386
378.852,12.018431875306042
379.217,21.38428022393118
379.583,16.065400102293367
379.948,13.711970463486352
380.314,13.136682222555171
380.679,23.708330462897308
381.044,13.424209655382143
381.409,12.565443942812777
381.774,22.581646517309817
382.139,18.38133622110489
382.504,16.787218267966622
382.869,17.32319303380927
383.234,19.609387986251793
383.599,19.22264787344455
383.964,13.427396315172173
384.329,14.367657453502876
384.694,13.932417719422673
385.058,22.596724548486605
385.423,10.427367131122558
385.788,16.975297760171564
386.152,16.633365874323864
386.517,14.998879120267974
386.881,14.73229301366876
387.246,18.35515749393781
387.61,19.575635793933962
387.975,10.526361580909114
388.339,16.91414864508867
388.703,16.56847507463107
389.068,12.368284969227581
389.432,22.840084778170308
389.796,12.382658377710918
390.16,16.81014388889185
390.524,9.772568450574513
390.888,11.415251680293226
391.252,16.326624665894887
391.616,19.564106480939774
391.98,17.840087654349784
392.344,16.19778770706828
392.708,18.917329948765957
393.071,19.118281827956494
393.435,13.181504280051454
393.799,17.105503681320485
394.162,21.04391622539031
394.526,15.072119157686226
394.889,19.172420144906734
395.253,17.768645179036092
395.616,22.048685499958317
395.98,26.26969144208015
396.343,22.867167622869655
396.706,16.03004454407739
397.07,15.145518709413425
397.433,16.362199650896596
397.796,19.253658292067087
398.159,19.35099886792483
398.522,17.552903629850398
398.885,20.41100907623187
399.248,22.793674283705123
399.611,15.459742974412682
399.974,18.417224014648347
400.337,18.98294469802495
400.7,20.964338052699084
401.063,16.609863273719398
401.425,18.417057330973567
401.788,21.480602861435692
402.151,14.148386451454567
402.513,16.883707074542595
402.876,18.413193698548714
403.238,16.574190654900764
403.601,13.827919579937122
403.963,17.71549766122935
404.325,18.069275595463715
404.688,21.144583513193272
405.05,16.599275957204913
405.412,18.268537220780814
405.774,17.327349303004656
406.137,14.834457990418674
406.499,16.277721970360755
406.861,12.794344925298425
407.223,16.581980642655743
407.585,15.475317307543143
407.947,17.749335980266427
408.308,19.09455642655638
408.67,20.05564987328221
409.032,18.155137780721397
409.394,22.411278146046612
409.756,19.437982378094922
410.117,18.30550378558411
410.479,20.495240583011725
410.84,18.584167717511487
411.202,13.777189506557995
411.563,18.669508493283477
411.925,19.108210535560698
412.286,20.514205538522113
412.647,15.902702846886672
413.009,23.423979458503208
413.37,20.98255351121284
413.731,20.101471766888483
414.092,18.734784003227347
414.453,24.857046527889548
414.814,23.686220064710493
415.175,22.918925692964365
415.536,25.55426436701861
415.897,25.74830374939888
416.258,26.830547484338947
416.619,25.031560502562648
416.98,25.933548060500943
417.341,24.028537354994437
417.701,25.47786052697762
418.062,25.851534717337504
418.423,27.67160809391996
418.783,28.182064004644587
419.144,27.65350205262282
419.504,27.783980816466507
419.865,27.343376706968137
420.225,27.953622486186703
420.585,26.940039741883854
420.946,26.302090075634794
421.306,26.22743089839785
421.666,27.41327789165527
422.026,27.149873643218914
422.386,26.748844963362927
422.746,27.014685377496217
423.106,26.989126540232167
423.466,27.71101569229794
423.826,27.148022563663385
424.186,27.7621664468056
424.546,27.0470374635181
424.906,27.77143737645721
425.266,26.404848210487398
425.625,26.325424448414694
425.985,27.050107756613233
426.345,25.77666476753363
426.704,25.679555914596982
427.064,25.238204041378005
427.423,25.30361225572302
427.783,24.843290260074536
428.142,25.47658384054654
428.501,24.809424966090145
428.861,24.323434360382937
429.22,25.031903662086773
429.579,24.164921822840174
429.938,24.034208288966305
430.297,24.164467815443714
430.656,23.733406664197666
431.015,23.051639045905983
431.374,22.85009127259822
431.733,22.765703239933
432.092,22.8948054234381
432.451,22.38109607850735
432.81,22.111633068676422
433.169,22.07814132320392
433.527,21.624595038427145
433.886,22.08088502523368
434.244,21.52674960960202
434.603,21.472038189409922
434.962,21.21351237142041
435.32,20.80367495334271
435.678,20.64369660699222
436.037,20.60983417804824
436.395,20.143893151423935
436.753,20.210453120036583
437.112,20.054325101032124
437.47,20.146658103748965
437.828,20.053811397648097
438.186,20.011849161628348
438.544,19.868840592930987
438.902,19.41646969848739
439.26,19.50088360329021
439.618,19.503564860148007
439.976,19.432156629273557
440.334,19.189369754439543
440.692,18.930828481283765
441.049,18.979057024225867
441.407,19.07970158658383
441.765,18.6648660038762
442.122,18.629649007879955
442.48,18.470300648097858
442.837,18.783321933826304
443.195,18.13514450543952
443.552,18.3697034289317
443.91,18.166291846697746
444.267,17.933852962590848
444.624,17.73426180183853
444.982,17.570971157093524
445.339,17.883477866693628
445.696,17.949779392273076
446.053,17.60501295806784
446.41,17.337724888394757
446.767,17.045656337290453
447.124,17.22602748452807
447.481,17.003111786683274
447.838,17.022580371145708
448.195,16.8465895938245
448.552,16.787042130540367
448.908,17.10234131390632
449.265,16.80824379352618
449.622,16.9416645334523
449.978,16.92937650407072
450.335,16.66344174051577
450.691,16.75900506869016
451.048,16.832055443382025
451.404,16.411011119098674
451.761,16.67995098802782
452.117,16.388610337405805
452.473,16.367755264266467
452.829,15.988193066478704
453.186,16.546107676700586
453.542,16.10845485506562
453.898,16.2606425243676
454.254,16.253377396693875
454.61,15.987856338242416
454.966,16.127205195228903
455.322,15.997584030438679
455.678,16.484425154046203
456.033,15.906552372361716
456.389,15.629060465568823
456.745,16.051176140560337
457.101,15.92023050790194
457.456,16.092762902834966
457.812,15.705932564344458
458.167,15.921028794912369
458.523,15.880055774473995
458.878,15.969083011014328
459.234,15.666195416343689
459.589,15.599361742911471
459.944,15.828912331101238
460.3,16.22888788989207
460.655,15.619162116626395
461.01,15.54602459255561
461.365,15.560338052259128
461.72,15.473973809211925
462.075,15.667427140504104
462.43,15.572684515301717
462.785,15.530210272852855
463.14,15.42335102365691
463.495,15.719742802589836
463.85,15.550757762505548
464.205,15.315138630193506
464.559,15.335612454760158
464.914,15.387742091925857
465.269,15.191797233772329
465.623,15.206242947850715
465.978,15.308109018928727
466.332,15.49553734865953
466.687,15.46136694619
467.041,14.975731343250404
467.395,15.377143933219127
467.75,15.366856043666814
468.104,15.047055627527541
468.458,15.011230682404362
468.812,14.998935967601914
469.166,14.923538407325564
469.52,15.16140551723398
469.874,15.068737817362456
470.228,15.214408927938342
470.582,15.020363115638018
470.936,15.157113105224724
471.29,15.102587529955324
471.644,15.340931914621903
471.998,14.937913469834998
472.351,15.117104731849812
472.705,15.128789755500115
473.058,14.865839704464985
473.412,14.860067358260268
473.766,14.945639761934869
474.119,14.814712791117483
474.472,14.997374098938248
474.826,14.876904055886616
475.179,15.119392528805577
475.532,15.032762218596323
475.886,14.90837176453215
476.239,15.32304624601893
476.592,14.837776831161033
476.945,14.775338151927354
477.298,14.834042709830005
477.651,14.816906791934617
478.004,14.74622648292702
478.357,14.574061347031215
478.71,14.482538358143595
479.063,14.517843471363669
479.415,14.67698487050506
479.768,14.974456729504015
480.121,14.421168269388517
480.473,14.539573198391905
480.826,14.840048255770078
481.179,14.722654186784254
481.531,14.509663199582059
481.883,14.456785270424811
482.236,14.687773948173538
482.588,14.767833954085154
482.94,15.039441681565238
483.293,14.35272815385216
483.645,14.078297483998684
483.997,14.63634455490149
484.349,14.710407772304821
484.701,14.647730504367017
485.053,14.621122999751096
485.405,14.392925508118637
485.757,14.50982193478029
486.109,14.133837363732251
486.461,14.539185433801583
486.813,14.620420095062407
487.164,14.715610009280075
487.516,14.418070656328116
487.868,14.228446775660982
488.219,14.46987527241942
488.571,14.552377290584579
488.922,14.716506097897577
489.274,14.329883837007774
489.625,14.250936863863624
489.977,14.178888965243102
490.328,14.077916312805296
490.679,14.360919170711268
491.03,14.270407919716536
491.382,14.219765668700001
491.733,14.422898787544167
492.084,14.08782497220785
492.435,13.909656426659478
492.786,14.122419175750295
493.137,14.123046472464859
493.488,13.939476874167504
493.839,13.803312809288448
494.189,13.923145303080142
494.54,13.850122358207015
494.891,14.267976333911271
495.242,13.757255335272667
495.592,14.023133428500103
495.943,13.800929477176567
496.293,13.93512000897791
496.644,14.16551516746543
496.994,13.80180779502014
497.345,13.84621903132802
497.695,13.419203509811325
498.045,13.86609299016516
498.395,13.571267211729596
498.746,13.958569298172419
499.096,13.803168746356215
499.446,13.614311426163626
499.796,13.533398571953766
500.146,13.506950498050264
500.496,13.420781615293453
500.846,13.524052471792658
501.196,13.578200580997327
501.545,13.3534711706327
501.895,13.662775142401792
502.245,13.777812528341318
502.595,13.85223677284264
502.944,13.638550822532814
503.294,13.502341848386502
503.643,13.593230025103939
503.993,13.508254566896616
504.342,13.561003231074931
504.692,13.57676367667823
505.041,13.460784887688972
505.39,13.570046974455087
505.74,13.753909073823966
506.089,13.307430779149733
506.438,13.482267609876526
506.787,12.778741349925493
507.136,13.409568651052737
507.485,13.197018206936907
507.834,13.414356364712608
508.183,13.354797676695332
508.532,13.555507943013787
508.881,13.56997695788718
509.229,12.950872986149585
509.578,13.123268160591877
509.927,13.432467532487202
510.276,13.063648328683687
510.624,13.303341011067307
510.973,13.1275608103151
511.321,13.020444506007383
511.67,13.598745743101357
512.018,13.086846716410985
512.366,13.351380933957643
512.715,13.141376532463804
513.063,13.001766057909586
513.411,13.303024753264001
513.759,12.96933664167772
514.107,12.871960015809108
514.456,13.058869125844089
514.804,13.134942743570202
515.152,13.110114470487707
515.499,12.894768737977925
515.847,13.101017870841298
516.195,12.785036522759672
516.543,12.899130589867749
516.891,12.831114541441558
517.238,12.665808774597279
517.586,12.806666238523034
517.934,12.888508632653146
518.281,12.84485116020517
518.629,12.834686562029997
518.976,12.999881432869776
519.324,12.70183507127486
519.671,12.692812030846884
520.018,12.71281532090648
520.365,12.618469382669481
520.713,12.69930903093659
521.06,12.741994572036326
521.407,12.730917433270267
521.754,12.68434064058747
522.101,12.658340940619919
522.448,12.635364090365863
522.795,12.922311388788463
523.142,12.896913732927814
523.489,12.905128675647973
523.836,12.999742299518584
524.182,12.923788571484781
524.529,13.09704924739443
524.876,12.745183429354968
525.222,12.680342007440398
525.569,12.747461685515676
525.915,12.463040046180687
526.262,12.69698564313522
526.608,12.626409074270919
526.954,12.690688099040697
527.301,12.723442965199656
527.647,12.81190951247932
527.993,12.69547097260866
528.339,12.669390628571653
528.686,12.418633254389238
529.032,12.552895732201616
529.378,12.597938722685173
529.724,12.793088284605604
530.07,12.972499153991693
530.415,12.849312355992641
530.761,12.57111232890417
531.107,12.791843802504392
531.453,12.804587798144013
531.799,12.762154310505291
532.144,12.540071071702501
532.49,12.829968393263023
532.835,12.63766708996662
533.181,12.5804326395351
533.526,12.381764850894392
533.872,12.667759121930004
534.217,12.640560336398687
534.562,12.639023264600375
534.908,12.668939149600845
535.253,12.806213315064435
535.598,12.702412528121092
535.943,12.750320315538852
536.288,12.523016968746951
536.633,12.661482876868021
536.978,12.67180597657586
537.323,12.942797470732732
537.668,12.716448054189259
538.013,12.555300469371865
538.358,12.63798354898796
538.702,12.582742958973473
539.047,12.675871482523643
539.392,12.765525220167655
539.736,12.75328398670548
540.081,12.718620077941122
540.425,13.054958613171321
540.77,12.921599091024914
541.114,12.84151212222416
541.459,12.723508517061347
541.803,12.796438579368983
542.147,12.830774610552561
542.491,12.562504175949677
542.835,12.668655379149888
543.18,12.826669021309876
543.524,12.827408229774555
543.868,12.610860134624541
544.212,12.754861371093767
544.556,12.877278497724124
544.899,12.785991161007122
545.243,12.903204189486727
545.587,12.851962666224258
545.931,12.682311206787208
546.274,12.831540387127811
546.618,12.90754795350528
546.962,12.781182460817988
547.305,12.823268585343476
547.649,12.733795084812288
547.992,12.61344272969554
548.336,12.811249864213432
548.679,12.843159106267743
549.022,13.189525874874416
549.365,12.770851425706761
549.709,12.867633603670848
550.052,12.98087818338635
550.395,12.787950942617522
550.738,12.937258121724339
551.081,12.578550240448324
551.424,12.929049599882363
551.767,12.903592998292913
552.11,12.900829277359435
552.453,12.299951406935474
552.795,12.751565541410782
553.138,12.837222917988273
553.481,12.826089672225182
553.823,12.935804271747124
554.166,12.80112124221979
554.508,12.971427987243171
554.851,12.599305327043638
555.193,12.753346023459134
555.536,12.97689065333545
555.878,12.77515147658319
556.22,12.92012597116888
556.563,12.856871284545674
556.905,12.714677895896637
557.247,12.810765580623409
557.589,13.175306782910646
557.931,12.66266364326896
558.273,12.937607827226428
558.615,12.98765766405747
558.957,12.800090010760794
559.299,12.813853349397169
559.64,12.808591690524876
559.982,13.254617765104213
560.324,12.907294713301814
560.666,13.039482442458475
561.007,12.837907911340535
561.349,12.702071625003619
561.69,12.6989588430843
562.032,12.922225312186436
562.373,12.62351402382095
562.715,12.798819156849852
563.056,13.037807692494242
563.397,12.918977849134794
563.738,13.020971485106239
564.08,12.63473547805095
564.421,12.995403660352506
564.762,12.92124699792739
565.103,12.678412215295936
565.444,12.709040584757297
565.785,12.927016114755329
566.126,13.012704011495
566.466,13.05416580462756
566.807,12.857070567075612
567.148,12.65552798841765
567.489,12.833138357367282
567.829,12.707912329245415
568.17,12.818086998353587
568.51,12.988285585898083
568.851,12.90731321328409
569.191,13.071196578653524
569.532,12.916011146807929
569.872,12.797615749303883
570.212,13.100183236370322
570.553,13.28721969977316
570.893,13.212426501512144
571.233,13.175006418734561
571.573,12.91393766571545
571.913,12.912063545641328
572.253,12.999309501419695
572.593,13.067573827670639
572.933,12.999426904144714
573.273,12.99643141734068
573.613,12.953369268092636
573.952,12.84738926869183
574.292,12.992310400911123
574.632,13.106369061471815
574.971,12.892131089224796
575.311,13.241859105681561
575.65,13.124726010926633
575.99,13.198757715014947
576.329,13.279034230477095
576.669,12.74579939661992
577.008,12.889764065584577
577.347,13.079076046496649
577.687,13.151975850285757
578.026,13.174854289477157
578.365,13.011214477235065
578.704,13.16189567891016
579.043,13.237532180820809
579.382,13.165421854698456
579.721,13.010870981643242
580.06,13.172169887771702
580.399,13.317370334073386
580.737,12.916824125601561
581.076,13.03645424957661
581.415,12.911960028309103
581.753,13.248984570481825
582.092,12.813862299237558
582.431,13.457122682458962
582.769,13.157665095399953
583.108,13.244234219394041
583.446,13.184311153610293
583.784,13.285168047043848
584.123,13.274192091551702
584.461,13.489848710689413
584.799,13.166710889633883
585.137,13.342494220610911
585.475,12.939549001795768
585.813,13.064622806425696
586.151,13.247869983545144
586.489,13.074707554560156
586.827,13.25205920130394
587.165,13.261577778870485
587.503,13.256150335424321
587.841,13.234790148091772
588.178,13.093033326063633
588.516,13.369483312953234
588.854,13.122802931504676
589.191,13.428024689561543
589.529,13.43400587579717
589.866,13.949488913680614
590.204,13.558961210061971
590.541,13.500048751953255
590.878,13.566640853965238
591.215,13.435509882514523
591.553,13.77003285746981
591.89,13.77906076243833
592.227,13.477536244250576
592.564,13.559142908429395
592.901,13.681040137451108
593.238,13.855546050171217
593.575,13.559851200095004
593.912,13.784350076434901
594.249,13.903595017387865
594.585,13.73337479750048
594.922,13.979452973952625
595.259,13.769794260202083
595.595,13.800050254135055
595.932,13.620331691097075
596.269,13.819025317037907
596.605,13.717213020366106
596.941,13.7909991844379
597.278,13.603727151992548
597.614,13.594646663421042
597.95,13.514524658483927
598.287,13.64078111786464
598.623,13.702686751749212
598.959,13.604331057018692
599.295,13.536868529063373
599.631,13.617147429145614
599.967,13.427714974889144
600.303,13.33291341805173
600.639,13.508472575196894
600.975,13.233627039676824
601.311,13.849138693864207
601.646,13.631032009245066
601.982,13.388281026579326
602.318,13.804463091879905
602.653,13.561476086925298
602.989,13.42505829893453
603.324,13.268597213896964
603.66,13.585492760376829
603.995,13.346893195231479
604.331,13.707058160030304
604.666,13.596531780813073
605.001,13.488649313524727
605.336,13.1654131464839
605.671,13.693365338344801
606.007,13.568192090919597
606.342,13.661756315127532
606.677,13.600862844082679
607.012,13.904356326760372
607.346,13.755379122978674
607.681,13.782930155216718
608.016,13.763111765961563
608.351,13.62476756783772
608.686,13.444673819411593
609.02,13.391920094044561
609.355,13.728012062542419
609.689,13.714390896980454
610.024,13.748484333361484
610.358,13.728972541573754
610.693,13.28004425328803
611.027,13.625506982363301
611.361,13.685898231384432
611.696,13.624525482976765
612.03,13.801372665001624
612.364,13.88400391206937
612.698,13.757765687655755
613.032,13.922041674689114
613.366,13.533634727418704
613.7,13.43811213849286
614.034,13.505078317496487
614.368,13.779590942217636
614.702,13.660777035053437
615.035,13.927382645469246
615.369,13.613760061475865
615.703,13.962985029333149
616.036,13.75999694566087
616.37,13.413971959378124
616.703,13.927977082265016
617.037,13.756863768999384
617.37,13.772071678829125
617.704,13.565517125717392
618.037,13.759775329767846
618.37,13.845310143954555
618.704,13.731092882246248
619.037,13.948413648978285
619.37,13.577688613576397
619.703,13.691846899921078
620.036,13.822736140407713
620.369,13.907108364793057
620.702,14.020483985568696
621.035,13.843865171898203
621.367,13.593166269336141
621.7,14.06775078439317
622.033,14.069149562828844
622.366,13.843130037113754
622.698,13.729955268923014
623.031,13.68027168858577
623.363,14.12968170139541
623.696,13.886944535786688
624.028,14.12190947453671
624.361,13.985573416647537
624.693,14.087486215409484
625.025,13.78121156516366
625.357,13.851140889217634
625.689,13.96379297201492
626.022,13.967474676512289
626.354,13.909282360761434
626.686,13.836324158036295
627.018,14.021641235929476
627.35,14.174176271172557
627.681,13.809501168565916
628.013,14.01629883563266
628.345,14.133914653150219
628.677,13.821877876172607
629.008,14.057879978536906
629.34,13.46681146379809
629.672,13.869517907261233
630.003,14.143383048402137
630.335,13.852979928103332
630.666,14.081277569580074
630.997,13.969138680886129
631.329,13.809272561902171
631.66,14.290318646998355
631.991,14.35767008127284
632.322,13.927368039446684
632.653,14.141962720809943
632.984,14.361547189796942
633.316,14.224563594526565
633.646,14.11285878926966
633.977,14.245503218330956
634.308,14.072417547231574
634.639,13.861152987064653
634.97,14.007957598693293
635.301,13.995147502183576
635.631,14.1755974503993
635.962,14.126049655789252
636.292,14.281117011890714
636.623,14.094979602524367
636.953,13.963189898587476
637.284,14.006704882913503
637.614,14.44297819959354
637.944,14.037026667727677
638.275,14.211778065025033
638.605,14.291968706259514
638.935,14.31835491976443
639.265,14.150225314818822
639.595,14.089936785501944
639.925,14.448720022945652
640.255,14.136133242405323
640.585,14.33220921617212
640.915,14.32876325199681
641.245,14.19043199930728
641.575,14.899848581113
641.904,14.37544414048871
642.234,14.361976071248634
642.564,14.166720399394906
642.893,14.321663783677833
643.223,14.219780500675844
643.552,13.955389168658916
643.882,14.585629878986065
644.211,14.049525735495651
644.54,14.430029935884516
644.869,14.458334948608048
645.199,14.102107817165024
645.528,14.437885734595508
645.857,14.576710621193921
646.186,14.572736613121583
646.515,14.308801186798506
646.844,14.830570669901801
647.173,14.275680970869605
647.502,14.50770178995742
647.83,14.599727601630699
648.159,14.401375136220825
648.488,14.548176135921834
648.817,14.75900433822917
649.145,14.743787093965933
649.474,14.466056219083573
649.802,14.805472296964826
650.131,14.527187701194226
650.459,14.580065827840755
650.787,14.247984588484774
651.116,14.500956993846764
651.444,14.655283937923764
651.772,14.523817672459936
652.1,14.369488391230714
652.428,14.59269194517666
652.756,14.64980594335513
653.084,14.405183441735057
653.412,14.584604812010578
653.74,14.37737031002655
654.068,14.455710081213367
654.396,14.632550442445602
654.724,14.552625690556154
655.051,14.639920837345942
655.379,14.426520712681768
655.707,14.92593169987411
656.034,14.399934764027474
656.362,14.862015874956548
656.689,14.493129813879122
657.016,14.344960438978745
657.344,14.363895975905052
657.671,15.169642172905622
657.998,14.514066215411848
658.325,14.623177927665395
658.653,14.566971345154668
658.98,14.797537840632488
659.307,14.585060159652235
659.634,14.707788951315669
659.961,14.394344243038839
660.287,14.648606801151033
660.614,14.652731794207236
660.941,14.564685149092737
661.268,14.967664978800837
661.595,14.610891681994538
661.921,14.463603196752134
662.248,15.098368186580236
662.574,15.007428503409802
662.901,14.939976965930333
663.227,14.36381351689263
663.553,14.695851452732082
663.88,14.923640295891083
664.206,14.790659863761654
664.532,14.695641944396199
664.858,14.78743045500905
665.185,14.685774332252999
665.511,14.835898787841522
665.837,14.634263252190284
666.163,15.049426928056812
666.489,14.65666195902865
666.814,14.908872169353627
667.14,14.663109630902742
667.466,15.10045506853138
667.792,14.911968997706603
668.117,14.599697153413754
668.443,14.903255032778143
668.769,14.497626344849447
669.094,15.176330449966983
669.419,15.0411386419298
669.745,15.115230554536419
670.07,15.006383012581118
670.396,14.96775719654987
670.721,14.608883836123663
671.046,14.605587674740603
671.371,15.360120238689857
671.696,14.811804893652026
672.021,14.97420585200942
672.346,14.942375768674026
672.671,14.863662482500535
672.996,15.05178969418902
673.321,15.179151122520382
673.646,14.882799339619442
673.97,15.038102446365288
674.295,15.166702000807767
674.62,15.259290374826623
674.944,14.793933194900674
675.269,14.915764694956833
675.593,14.797777363382668
675.918,15.001560704224177
676.242,15.078269297192325
676.567,15.068673947317736
676.891,15.266228981625362
677.215,15.462837116760415
677.539,15.14734263285824
677.863,14.840652497954256
678.187,15.040332000933164
678.511,15.09643444680101
678.835,14.964534843116565
679.159,15.14980515487953
679.483,15.19584638101249
679.807,14.840737330036283
680.131,14.97260518563255
680.455,15.142797707181652
680.778,14.823731073063488
681.102,15.215039791356173
681.425,14.959951483507977
681.749,15.608985595383418
682.072,15.270434199768518
682.396,15.378424846064476
682.719,15.37171055007672
683.042,15.427499961209323
683.366,15.553410549846982
683.689,15.277345473543328
684.012,15.063185257016942
684.335,15.17652941966154
684.658,15.136827607658326
684.981,14.774786915706512
685.304,14.892590883167744
685.627,15.077967148964829
685.95,15.36654738300806
686.273,15.420849478783158
686.595,15.467585385895813
686.918,15.367937082184493
687.241,15.481674920395237
687.563,15.173618159123128
687.886,15.370850512341356
688.208,15.053301422826157
688.531,15.306043557987758
688.853,14.922163524355115
689.175,15.494296215656696
689.498,15.412814306116891
689.82,15.46834689630396
690.142,15.5004453923397
690.464,15.411935437654009
690.786,15.231662453698751
691.108,15.006377748415241
691.43,15.606418298292141
691.752,15.086177178068768
692.074,15.316664500095586
692.396,15.469752149013738
692.718,15.22916953753934
693.039,15.562968754652465
693.361,15.533962382342898
693.683,15.440728085518092
694.004,15.591794461788144
694.326,15.559907017837435
694.647,15.831238696871925
694.969,15.87928375695932
695.29,15.403389189227026
695.611,15.19183933565403
695.932,15.90474805639703
696.254,15.662298849274793
696.575,15.354569318143914
696.896,15.311553069536382
697.217,16.008037942452024
697.538,15.483487300446091
697.859,16.05594940358678
698.18,14.87241892668932
698.501,15.957344794021848
698.821,15.842295553109958
699.142,15.191020908317087
699.463,15.467747046208224
699.783,15.01794166853604
700.104,15.747477784766108
700.424,15.746367257566392
700.745,15.931338553731656
701.065,15.568339683054749
701.386,15.23675177920483
701.706,16.491294162888654
702.026,15.486796896281724
702.347,15.838906810772247
702.667,15.34893765085987
702.987,15.535033380316436
703.307,15.50256588275956
703.627,15.959951169102672
703.947,15.491822824781368
704.267,15.51286441839869
704.587,15.738356150425288
704.906,15.371754235687371
705.226,15.757144450181594
705.546,15.567497259528794
705.865,15.8904577051715
706.185,15.27675940432798
706.505,15.947206427973033
706.824,15.604582030285876
707.143,15.794939202472637
707.463,15.535954185336038
707.782,15.89326260913069
708.101,15.586204968525463
708.421,15.485956023618721
708.74,15.76908946560614
709.059,15.527660829611426
709.378,15.96474539909181
709.697,15.81279736632123
710.016,16.1416589086492
710.335,16.030887409121654
710.654,15.58467235755729
710.973,15.934505133345862
711.291,15.553262175945298
711.61,15.938482104509898
711.929,15.52331830855092
712.247,15.946413120198216
712.566,15.636181558501123
712.884,15.506405625545451
713.203,16.31716696486261
713.521,15.683061322386356
713.84,15.772762819910335
714.158,15.601600137381078
714.476,15.75752369323812
714.794,15.884130613726816
715.112,16.325689277406767
715.431,15.768166970029446
715.749,15.834563216310515
716.067,15.986779051359925
716.384,15.995738281999994
716.702,15.853207963196645
717.02,16.182982389906932
717.338,15.639132899586539
717.656,15.771417064973177
717.973,15.611678639866671
718.291,15.512892143926162
718.608,15.981125313524032
718.926,16.097076031010577
719.243,15.865490359844108
719.561,16.157772775720744
719.878,15.783030866475015
720.195,15.49494848040173
720.513,15.172110412074755
720.83,15.81612970819674
721.147,16.446162371539877
721.464,14.532363051050732
721.781,15.522616535248734
722.098,15.658977535981213
722.415,15.226965316309652
722.732,15.497510372364678
723.049,16.178833957728287
723.366,15.347392641514288
723.682,16.059419453220453
723.999,15.653471525206397
724.316,15.341461507074504
724.632,16.01709461556625
724.949,16.462137959556653
725.265,16.25950640477976
725.582,15.978311570182749
725.898,15.581168412385288
726.214,15.424539117724576
726.53,16.034536663075993
726.847,15.388127999414886
727.163,15.571095613116006
727.479,16.288649035971336
727.795,15.276479676891128
728.111,15.750845015740296
728.427,15.650250154442801
728.743,15.826707473929861
729.059,15.194865039473727
729.374,15.334126369325922
729.69,15.733724132322818
730.006,15.70801810656293
730.321,15.309791130033771
730.637,16.04995864576485
730.952,15.760998084960752
731.268,15.33076033109383
731.583,15.775473180178782
731.899,15.90098167323685
732.214,16.247045654503125
732.529,15.96003912235849
732.844,15.30890933433205
733.16,14.828951684055397
733.475,14.931997014623036
733.79,15.391002112602838
734.105,15.534641632435822
734.42,15.941493941204953
734.735,15.361248937227169
735.049,15.220275811442749
735.364,15.287933157869213
735.679,15.39193244142789
735.994,14.54543286309202
736.308,15.239971174838475
736.623,15.114824486543428
736.937,15.557718753087151
737.252,16.301356119506107
737.566,15.089938143060794
737.881,15.05304976116161
738.195,14.9282788995439
738.509,15.053824429290168
738.823,14.41372847785084
739.137,15.61880773490188
739.452,15.250210918361622
739.766,14.141593058761666
740.08,15.648835354118885
740.394,15.343441678188789
740.707,15.88825829836207
741.021,14.859323782889943
741.335,15.59614357424392
741.649,15.747236650485087
741.962,14.783923142496825
742.276,14.460001955477757
742.59,14.824130855372186
742.903,15.4340496653003
743.217,14.211823414374223
743.53,14.64483109765283
743.843,15.130680832562716
744.157,15.09192681367966
744.47,15.627528909981633
744.783,15.191382024371363
745.096,15.036847770202723
745.409,14.972162018606655
745.722,14.210254082917583
746.035,14.545195770197626
746.348,14.599774984379863
746.661,13.548914921722291
746.974,14.35400907085069
747.287,14.915879321195117
747.6,14.742830076844138
747.912,14.911591544922771
748.225,14.425969472835286
748.537,14.771988503637923
748.85,14.078961124948329
749.162,14.262876006080706
749.475,14.347795010930529
749.787,14.675866781543133
750.099,14.411144189612104
750.412,15.933144360836105
750.724,14.844423589672425
751.036,14.617748879713583
751.348,13.842794935288685
751.66,14.093665190113649
751.972,14.883896783421026
752.284,14.545064706765013
752.596,14.069364550612399
752.908,13.967204499240845
753.219,14.689405917723708
753.531,14.066401975425247
753.843,14.74321938778252
754.154,13.83009867611016
754.466,15.134192779513192
754.778,14.04579665528751
755.089,13.727177424190543
755.4,13.895081568479226
755.712,15.320763834010018
756.023,13.977958917255298
756.334,13.476892020581296
756.645,13.136356545653701
756.957,14.167702768827189
757.268,14.091020278778611
757.579,14.23400671512803
757.89,13.7357491690201
758.201,13.56958717697511
758.511,13.131200604674513
758.822,13.573151889230292
759.133,13.498414985825777
759.444,14.084140595883378
759.754,13.937785132369662
760.065,13.033732162946077
760.375,13.203445859598931
760.686,13.325467581736119
760.996,14.238132384108946
761.307,14.542254914235428
761.617,13.01780310450727
761.927,14.2759423268342
762.238,13.670373886500355
762.548,13.312920032764879
762.858,14.072375033690344
763.168,14.085097795101875
763.478,13.110970094944644
763.788,13.497382826901545
764.098,14.0222648141966
764.408,13.709399212165675
764.718,13.305454596864884
765.027,12.309912626086273
765.337,13.74356478426088
765.647,13.875432373824596
765.956,13.997273496311708
766.266,12.962165582601017
766.575,13.362400261260506
766.885,13.86169992105151
767.194,12.891710005037728
767.503,13.037850193093863
767.813,13.970983377964178
768.122,13.043714203430401
768.431,13.658500930234736
768.74,14.6067543951722
769.049,13.995166755197788
769.358,13.561352721119325
769.667,12.221060864445928
769.976,13.691635431982187
770.285,12.759492272962815
770.594,12.730947885085145
770.902,12.366457558547825
771.211,13.7267542002501
771.52,13.304096648589958
771.828,13.687556398466088
772.137,13.952056938928978
772.445,13.096691009065427
772.754,14.164989606618894
773.062,13.187393268760589
773.37,14.430161420777209
773.678,13.069419202780256
773.987,13.122485732202133
774.295,13.18948031966367
774.603,12.965125687799206
774.911,14.024310265752431
775.219,14.29745560129091
775.527,13.283948364895883
775.835,12.678773223643946
776.142,12.86987993982823
776.45,13.855319488208071
776.758,13.791423930811689
777.066,13.61071265473088
777.373,13.124832760659249
777.681,13.120681388396065
777.988,13.952486790245635
778.296,12.981975843388888
778.603,12.689085361391292
778.91,14.369313146940286
779.218,13.448692699405877
779.525,12.976472415673104
779.832,12.392849538834506
780.139,13.855570933979257
780.446,13.48112884663244
780.753,13.340698223625187
781.06,14.573529960308615
781.367,12.721563244438132
781.674,14.341506051030537
781.981,12.843912151002964
782.288,14.094308315803822
782.594,13.379632323390002
782.901,14.837806974092368
783.207,13.596677710811996
783.514,12.03275937769358
783.82,13.42109206562958
784.127,13.953601989459777
784.433,13.47797023468293
784.74,13.099661740976947
785.046,13.173045000651799
785.352,12.660220667529144
785.658,12.991339328194085
785.964,12.911817845229336
786.27,12.377375019499715
786.576,13.268233051542522
786.882,13.835701432449591
787.188,13.443466576347914
787.494,11.868740005811608
787.8,12.926664802360948
788.105,14.234934525697382
788.411,11.82428310207478
788.717,13.030233535115535
789.022,14.316501568934592
789.328,12.54824109938803
789.633,13.032025689421868
789.939,12.514124679012069
790.244,13.239745539219333
790.549,14.209814478307445
790.855,11.45962395229787
791.16,13.07729707683147
791.465,13.799147107363021
791.77,12.78727669777636
792.075,11.212443802105616
792.38,13.860251870644467
792.685,13.214622839151371
792.99,12.231207803360219
793.294,13.125355606903703
793.599,14.381116286673635
793.904,13.578116535227284
794.209,12.554796862460952
794.513,12.92715400137756
794.818,12.555531233512164
795.122,12.935012750907688
795.427,12.748908737857846
795.731,13.026672305203578
796.035,13.280275064979683
796.339,12.229893921470937
796.644,14.97217504922865
796.948,13.607052363658795
797.252,13.345934188200262
797.556,12.073941336151357
797.86,12.317442269046403
798.164,13.298276428849237
798.468,13.895152331773113
798.772,13.431225472725773
799.075,12.302960881239912
799.379,12.8059479398691
799.683,13.91404386493442
799.986,12.961191191570542
800.29,14.320996903115967
800.593,12.187799180546035
800.897,13.103893286349953
801.2,12.548532508798585
801.504,13.090868279667015
801.807,14.12043210974159
802.11,13.17567262721401
802.413,14.296663651558912
802.716,13.153346919640995
803.019,12.730626507617572
803.322,14.074504370724426
803.625,11.655818933623468
803.928,14.047079139406723
804.231,12.723452629518375
804.534,14.011065748417268
804.837,13.308808854260135
805.139,14.284619491897814
805.442,12.442301491190275
805.745,12.187324166148366
806.047,13.46398528697809
806.35,13.104060430524614
806.652,14.24623434835071
806.954,12.48115382633088
807.257,10.73734584674922
807.559,12.716479211256287
807.861,13.333818449939296
808.163,12.410641832215253
808.465,11.489205363173323
808.767,14.674931296780368
809.069,13.089843909664445
809.371,15.462580401553277
809.673,12.041586581506225
809.975,13.931194119616265
810.277,12.076968731092256
810.578,12.763656852374009
810.88,13.960049009887609
811.182,13.047030873317523
811.483,12.13289289455603
811.785,13.461350437674444
812.086,12.369166521659743
812.387,12.074604333648002
812.689,11.02043019736904
812.99,13.62644949358476
813.291,13.613100244539499
813.592,12.97957615317036
813.893,13.083386983679723
814.195,11.812419234356454
814.496,11.259077267762363
814.796,15.48542298830852
815.097,12.673417425489003
815.398,13.83692159221181
815.699,12.928514999204047
816,11.502515600843907
816.3,12.402563655376156
816.601,14.887309224645147
816.901,13.44860815139484
817.202,14.13614402033073
817.502,13.204186277705848
817.803,11.338636323578044
818.103,12.727932690329046
818.403,11.19711366612499
818.704,12.9575249568995
819.004,15.027505788353569
819.304,12.10063003648129
819.604,12.93181209972852
819.904,12.28191954012254
820.204,11.776074262873145
820.504,14.693384219429763
820.804,12.179843287419992
821.104,12.489210728849926
821.403,13.200350455572636
821.703,9.387655283176551
822.003,11.067063622356846
822.302,12.267346804265152
822.602,10.65069615949123
822.901,15.801707743200565
823.201,13.904684250392696
823.5,14.714532027948662
823.799,12.83160488799357
824.098,13.478785679032766
824.398,15.390738020581816
824.697,13.907453206558845
824.996,15.016153879339006
825.295,16.279510363008008
825.594,13.585165971228985
825.893,14.772114714274057
826.192,15.155499744968415
826.49,12.351711256759883
826.789,14.383328703143896
827.088,14.539326016761702
827.386,9.996313397117467
827.685,12.00613283628855
827.983,13.73110481820349
828.282,15.729594465404242
828.58,16.535663361060212
828.879,16.273316329265842
829.177,14.105102982156753
829.475,11.275165912242262
829.773,12.964568189203407
830.072,12.361353521179309
830.37,9.425504610082053
830.668,10.876725755408664
830.966,12.245120203078642
831.264,13.429011207812056
831.562,10.282972738816774
831.859,15.254377841293378
832.157,13.434987387379705
832.455,11.343407568140051
832.752,17.933241420263084
833.05,10.671737386387587
833.348,15.204410734209251
833.645,15.335344652344354
833.942,13.819484104333947
834.24,12.171075152517991
834.537,15.89446713995571
834.834,11.460702415282656
835.132,12.428940780068558
835.429,18.07096611398861
835.726,13.648668327015782
836.023,12.112252083197886
836.32,12.950529485760951
836.617,11.238509191765047
836.914,14.280318309008662
837.21,10.984983827088815
837.507,15.249454171243885
837.804,16.389770171376426
838.101,12.314896003886487
838.397,13.93717154684127
838.694,12.358188066012163
838.99,11.419286862342647
839.287,14.320775461908205
839.583,13.864868839807615
839.879,15.275854625712352
840.176,12.489600178142926
840.472,14.583802269873456
840.768,12.977998201423487
841.064,12.773411401866667
841.36,14.269471394150736
841.656,14.359146128653245
841.952,13.386896914231489
842.248,13.096901071471928
842.544,13.275029394217738
842.839,15.436935871335224
843.135,8.6355077799021
843.431,13.593438457438799
843.726,15.347514851881687
844.022,13.790431205118894
844.317,18.039405903847545
844.613,14.812047374610575
844.908,17.34746694581457
845.204,13.845831902091277
845.499,11.568697307645806
845.794,12.77631648554885
846.089,12.337057836616324
846.384,12.359145038108782
846.679,11.576886519653787
846.974,12.373791743325965
847.269,15.730708170760021
847.564,14.111257153145766
847.859,15.158688700131647
848.154,11.869737233245516
848.448,13.221855145304907
848.743,12.229406763560561
849.038,15.350969081904047
849.332,11.917800083487208
849.627,12.619430316777986
849.921,15.306487508513642
850.215,15.222010761282363
850.51,14.152468112812299
850.804,10.821186257521633
851.098,12.58600306974168
851.392,13.414929652612262
851.686,12.535622074102728
851.981,12.50998252270341
852.275,14.291187987960779
852.568,10.960907650634207
852.862,12.790756964221908
853.156,13.981502626657726
853.45,13.553308028127468
853.744,8.963213557893587
854.037,14.548404695816881
854.331,14.229690609155284
854.624,12.989999342343861
854.918,12.242264701634705
855.211,12.681402658030962
855.505,13.437939424142561
855.798,14.861842713593985
856.091,14.431592586974585
856.384,11.934176052319895
856.678,12.63975860620445
856.971,12.23890656741714
857.264,10.619918529557802
857.557,16.97676547608211
857.85,14.73484116170251
858.143,11.745556995687453
858.435,11.198294328489062
858.728,11.18159013700517
859.021,12.839483911494753
859.313,12.702416146449398
859.606,12.725863541989561
859.899,14.538066282242479
860.191,12.150428823631767
860.483,12.133379973613152
860.776,16.335411150740946
861.068,12.038060033281724
861.36,13.985633074637885
861.653,12.213929401424533
861.945,13.971925428251138
862.237,12.330410598951833
862.529,11.47231526831506
862.821,12.469868964994367
863.113,11.606559878988602
863.405,9.878097948280729
863.696,13.264340176024355
863.988,11.860741809639485
864.28,14.315070704415776
864.572,10.540145408425147
864.863,17.106403187411836
865.155,12.609447319060202
865.446,14.003682882639412
865.738,12.434938029768038
866.029,14.555411881450373
866.32,14.328640003202606
866.611,16.407460005905914
866.903,11.821589298358926
867.194,17.232898395684877
867.485,17.27433539895725
867.776,15.923739306516822
868.067,11.315656973972615
868.358,11.541301186907921
868.649,14.75909915327914
868.939,15.518488171119639
869.23,11.047663650021411
869.521,11.158867673762167
869.811,14.828921249098446
870.102,10.630562448336917
870.393,11.253545840224955
870.683,12.702232774089204
870.973,16.540510160554142
871.264,17.212532160464
871.554,15.321225090128754
871.844,15.409447879161393
872.135,20.10634012948625
872.425,12.29939637413729
872.715,4.824656544020707
873.005,20.15808774039609
873.295,14.300018389846326
873.585,14.641943126641085
873.874,11.891824355270916
874.164,18.450217554150054
874.454,14.514591630711024
874.744,15.355648798944484
875.033,10.25272021133519
875.323,12.814280352252434
875.612,13.011919508157494
875.902,13.54492556656259
876.191,14.11591729386268
876.48,10.716224452330692
876.77,12.17425480113292
877.059,20.514833142006296
877.348,8.332586294112792
877.637,20.193817315453085
877.926,9.359379820009996
878.215,11.827178984260255
878.504,11.541980223323975
878.793,10.275271440976697
879.082,9.631294937976929
879.371,17.10324962773406
879.659,15.308003588754802
879.948,14.908072441589555
880.237,17.168384080822587
880.525,5.100401808007361
880.814,16.917460266600017
881.102,6.799743278832805
881.391,12.535861715796731
881.679,-8.863053078616868
881.967,16.494191776564307
882.255,19.961668125704293
882.544,4.27554482829698
882.832,7.408587128469347
883.12,9.551527901832474
883.408,20.224477998739832
883.696,18.29094425000791
883.983,11.351061174515351
884.271,18.0583786155506
