153.834,0.0
154.224,0.7687794824831469
154.614,-20.877398175990194
155.005,7.635264062216068
155.395,8.290015352189743
155.785,-1.6854766037350546
156.176,-11.293203969714074
156.566,0.0
156.956,2.632807729991765
157.346,0.0
157.736,-0.39911137011333564
158.126,-2.693110566377226
158.516,-0.5679984729325087
158.906,6.49621158938139
159.296,-0.28327539868710855
159.686,-5.840503998637384
160.075,3.743020956474574
160.465,-1.9195875267438818
160.855,3.147661355183089
161.245,4.2965340454768635
161.634,-7.412191500848629
162.024,-0.05978186596190804
162.414,0.0
162.803,-1.2605481515970018
163.193,5.107587796228435
163.582,-0.3428145666340433
163.971,0.0
164.361,2.361555303887025
164.75,9.894304499064537
165.139,-0.3010299956639812
165.529,0.06028849375614148
165.918,-4.8699459494839745
166.307,0.0
166.696,0.6517814551900277
167.085,9.32679815774171
167.474,-10.050236849782808
167.863,6.0096484276620465
168.252,-5.023917474446127
168.641,9.213873686174294
169.03,0.0
169.419,-0.1733346124105034
169.808,0.10351802023962725
170.197,5.287299724124166
170.585,0.6922366216770504
170.974,6.2819052684128485
171.363,14.5961974079639
171.751,22.363105294170847
172.14,-0.7453929896747474
172.529,5.923269986529352
172.917,-4.831923175325618
173.306,-0.8010664311021598
173.694,-0.9537963708789244
174.082,0.0
174.471,-7.117277985370695
174.859,0.0
175.247,-1.35810557244353
175.635,0.31527559935827504
176.024,-17.50196504198022
176.412,10.967307797289454
176.8,-3.776302710098964
177.188,-1.8366800786006041
177.576,-11.642287616490112
177.964,0.0
178.352,0.0
178.74,-0.2568410910131764
179.128,1.507072569574466
179.515,9.91664368738762
179.903,1.6037597762058569
180.291,-0.5063722875850665
180.679,-0.042778037538831526
181.066,-14.99178260386708
181.454,0.0
181.842,0.0
182.229,6.76972809629676
182.617,9.452768355101265
183.004,1.4623375891058812
183.391,2.3042384331397634
183.779,8.52212242964825
184.166,1.8827906198475133
184.554,-7.615165337434358
184.941,14.751510109966242
185.328,-0.9088099843887316
185.715,10.484326145579937
186.102,-4.203873853490894
186.489,-12.237606395084647
186.876,0.0
187.263,-5.107346104990059
187.65,-16.54920617973093
188.037,3.3475898205134196
188.424,-2.581055967297039
188.811,-3.4505512537861245
189.198,-1.594493811234104
189.585,-3.378854556357078
189.971,-2.3331792573317083
190.358,-6.40160440689085
190.745,1.2594980168468435
191.131,-0.6505181627019406
191.518,3.287924713295326
191.905,-1.3872397358949005
192.291,-2.6326282431826074
192.677,2.5396844474928377
193.064,-1.120358737130489
193.45,-5.313909311308898
193.837,-1.7060879281693417
194.223,-1.6414774524601714
194.609,0.20807461274571137
194.995,-0.9615061695292705
195.381,-1.7020102646513637
195.768,-3.928684308797425
196.154,0.4942368490040461
196.54,-5.3990342947546965
196.926,-6.399528324402653
197.312,-1.3302632874826383
197.698,-4.726050469265315
198.084,-1.12138886728949
198.469,-1.7778519774493866
198.855,1.1771763192086482
199.241,-1.8449232512688611
199.627,0.10993405533617419
200.012,-7.105877159923652
200.398,-3.323348149067956
200.784,-0.7137447559071705
201.169,-2.9122363067372454
201.555,-3.018780180050415
201.94,-0.3865996825791623
202.326,-9.574401747182048
202.711,3.2657354547484805
203.096,-3.182024980592174
203.482,1.9191993581192193
203.867,0.011107392280391544
204.252,0.39354999124369977
204.637,-2.2935170408319903
205.023,-12.015860887362038
205.408,2.423101184928156
205.793,-4.276976025595125
206.178,0.24486491929915977
206.563,-6.535361998570277
206.948,-1.3200099828093816
207.333,-5.710140712588965
207.718,-6.797578741643568
208.102,-2.8177526041085894
208.487,-3.5774048851552616
208.872,-3.3875217224682097
209.257,-0.7613573699435066
209.641,-0.18029313445724246
210.026,-2.422072176943445
210.41,0.4124692518041808
210.795,-3.6836895681433313
211.18,-0.27429533163034664
211.564,-2.6465643262539316
211.948,-5.531496603407553
212.333,-2.214700609483349
212.717,-3.8149475196982015
213.101,0.0824075390691815
213.486,-0.591470927694592
213.87,-9.291652835294212
214.254,-11.496523816553248
214.638,-2.1317343126712838
215.022,3.9595959670917975
215.406,0.015385206693533299
215.79,-6.381815126043439
216.174,-0.2028746317289849
216.558,-3.803738974075479
216.942,0.15695416537160067
217.326,-5.130036649998751
217.71,-2.9609959319760115
218.094,1.7465032476364006
218.477,-3.9814737691812283
218.861,-1.600431834390889
219.245,-4.888564889496428
219.628,4.488705782314951
220.012,-0.8527500221305626
220.395,-6.071558261754526
220.779,-4.8263027989298
221.162,-2.9355227548275025
221.546,-3.7024654588492694
221.929,-6.372054384515504
222.312,1.725483264117244
222.696,-5.150529343089462
223.079,-1.46260338212663
223.462,-0.7442679995127892
223.845,-0.6084775460090324
224.228,-0.5474580709858183
224.611,-5.649810063439911
224.994,-3.2690855328116903
225.377,-5.800042830422944
225.76,1.29896840807292
226.143,-1.7184323857820238
226.526,-0.38097746529170046
226.909,-2.411616614146634
227.292,2.5075990711423786
227.675,-1.7283631668165542
228.057,-2.9848473592785036
228.44,-2.1977432446870364
228.822,-1.3390273591248374
229.205,-6.139214160214989
229.588,-3.8092952621775167
229.97,-13.562858827001705
230.353,-1.6429107165678358
230.735,1.5143838184299598
231.117,-7.9048597014261475
231.5,-7.693277152433817
231.882,-3.0861546113375984
232.264,-6.039150841418032
232.646,-5.831905062173801
233.029,0.3490499436004625
233.411,-4.550972765495046
233.793,-2.423308909789509
234.175,-2.4908325310821207
234.557,-4.446584934048912
234.939,-6.594160904674923
235.321,0.13260953426619734
235.703,-1.63067893445193
236.084,-0.5631834828974918
236.466,1.3663347168151703
236.848,-7.104510054035986
237.23,0.017823914013394587
237.611,-4.376355939751768
237.993,-2.2672105133119502
238.375,4.892997867391607
238.756,-0.37096839840395546
239.138,-7.0640976703443705
239.519,-5.084436861866706
239.901,2.974679214061559
240.282,-9.055404269938194
240.663,-1.716055123364676
241.045,0.3202330762890717
241.426,0.7691359580169854
241.807,-0.4467069817137555
242.188,-0.026229877188191482
242.569,-4.0915375089995525
242.95,1.9243007893778394
243.332,-7.113073148226235
243.713,-9.994757052939866
244.093,-6.767333451018899
244.474,-4.284903716171597
244.855,-5.654674300580011
245.236,-1.566639149051327
245.617,1.3123137036629446
245.998,-0.45566224044821635
246.378,-5.793682140761312
246.759,-1.6424764523684348
247.14,0.021277598532633966
247.52,-7.894739329976508
247.901,-1.4151436643019295
248.281,-0.17987321941193762
248.662,0.8113396520216374
249.042,-2.9269540415921003
249.423,3.047533946255946
249.803,-2.4026570162017755
250.183,0.15091686879192126
250.564,-5.4919364400299955
250.944,-2.9181108171210703
251.324,1.3695810036514067
251.704,-7.908067601316099
252.084,-1.896652349809765
252.464,-1.0827768391226682
252.844,-3.3129214017167112
253.224,1.0510424434525771
253.604,2.3040083232793016
253.984,3.7208102185718754
254.364,-1.4072916979705523
254.744,1.6234753462883704
255.124,-1.2225179635410621
255.503,-0.36664035932913563
255.883,-0.24763821910785447
256.263,1.1917992113764682
256.642,-0.5811759322669025
257.022,-2.1064757817328053
257.401,-3.3182596445094776
257.781,-12.985724320517411
258.16,0.5743974406394805
258.539,-4.253811971545435
258.919,-4.191173076038998
259.298,-8.069815537149514
259.677,-5.984645227566144
260.057,0.13441252936915454
260.436,0.054302346941418486
260.815,-0.515899764729614
261.194,-6.556515708426398
261.573,6.09543273707417
261.952,-1.8848015042905604
262.331,0.37022020405119793
262.71,-5.15374888167026
263.089,-1.7862681296750804
263.468,-3.924574306850521
263.847,-1.8909481810799191
264.225,-1.2815760003022356
264.604,-4.798396319325203
264.983,-15.356744415788961
265.361,-0.19493092576536636
265.74,-7.519497979802613
266.118,-5.340903973999171
266.497,-2.0736903093369308
266.875,-1.7359490711794285
267.254,-3.4384739721303785
267.632,-0.9787448095423023
268.011,-5.166232558582612
268.389,2.455383705657806
268.767,-3.461917083430611
269.145,-0.6603757358696225
269.524,1.141393313400683
269.902,-0.23204541012444707
270.28,-2.1460646756610524
270.658,-0.7935727545656028
271.036,-5.105579268409786
271.414,1.3097046628112037
271.792,1.7374331929429063
272.17,-1.9448673916511963
272.547,1.3373842605240724
272.925,-3.971407521310458
273.303,-4.493006800681245
273.681,-3.3449338139732556
274.058,-0.1829193651733585
274.436,0.3735648295314038
274.814,-1.3802605653772815
275.191,-7.340735409117557
275.569,2.2052316391067075
275.946,0.8641156639786447
276.323,3.291082859919044
276.701,-3.8389577467371825
277.078,-6.842393566389494
277.455,-4.770184535418865
277.833,-6.170652634194268
278.21,-0.9636172596043872
278.587,0.6050925728034049
278.964,-4.27538634092868
279.341,-16.473533508955505
279.718,-2.428935760094642
280.095,-5.306067582777323
280.472,-0.06731448454869737
280.849,-0.6619001581839425
281.226,-0.45714707349236794
281.603,-2.5684370299422765
281.98,-4.286380407158729
282.356,-6.340915538300895
282.733,-2.4213119659162845
283.11,-5.997414590677857
283.486,4.413434571201316
283.863,-3.709662537533571
284.239,-0.932553785487972
284.616,-5.539175247631735
284.992,-3.9537296529040846
285.369,-0.5347292269124615
285.745,-3.2390024695029687
286.121,-3.0321193368573267
286.498,-0.3744840266234253
286.874,2.4386548610195664
287.25,1.5603110140839724
287.626,-8.86423668162259
288.002,1.1830749358918629
288.379,2.069649739245124
288.755,0.6700722158081791
289.131,-2.351931869320299
289.506,-1.8607850311762688
289.882,0.04835214270963397
290.258,-2.4070695505986244
290.634,-2.7804297511127998
291.01,-3.749451917672326
291.385,-2.886208334542975
291.761,-3.001536826371846
292.137,-1.4775857255259333
292.512,-0.09754521308234737
292.888,1.3192234270616168
293.263,-0.11890101229028179
293.639,-0.3740358987843107
294.014,-1.7514166617061404
294.39,-6.557772410084532
294.765,-5.855636912232287
295.14,-0.28442836189957393
295.516,-2.3512897767207623
295.891,-2.624353932532148
296.266,-3.4406293886427535
296.641,-3.8058292782470913
297.016,-1.51214288398701
297.391,-3.33438606306474
297.766,-0.7203595214077639
298.141,-4.136198806546258
298.516,-1.7674639144856679
298.891,-1.6022994880054147
299.266,-0.19837457458895358
299.641,-8.231146152065781
300.015,-2.0698291350660205
300.39,-3.5439948213360433
300.765,-4.484793577644623
301.139,-3.3616094834388797
301.514,-2.0206781064909114
301.889,-1.8733485631248556
302.263,-0.919814567798358
302.637,-2.9188655291106955
303.012,-1.7196215689234997
303.386,-0.8107361634399537
303.761,-0.977268910690821
304.135,-1.3384589892284728
304.509,1.3334934546132393
304.883,-0.9465871380858246
305.257,0.679128424143204
305.632,-1.9063846868424763
306.006,-4.33735351323368
306.38,-4.664428716626604
306.754,1.0794576555508029
307.128,-2.5207262928702856
307.501,-5.418736819965676
307.875,-3.3518034312714313
308.249,-1.1678320281468102
308.623,-4.944555482248375
308.997,-4.243651433013822
309.37,-1.1993342672684901
309.744,-6.255865246066504
310.117,-2.3124698678345053
310.491,-2.266119005391893
310.865,-4.284017317463582
311.238,-3.7020797171230977
311.611,-8.681243142902737
311.985,1.29886774441419
312.358,0.619634074797296
312.731,0.02244164857245444
313.105,-1.7795333528625357
313.478,-0.5932348488769622
313.851,0.6778503366518662
314.224,-2.255374398596946
314.597,1.0394788407151463
314.97,-0.3073888544251723
315.343,1.5603923732351992
315.716,2.542859738517417
316.089,-5.162675861855285
316.462,-2.1720595676473438
316.835,-1.51697871244926
317.208,-2.7506965686420237
317.58,0.8678901248108184
317.953,-4.0371047044218695
318.326,-0.5520307935981897
318.698,4.376363551545235
319.071,-1.06374028942848
319.443,-2.993764351117141
319.816,-20.062544992076944
320.188,-2.4612347279406577
320.561,-2.862543969488277
320.933,-4.47698741619421
321.305,-0.05235622247126334
321.678,1.7482758926612179
322.05,-4.98492025647594
322.422,3.2020748684899845
322.794,-1.0355778457803264
323.166,-0.9243866622670797
323.538,-3.5431998352612775
323.91,-2.3857766515908754
324.282,-2.6763759920670203
324.654,-0.6714142412655326
325.026,-1.7296196917852058
325.398,-12.248408898161568
325.77,-7.819062337759752
326.141,-2.0170872637066566
326.513,-1.2679392686034525
326.885,-3.6867873564563265
327.256,0.05914661358659737
327.628,4.061379246846288
327.999,-1.6685582535388224
328.371,-2.9477911854645593
328.742,-1.1023268272526412
329.114,-9.77276270538914
329.485,0.2723789056583552
329.856,-6.378952023485668
330.228,-2.7924021078630408
330.599,-1.6117902608758117
330.97,-2.8615701369301942
331.341,-3.3536687938803835
331.712,-3.968921794809344
332.083,-7.913283696042873
332.454,0.6570532798682274
332.825,1.3209237622819463
333.196,3.8607142251552116
333.567,0.29125691382558555
333.938,-1.3444424249567828
334.309,-1.889999480792191
334.679,0.46225872283161684
335.05,-2.736499678193679
335.421,-2.8228438409560814
335.791,-0.5027546863670247
336.162,-3.56990538144435
336.533,-4.354597069165588
336.903,-4.89450607484005
337.273,-3.7293044053366753
337.644,-2.070745969998001
338.014,-0.47911357465497895
338.385,0.7803256568125791
338.755,-4.172497128243567
339.125,-10.846914683730692
339.495,1.417223331952812
339.865,-1.334066772068499
340.235,1.4214162952154945
340.606,2.720310145220106
340.976,-3.848294024722161
341.345,-4.003740978893306
341.715,-4.840784396360894
342.085,0.5190713438598344
342.455,-1.03176408107425
342.825,-3.5465023692881266
343.195,-2.335435742534245
343.564,-1.5399048084213933
343.934,-1.5662217408060182
344.304,-1.4137625314772058
344.673,-2.888448088257965
345.043,-0.46536468099203365
345.412,-8.559938090379505
345.782,-5.969298389565304
346.151,-3.3541507329899427
346.52,-6.153055944777428
346.89,-4.879616677474939
347.259,-4.266282997214495
347.628,-4.693509594838061
347.997,-1.9588204025624472
348.367,-8.855147587953702
348.736,-2.8308641464975444
349.105,-2.238041456403386
349.474,0.2500218285157808
349.843,-0.11121502554427792
350.212,-5.405547818858363
350.58,0.09387444052496303
350.949,-2.2816011157735785
351.318,-0.9948577213432758
351.687,-3.40492653932012
352.056,-1.6940091491156892
352.424,-1.8690641874117386
352.793,-2.002181844569306
353.161,-4.76265373109391
353.53,0.041450472356617134
353.898,1.904667493544817
354.267,-0.1567820360697731
354.635,-10.668410053232089
355.004,-4.334040247088453
355.372,-3.6579545733423404
355.74,-4.164509702955647
356.108,-4.590296001360438
356.477,-2.875969150853512
356.845,-2.783762618858711
357.213,-2.2476287867964495
357.581,-4.027706282919065
357.949,2.137363816724487
358.317,-0.8910222146056743
358.685,-4.072388316094336
359.053,-5.737888180886059
359.42,-3.573973155702343
359.788,0.33019724229976566
360.156,-4.803054017892308
360.524,-1.0270840037510376
360.891,-0.6962214146350073
361.259,-3.3235223600144814
361.626,-3.3372307860952874
361.994,-0.9640583618246169
362.361,2.660585098371948
362.729,-3.228402500530429
363.096,-6.678214371666291
363.464,-3.834336330452302
363.831,-2.4834905650357375
364.198,-1.421367269154242
364.565,-3.497745614355372
364.932,-4.690588990733117
365.3,-7.866330766615894
365.667,-3.737385505595862
366.034,-2.100729513029936
366.401,-5.738428233194694
366.768,1.8454054091679604
367.134,-5.232993192503802
367.501,2.0186692434098634
367.868,-9.0633610534762
368.235,-2.558173048131966
368.602,-1.7230625168472689
368.968,-0.014902409356185855
369.335,-0.5209140387257652
369.702,-1.3537848998184348
370.068,0.861776210798841
370.435,-4.954022814783513
370.801,-1.3226120143293412
371.167,-6.648292998950342
371.534,-0.8404063039590113
371.9,-0.9456467759059382
372.266,-3.6375265339321308
372.633,-3.068915528297679
372.999,0.7579340250087601
373.365,-0.7333247178197994
373.731,0.9273957395544173
374.097,0.41724058341953674
374.463,-2.51380352493713
374.829,1.7001184931400424
375.195,-5.650884704680805
375.561,-2.370180896195423
375.927,-2.632783210669475
376.293,-0.7674858825037655
376.658,-1.0428442912225446
377.024,-0.38777505689021546
377.39,2.5809707852176755
377.755,-0.6010906750436384
378.121,-0.8001358368369044
378.487,0.6385868484445546
378.852,-1.48374266656054
379.217,0.35240674346454676
379.583,-6.126345748370704
379.948,0.6490608917158537
380.314,-2.350448256807523
380.679,-5.262551108380044
381.044,-1.6109947509129745
381.409,-4.883819174993247
381.774,-1.9628527006770822
382.139,0.28374096122166603
382.504,-2.9589706586594877
382.869,1.8528706146903158
383.234,1.262301044397461
383.599,1.1360300786158826
383.964,-3.7552926411144654
384.329,-1.7720261591917803
384.694,-2.1906681829661783
385.058,0.056754979805368755
385.423,-4.483386184335658
385.788,-0.3190101934746536
386.152,-4.119643619868106
386.517,-0.3908929560550486
386.881,-1.6255639765583136
387.246,-3.0500124502791617
387.61,1.4896113322686313
387.975,-5.588596738184577
388.339,-2.38101687359406
388.703,-2.4870105467027495
389.068,-2.2798461632963045
389.432,1.8747025731488727
389.796,-1.3724077645133619
390.16,-0.23434347484925852
390.524,-5.031940819725032
390.888,-1.8740301335177953
391.252,-0.6195461287361831
391.616,2.2950870075027034
391.98,1.9880823209316736
392.344,-1.5687037611729022
392.708,2.1940173212931984
393.071,1.0525783641544162
393.435,-3.0186700936873674
393.799,-3.143504960367907
394.162,0.5091625903124343
394.526,-2.795438418711284
394.889,0.09498265009875002
395.253,0.4210977373907808
395.616,0.09232346368620642
395.98,2.8435158749812093
396.343,1.4905934852783649
396.706,0.3942659795838139
397.07,-2.2716275922294042
397.433,-0.4879741180292907
397.796,0.7813656136238876
398.159,-2.382838030614834
398.522,0.024556022359687346
398.885,2.2190250122112083
399.248,1.5513977126034586
399.611,-0.9116261116063543
399.974,0.3109149899601941
400.337,0.600762704870594
400.7,1.2398276228663871
401.063,1.9990330268804248
401.425,0.6669571519320475
401.788,2.7788601419838703
402.151,-0.6538328901416786
402.513,1.9714967657773725
402.876,0.7782950652942553
403.238,-1.4856382119685898
403.601,-0.8232649204489184
403.963,0.9388568807664329
404.325,1.8867645480170467
404.688,0.29008171674738303
405.05,0.38495867680715395
405.412,0.21606565396615376
405.774,0.16144388949293348
406.137,-2.126851113070657
406.499,-0.23595984314691573
406.861,-2.3075266737326747
407.223,0.5213300035996224
407.585,-0.7312766837308586
407.947,-0.2559350591035821
408.308,2.311164581608522
408.67,2.549432521593717
409.032,1.080318893766668
409.394,1.654669377791583
409.756,2.344313019249965
410.117,1.4206016023329333
410.479,3.411485981921316
410.84,3.402538575591169
411.202,-0.23525009820111553
411.563,1.6736415129833002
411.925,2.3321304547396946
412.286,3.1725201292787166
412.647,1.1486559419232485
413.009,3.050403313357677
413.37,3.808513199446403
413.731,4.433863902580124
414.092,3.443430431599897
414.453,6.037337569492834
414.814,5.915730749447924
415.175,6.539955055359051
415.536,8.166050083033168
415.897,9.123717163373524
416.258,9.325612623934301
416.619,9.489528135768213
416.98,9.484692513412762
417.341,9.249572097232141
417.701,9.781392579774664
418.062,11.341726888396867
418.423,11.436246341488255
418.783,11.25955315868779
419.144,11.539149644765823
419.504,11.528870498720444
419.865,11.27008382819693
420.225,12.019571558807302
420.585,11.771125497153546
420.946,11.896690031371746
421.306,11.075209765382219
421.666,12.104291049410918
422.026,11.959522074776354
422.386,11.350785849823867
422.746,11.805218232332196
423.106,11.642473817488003
423.466,12.289836570549305
423.826,11.309266651429443
424.186,11.76134569649417
424.546,11.052281395980476
424.906,11.477419376652609
425.266,10.546946882439736
425.625,10.639525483832482
425.985,10.84797755760561
426.345,9.961873043143642
426.704,9.95367386678703
427.064,9.335362137996176
427.423,9.55599683336058
427.783,9.091899383069483
428.142,9.663962827042829
428.501,8.762236651041462
428.861,8.71839929681025
429.22,9.025103681316727
429.579,8.25101562142977
429.938,7.933578755824447
430.297,7.935748827618793
430.656,7.734018958385302
431.015,7.119473332583906
431.374,6.874725454211763
431.733,6.6316406355144375
432.092,6.6041561747124335
432.451,6.291244098965258
432.81,6.036940132297613
433.169,5.743710208707802
433.527,5.3720482305565085
433.886,5.937783169269988
434.244,5.388046363060894
434.603,5.117941308313734
434.962,4.941828565499679
435.32,4.689293239624825
435.678,4.382309878474358
436.037,4.554266576303882
436.395,3.902336112518852
436.753,3.8896320882330833
437.112,3.913187748424382
437.47,3.808906714809675
437.828,3.784196007239444
438.186,3.548605253003658
438.544,3.326479343248757
438.902,3.075156311285024
439.26,2.966300087980922
439.618,3.1407348971987843
439.976,2.8704144407685526
440.334,2.7196328180706106
440.692,2.42602705809219
441.049,2.4728704797063807
441.407,2.6321189052868226
441.765,2.1207964735870077
442.122,2.0786246400834756
442.48,1.8992668188135433
442.837,2.0803035894287936
443.195,1.7769617014152146
443.552,1.62526321532384
443.91,1.4719697369579217
444.267,1.1704380049078773
444.624,1.2018128460631317
444.982,0.9019879600936233
445.339,1.195591488966118
445.696,1.273367030082547
446.053,0.9052694275034954
446.41,0.4994018157427608
446.767,0.24243941896950652
447.124,0.37247436292947805
447.481,0.2860463298384906
447.838,0.1878344350923299
448.195,0.29235182005842686
448.552,0.17790429911634248
448.908,0.3211379326099782
449.265,0.1425939691791422
449.622,0.21635241514214282
449.978,0.2982163230065758
450.335,-0.010725192213619023
450.691,0.01425482622913625
451.048,-0.0010031766618314745
451.404,-0.24868229897950705
451.761,-0.20884062874605708
452.117,-0.32731031881540035
452.473,-0.30250625172893597
452.829,-0.669325211631556
453.186,-0.30700722335533775
453.542,-0.6352104413782067
453.898,-0.375692872111009
454.254,-0.3802046491449394
454.61,-0.7036791224381315
454.966,-0.6581598935928107
455.322,-0.7584559987137905
455.678,-0.2998476330426988
456.033,-0.8529072804174114
456.389,-1.1736228213986706
456.745,-0.7434693043553067
457.101,-0.8193913498034718
457.456,-0.7216821917374847
457.812,-0.9571977633150709
458.167,-0.8103986642531473
458.523,-0.9379855194972415
458.878,-0.7929959277273871
459.234,-1.0301792442670574
459.589,-1.161005244144215
459.944,-0.8565139505615651
460.3,-0.6581619956309287
460.655,-1.1626571479792598
461.01,-1.1557064409928528
461.365,-1.2115825904543518
461.72,-1.392923183125394
462.075,-1.1969394578433465
462.43,-1.3421028988500976
462.785,-1.290394567540062
463.14,-1.3487545483707206
463.495,-1.0139030675360394
463.85,-1.2811396199159
464.205,-1.4065334891969588
464.559,-1.3458589774003713
464.914,-1.44915539619537
465.269,-1.6345064660678144
465.623,-1.6782779946460917
465.978,-1.5274313664697683
466.332,-1.5058742695854126
466.687,-1.434666236248675
467.041,-1.7819846872529328
467.395,-1.462566773431223
467.75,-1.433113842662371
468.104,-1.8150327754349775
468.458,-1.7728573447736007
468.812,-1.8857946447249152
469.166,-1.9196961618130217
469.52,-1.7052400340924847
469.874,-1.7233077608909413
470.228,-1.8098997726005581
470.582,-1.821827627628872
470.936,-1.8455037999425505
471.29,-1.8114613538120632
471.644,-1.4391592923588659
471.998,-1.8784780695370364
472.351,-1.745078829234149
472.705,-1.7510968161857228
473.058,-1.8525516739273813
473.412,-2.098621585181657
473.766,-1.9638778953129787
474.119,-2.0425956865445785
474.472,-1.9736573870801175
474.826,-1.9261802185724257
475.179,-1.802776510155472
475.532,-1.8500325094859256
475.886,-1.9846078743021427
476.239,-1.5310579159754427
476.592,-2.071628085773911
476.945,-2.0186029221100887
477.298,-2.052189739337538
477.651,-2.062542110104879
478.004,-2.0568106986343357
478.357,-2.304901266509688
478.71,-2.4610705895605465
479.063,-2.338686474614485
479.415,-2.2499714116419542
479.768,-1.8549413968940192
480.121,-2.4629502963642396
480.473,-2.2192388449576654
480.826,-1.98794352452147
481.179,-2.174671278960619
481.531,-2.4044475194496604
481.883,-2.2702021188937374
482.236,-2.2197447364241225
482.588,-2.1090282283772352
482.94,-1.781073998694687
483.293,-2.5759811254365927
483.645,-2.7044200710959814
483.997,-2.1299763498882753
484.349,-2.1425155820626007
484.701,-2.2150331483061887
485.053,-2.3855397948388095
485.405,-2.5084168497667143
485.757,-2.3911793148822778
486.109,-2.697742312902478
486.461,-2.2684167041696477
486.813,-2.3924200165024034
487.164,-2.240277970411407
487.516,-2.5009829459612583
487.868,-2.574233131234
488.219,-2.453697018734877
488.571,-2.3034462475329343
488.922,-2.1893232944172762
489.274,-2.451205095811263
489.625,-2.6311424695436663
489.977,-2.631737052267526
490.328,-2.8807378776794472
490.679,-2.5249184199664545
491.03,-2.6954830121781232
491.382,-2.6486546186664346
491.733,-2.4860618909267833
492.084,-2.7977837618658743
492.435,-2.994846255467867
492.786,-2.8160397230756486
493.137,-2.7889837243489985
493.488,-2.899970424030624
493.839,-3.080368311161673
494.189,-2.9127586029885633
494.54,-2.880245538331727
494.891,-2.6115172477243944
495.242,-3.211673219412688
495.592,-2.927150170991109
495.943,-2.965678536149946
496.293,-2.976763402903556
496.644,-2.6793607573997904
496.994,-3.1015741767935423
497.345,-2.8977382810934555
497.695,-3.462687701887729
498.045,-3.0083713304051263
498.395,-3.2346857938269546
498.746,-2.9273538140004804
499.096,-3.035137515967499
499.446,-3.1518791002944453
499.796,-3.2360540814011047
500.146,-3.3168339071446313
500.496,-3.5134669108737797
500.846,-3.2316522244422865
501.196,-3.1897151860400728
501.545,-3.349750901821799
501.895,-3.1052333379573565
502.245,-3.144112108310644
502.595,-3.0789845425456877
502.944,-3.2665091516926372
503.294,-3.3335117155355487
503.643,-3.231100621022017
503.993,-3.4553882737573622
504.342,-3.3434768698620076
504.692,-3.2286271677363274
505.041,-3.4720339849186708
505.39,-3.294981686390148
505.74,-3.1135664773240492
506.089,-3.517563759226755
506.438,-3.3634183166206792
506.787,-3.982451608578767
507.136,-3.5409404886962643
507.485,-3.6552407218281227
507.834,-3.459227897587113
508.183,-3.435145265235367
508.532,-3.2493306768614225
508.881,-3.2166560285237686
509.229,-3.8424022681770733
509.578,-3.6051627963350605
509.927,-3.41597146915151
510.276,-3.752425053744719
510.624,-3.538788515816563
510.973,-3.841886900291602
511.321,-3.852026425907529
511.67,-3.2445194691441204
512.018,-3.8224821894192997
512.366,-3.5437814835326455
512.715,-3.8683421224321854
513.063,-3.850227789028858
513.411,-3.5994268035706036
513.759,-3.9793954337107307
514.107,-4.087794261548818
514.456,-3.893404651194521
514.804,-3.8277763921843957
515.152,-3.771825733712153
515.499,-4.087523440122128
515.847,-3.806311696386182
516.195,-4.10732134166839
516.543,-3.967638127142645
516.891,-3.9908067050949985
517.238,-4.096575039823453
517.586,-4.042286913520642
517.934,-4.037598557317438
518.281,-4.117901520639363
518.629,-4.0385795439878756
518.976,-3.832914921584784
519.324,-4.158768586085939
519.671,-4.200556382219854
520.018,-4.213196155214946
520.365,-4.171523541668776
520.713,-4.196706682601936
521.06,-4.16021118459944
521.407,-4.223257771911744
521.754,-4.073811355261278
522.101,-4.26361464692674
522.448,-4.247723210049258
522.795,-3.8841729879954556
523.142,-3.9700442229002664
523.489,-3.951342392102935
523.836,-3.8727946801407933
524.182,-3.8960047347366302
524.529,-3.74085060506404
524.876,-3.963306482780322
525.222,-4.168354937260698
525.569,-4.0923256319819155
525.915,-4.390881254813213
526.262,-4.192686393681426
526.608,-4.253289797018899
526.954,-4.262476090962664
527.301,-4.181914976845298
527.647,-4.084293908820635
527.993,-4.106311910960045
528.339,-4.192838124261837
528.686,-4.390723791497726
529.032,-4.266540977282141
529.378,-4.15486585246762
529.724,-3.998361911419593
530.07,-3.849600106704811
530.415,-3.988789998802789
530.761,-4.321593238608964
531.107,-4.077303607018442
531.453,-4.099530650157312
531.799,-4.13399129950788
532.144,-4.317946469927435
532.49,-4.0328720987756155
532.835,-4.302626532991179
533.181,-4.290511762116183
533.526,-4.410418831589722
533.872,-4.177425651531702
534.217,-4.161301324969147
534.562,-4.247147670485341
534.908,-4.101391471950453
535.253,-4.096157741283599
535.598,-4.125274526342047
535.943,-4.032084387065906
536.288,-4.270467212752027
536.633,-4.164153140349856
536.978,-4.18481452564
537.323,-3.8639767295993854
537.668,-4.137491053627502
538.013,-4.27500739279305
538.358,-4.208197428911817
538.702,-4.198793244596738
539.047,-4.147859881184736
539.392,-4.08548919997368
539.736,-4.09189813666064
540.081,-4.08896834250871
540.425,-3.8865792510474653
540.77,-4.0052711717900245
541.114,-4.022553283099204
541.459,-4.206290496378362
541.803,-4.058519346350264
542.147,-4.024429635381852
542.491,-4.327467076844985
542.835,-4.226827906745244
543.18,-4.054088565752402
543.524,-4.040437592954263
543.868,-4.219255515920249
544.212,-4.113101940014943
544.556,-3.9663553457444385
544.899,-4.075233194881979
545.243,-4.0198652875596785
545.587,-4.045019449544811
545.931,-4.203417386270115
546.274,-4.017331995339064
546.618,-3.9906912522594142
546.962,-4.060241302521788
547.305,-4.061356658897529
547.649,-4.121404570149955
547.992,-4.20866717244602
548.336,-4.059653304229075
548.679,-4.044733369943452
549.022,-3.646461940729485
549.365,-4.052582414874882
549.709,-4.005713573550575
550.052,-3.88994548843503
550.395,-4.048036790927234
550.738,-3.919678642276189
551.081,-4.263991277824048
551.424,-3.947793149486636
551.767,-3.9603176336971804
552.11,-4.004546371441917
552.453,-4.533520699687966
552.795,-4.103381253044302
553.138,-4.054167339522749
553.481,-4.13008435723056
553.823,-4.014310303022152
554.166,-4.112706024734275
554.508,-3.934130165029212
554.851,-4.3246830507994245
555.193,-4.151753327267366
555.536,-3.9965825790682072
555.878,-4.104829351580582
556.22,-3.9201309894792695
556.563,-4.042722849209266
556.905,-4.173132356777197
557.247,-4.087115942282244
557.589,-3.7585980721800425
557.931,-4.207204450121294
558.273,-3.9169003009947114
558.615,-3.968929329595861
558.957,-4.089537151061855
559.299,-4.170138271879129
559.64,-4.170179801838443
559.982,-3.6680905340148056
560.324,-3.9767217697894335
560.666,-3.907840069397857
561.007,-4.051099211134231
561.349,-4.196420050902158
561.69,-4.255197757900407
562.032,-3.9641989583590185
562.373,-4.278847199717417
562.715,-4.196522997868211
563.056,-3.879044769417142
563.397,-4.021508109081032
563.738,-3.965258364528234
564.08,-4.237999321784322
564.421,-3.9039218204581796
564.762,-4.097189661451609
565.103,-4.2124790116473
565.444,-4.239940980981332
565.785,-4.009113315028696
566.126,-3.945707497583117
566.466,-3.862174423390694
566.807,-4.057272464781693
567.148,-4.171697016102876
567.489,-4.0474484611031025
567.829,-4.194525709671523
568.17,-4.076805066880768
568.51,-3.8392873466025317
568.851,-3.9735113296431215
569.191,-3.8468240944063683
569.532,-3.9267161481195574
569.872,-4.144824531601635
570.212,-3.828933859362746
570.553,-3.635217919500991
570.893,-3.756838161191517
571.233,-3.7539710734992258
571.573,-4.026931901581153
571.913,-3.980582084480529
572.253,-3.8695930828180223
572.593,-3.8736483183435557
572.933,-3.997651374280711
573.273,-3.8991186884187408
573.613,-3.9378428565565486
573.952,-4.126482184983379
574.292,-3.9374766024957055
574.632,-3.831847348189048
574.971,-4.08363712346343
575.311,-3.67663466798081
575.65,-3.832700361170124
575.99,-3.778288572819598
576.329,-3.738294624448184
576.669,-4.116107276102833
577.008,-4.130228938681004
577.347,-3.8762442186890684
577.687,-3.778496879975353
578.026,-3.837953026178633
578.365,-3.9610866264047617
578.704,-3.793044755301449
579.043,-3.7513819438534153
579.382,-3.8764131989540793
579.721,-3.9171877733268556
580.06,-3.7790548784155344
580.399,-3.6863380785970987
580.737,-4.024881569023483
581.076,-3.9732126406147157
581.415,-4.011736914139381
581.753,-3.7273828086849012
582.092,-4.033855747709297
582.431,-3.436837511780628
582.769,-3.803642328485719
583.108,-3.6707296855324025
583.446,-3.7875421082630196
583.784,-3.772036032607506
584.123,-3.836195723870531
584.461,-3.514597840196806
584.799,-3.7222791732095124
585.137,-3.489784283082861
585.475,-4.094623401072364
585.813,-3.9088150567998543
586.151,-3.6212548091711994
586.489,-3.9199702794799434
586.827,-3.61150598658657
587.165,-3.740075299311679
587.503,-3.723723754160506
587.841,-3.66402459892561
588.178,-3.87189864926281
588.516,-3.517741400356691
588.854,-3.788960670740879
589.191,-3.5505830074497027
589.529,-3.5428418444540317
589.866,-3.1493121304779814
590.204,-3.342436000994882
590.541,-3.4275617758378942
590.878,-3.3626534949186535
591.215,-3.471740637451827
591.553,-3.2777003087280665
591.89,-3.2057853509406407
592.227,-3.552990993423971
592.564,-3.3308055680251045
592.901,-3.3755782126777776
593.238,-3.124417425468117
593.575,-3.3428339758144916
593.912,-3.223378262074809
594.249,-3.065169032367037
594.585,-3.298642288473059
594.922,-3.0768523938087626
595.259,-3.2907780379249023
595.595,-3.196843635553635
595.932,-3.3701652554940935
596.269,-3.2494943635175484
596.605,-3.251961444835888
596.941,-3.1567024963719152
597.278,-3.3333418836328748
597.614,-3.354963565872506
597.95,-3.4196967319874276
598.287,-3.3277394315307505
598.623,-3.3349487344179436
598.959,-3.431779754419196
599.295,-3.449115454643126
599.631,-3.344979645284933
599.967,-3.529717661014823
600.303,-3.647236477562408
600.639,-3.4300746527605215
600.975,-3.7163449378643896
601.311,-3.252834108247003
601.646,-3.2905221517884766
601.982,-3.5873530040792034
602.318,-3.1499693133627478
602.653,-3.4608317893185463
602.989,-3.461248498805984
603.324,-3.648657813791531
603.66,-3.4591289455266376
603.995,-3.657798377034317
604.331,-3.382667428391454
604.666,-3.4840867322257716
605.001,-3.5523973681219134
605.336,-3.8683593565925896
605.671,-3.291473622187745
606.007,-3.4145402601942667
606.342,-3.382103895255212
606.677,-3.4544611452688696
607.012,-3.113792566776642
607.346,-3.272650708273538
607.681,-3.2007104630778334
608.016,-3.310334229822908
608.351,-3.3566963484820556
608.686,-3.554587056319522
609.02,-3.56108813836495
609.355,-3.3533904193206125
609.689,-3.164558461291668
610.024,-3.185088684538139
610.358,-3.3105413001030275
610.693,-3.6306315512877867
611.027,-3.3689368710452228
611.361,-3.296397742339647
611.696,-3.288194795441315
612.03,-3.217616882926747
612.364,-3.1167281100798596
612.698,-3.2818159934211377
613.032,-3.1657245198473656
613.366,-3.4364436275531305
613.7,-3.5189429923557376
614.034,-3.473999374363441
614.368,-3.3037889294607523
614.702,-3.326751547892882
615.035,-3.1416300260455943
615.369,-3.403686065460021
615.703,-3.1214166946865336
616.036,-3.217964617735819
616.37,-3.5263528197462457
616.703,-3.0460142903964873
617.037,-3.1610607840095923
617.37,-3.240416323634765
617.704,-3.400966341376109
618.037,-3.36451518046024
618.37,-3.1959600964736286
618.704,-3.26516487255833
619.037,-2.9348100583660623
619.37,-3.300943616719756
619.703,-3.2898953703903584
620.036,-3.1163101886956297
620.369,-3.1382754693570316
620.702,-3.001273480033134
621.035,-3.1493141846918613
621.367,-3.3088894392028245
621.7,-2.9575611010807568
622.033,-3.002988621215032
622.366,-3.216014859633745
622.698,-3.3279411879290244
623.031,-3.2979765255710514
623.363,-2.9040880966921616
623.696,-3.153494377116191
624.028,-2.8651562909046953
624.361,-3.031725307755005
624.693,-2.886297776761378
625.025,-3.1713936003025793
625.357,-3.127806845767217
625.689,-2.9654488531883314
626.022,-2.9277090640976726
626.354,-3.0609477597264982
626.686,-3.1609347759922186
627.018,-2.943894752683141
627.35,-2.9438768535827253
627.681,-3.137877793154859
628.013,-2.995860410871553
628.345,-2.866862466018017
628.677,-3.267769536314628
629.008,-2.862627463221292
629.34,-3.447841431833946
629.672,-3.021537379762528
630.003,-2.811439769350712
630.335,-3.1323234466590426
630.666,-2.929031146128472
630.997,-2.9768776163930006
631.329,-3.1839108803458616
631.66,-2.774228307629463
631.991,-2.66601553034582
632.322,-3.033505043047868
632.653,-2.936338659229244
632.984,-2.679811914844571
633.316,-2.7963673790063277
633.646,-3.0118363584786367
633.977,-2.8572270923245977
634.308,-3.1355950587913712
634.639,-3.1831024899099054
634.97,-2.919600072296638
635.301,-3.053576004368147
635.631,-2.9058721554991687
635.962,-2.940425789889688
636.292,-2.8582684563834135
636.623,-2.8372065663019943
636.953,-3.063780980406333
637.284,-2.9797027046111486
637.614,-2.709262124595394
637.944,-3.0645809487235978
638.275,-2.88824611721259
638.605,-2.8786652485081703
638.935,-2.710058061115779
639.265,-2.959686920338493
639.595,-2.832609229288528
639.925,-2.527992675643742
640.255,-2.8861056024815817
640.585,-2.787826682487238
640.915,-2.7916595283051127
641.245,-2.898373439428382
641.575,-2.1866606127291797
641.904,-2.6805990224714162
642.234,-2.6712907799713332
642.564,-2.9291518278943705
642.893,-2.8682960941463045
643.223,-2.7921197213379325
643.552,-3.0246212120116978
643.882,-2.5012207818439722
644.211,-2.93674969155967
644.54,-2.6378637701521415
644.869,-2.7210877702039986
645.199,-2.9877366152047866
645.528,-2.621308796208525
645.857,-2.402698128202032
646.186,-2.566925072297922
646.515,-2.7247962957530403
646.844,-2.1846007245329897
647.173,-2.8886891402274215
647.502,-2.558656148275879
647.83,-2.5518724576119443
648.159,-2.768822429656061
648.488,-2.5048198776823036
648.817,-2.2880370484357955
649.145,-2.343071188663775
649.474,-2.647027404087113
649.802,-2.3564551694316056
650.131,-2.633773378829704
650.459,-2.6328554731837435
650.787,-2.7987486831747517
651.116,-2.5656880330078895
651.444,-2.430677381966589
651.772,-2.625174243394392
652.1,-2.818238115808978
652.428,-2.6694967184776055
652.756,-2.472876116883903
653.084,-2.751191171535308
653.412,-2.5595463569846815
653.74,-2.736646888793981
654.068,-2.6529863444429083
654.396,-2.5773820679549564
654.724,-2.549514186301848
655.051,-2.4143404425454924
655.379,-2.566617612734313
655.707,-2.401266293168776
656.034,-2.543345193177643
656.362,-2.2288090828751677
656.689,-2.6731435462333057
657.016,-2.833492084388627
657.344,-2.6824143316456137
657.671,-1.8872391351539435
657.998,-2.5492880182754325
658.325,-2.415388198512204
658.653,-2.5279868222256026
658.98,-2.3222212051999676
659.307,-2.5196736451535178
659.634,-2.448523910189915
659.961,-2.621584141547548
660.287,-2.4597410112983673
660.614,-2.3329135505452165
660.941,-2.4578460315833888
661.268,-2.197232903420456
661.595,-2.3573546529765497
661.921,-2.5490100833590668
662.248,-1.964550774706558
662.574,-2.11943022773303
662.901,-2.1696047742324818
663.227,-2.6547176311914136
663.553,-2.4287166141721506
663.88,-2.1559446447594337
664.206,-2.2259903902170177
664.532,-2.4005492529532932
664.858,-2.3136796776908284
665.185,-2.47319462139755
665.511,-2.3094037321299514
665.837,-2.65622802059143
666.163,-2.1433711785996303
666.489,-2.4072071009149147
666.814,-2.1820293285065007
667.14,-2.495932007168898
667.466,-2.0818060698737946
667.792,-2.252823002297961
668.117,-2.4117280193271426
668.443,-2.047528278650719
668.769,-2.605662560966262
669.094,-1.9564057017470755
669.419,-2.0300323745762623
669.745,-1.8527722694195552
670.07,-2.0111020993680264
670.396,-2.1577215470194147
670.721,-2.4601366625765175
671.046,-2.5347689710673684
671.371,-1.7644065888560736
671.696,-2.322255643569363
672.021,-2.129555675827001
672.346,-2.1870779278608175
672.671,-2.127339234951082
672.996,-1.959136204787934
673.321,-1.9084090578968878
673.646,-2.159634018399689
673.97,-2.0633232022025623
674.295,-1.8583985275822124
674.62,-1.7083074528283488
674.944,-2.18549493598267
675.269,-2.1528336393700482
675.593,-2.2303199348600757
675.918,-2.0501894538177603
676.242,-2.1271489198685214
676.567,-1.97745353987783
676.891,-1.985923501311346
677.215,-1.7250400314873382
677.539,-1.8862309347647352
677.863,-2.3658304216804815
678.187,-2.1634127242647447
678.511,-1.9403556526526418
678.835,-2.2892201647544113
679.159,-2.1509876578242633
679.483,-1.93623218061206
679.807,-2.295657309183186
680.131,-2.032036662131911
680.455,-1.9611450304519562
680.778,-2.2352714593355065
681.102,-2.054311590603766
681.425,-2.1601793543064325
681.749,-1.7094332971234605
682.072,-1.84271255341895
682.396,-1.640710548143741
682.719,-1.9035634578492884
683.042,-1.6485813648568437
683.366,-1.7751810643856731
683.689,-1.8833442803215272
684.012,-2.1556035343107633
684.335,-1.9898051172669717
684.658,-1.9872719882719063
684.981,-2.279129492294046
685.304,-2.150396329387649
685.627,-1.9322860358082237
685.95,-1.7418580593618223
686.273,-1.7264743652554986
686.595,-1.7373211916591687
686.918,-1.6981294501554984
687.241,-1.7432154527112211
687.563,-1.95929930276114
687.886,-1.579399772631349
688.208,-2.061081206266806
688.531,-1.8416241145423318
688.853,-2.1277000579720426
689.175,-1.6297299979595716
689.498,-1.6475005893919112
689.82,-1.583032609217583
690.142,-1.6261484054017006
690.464,-1.7303797080775438
690.786,-1.7608660566560637
691.108,-2.053774898496421
691.43,-1.6195508972961705
691.752,-2.1040285426335115
692.074,-2.0311443512954908
692.396,-1.7399832207013985
692.718,-1.8929612563805267
693.039,-1.58217267452386
693.361,-1.7136411562245104
693.683,-1.7053129220099539
694.004,-1.5826858390007643
694.326,-1.4711102861989176
694.647,-1.2559433370611908
694.969,-1.4744715890426678
695.29,-1.7410356234876672
695.611,-1.7764331715893504
695.932,-1.1958444926582585
696.254,-1.6490908183911372
696.575,-1.8218873281505124
696.896,-1.8525716364407532
697.217,-1.309094856742377
697.538,-1.571374408821996
697.859,-1.1632590628120385
698.18,-2.1855777814808897
698.501,-1.2570750757390743
698.821,-1.4733678377779769
699.142,-2.0427808186150846
699.463,-1.7534922520148382
699.783,-2.0788820556221124
700.104,-1.1302352104450488
700.424,-1.4097209736521539
700.745,-1.1489301638800493
701.065,-1.8601526976366285
701.386,-1.850473026651228
701.706,-0.9557200326871066
702.026,-1.679331704581644
702.347,-1.556533686398942
702.667,-1.7831275522761711
702.987,-1.7094929807672194
703.307,-1.6511120351534154
703.627,-1.2650706054078307
703.947,-1.5722384307527235
704.267,-1.7313811230099083
704.587,-1.3763259768107556
704.906,-1.5217065898573248
705.226,-1.4894753614754797
705.546,-1.4371488217697534
705.865,-1.4657192813065651
706.185,-2.0057900826291206
706.505,-1.2629181816990127
706.824,-1.4255874648378197
707.143,-1.5546684311506556
707.463,-1.5156608684502406
707.782,-1.1468672133996833
708.101,-1.7658147842981227
708.421,-1.7201982907071849
708.74,-1.1951449780988248
709.059,-1.610201738502295
709.378,-1.1138285488454316
709.697,-1.467665708040967
710.016,-1.0359797154328205
710.335,-1.1956237775437744
710.654,-1.3916750111742229
710.973,-1.1413367434481112
711.291,-1.5776890895017086
711.61,-1.2432193904053845
711.929,-1.7005222895127092
712.247,-1.3424057123058566
712.566,-1.647644237538859
712.884,-1.7085033712200972
713.203,-1.1571952961255936
713.521,-1.4319389864785117
713.84,-1.226750468524958
714.158,-1.4103112170783147
714.476,-1.257432955517808
714.794,-1.275057611131823
715.112,-1.0678750575553637
715.431,-1.2319983451763057
715.749,-1.2843596878479726
716.067,-1.0623270614040512
716.384,-1.3288759940464143
716.702,-1.2872145343917796
717.02,-1.2845974879097564
717.338,-1.5181452221686726
717.656,-1.1902435089019128
717.973,-1.639316623582203
718.291,-1.5678195382818616
718.608,-1.094065752379055
718.926,-1.0262642963449113
719.243,-1.1991721415435048
719.561,-1.1432956091937285
719.878,-1.2004338490943633
720.195,-1.4763120480694203
720.513,-1.672685706078008
720.83,-1.4021341112831793
721.147,-0.6956546103355097
721.464,-2.473000455656373
721.781,-1.5891333689839804
722.098,-1.6045400230516411
722.415,-1.6048398448593963
722.732,-1.2653642847521518
723.049,-0.9866336011884007
723.366,-1.5167270308145262
723.682,-1.243117300642644
723.999,-1.3719561845708226
724.316,-1.6271674534900917
724.632,-0.9480426454903885
724.949,-0.29747494219994314
725.265,-1.1447063647504143
725.582,-1.2112638748685598
725.898,-1.4337663636999425
726.214,-1.4877039385001352
726.53,-0.9719869657817137
726.847,-1.6751920272735348
727.163,-1.4634460092472201
727.479,-1.1255438530149908
727.795,-1.776593306165221
728.111,-1.160261383284957
728.427,-1.077573424188475
728.743,-1.5010765372507102
729.059,-1.2702419836689705
729.374,-1.6078030624644084
729.69,-1.8070590850239001
730.006,-1.4472560951696165
730.321,-1.812649965311756
730.637,-1.167488337809893
730.952,-1.7284599058476524
731.268,-1.4589891478255523
731.583,-1.2374040088215645
731.899,-1.1239351686457393
732.214,-1.1315755147957849
732.529,-1.6451959828938365
732.844,-1.786697571680233
733.16,-1.5382461589411227
733.475,-1.8975411161178068
733.79,-1.9429680232181934
734.105,-1.7552272966430407
734.42,-1.2243916302508677
734.735,-1.699521584677636
735.049,-1.6181954852800742
735.364,-1.8619422522564222
735.679,-1.8890467877164074
735.994,-2.3213375456684657
736.308,-1.6532737048897352
736.623,-1.8412435328389753
736.937,-1.6207645687325762
737.252,-0.7535368594929689
737.566,-1.641257719476837
737.881,-1.690113848069947
738.195,-1.8442504880040116
738.509,-1.9400061020985189
738.823,-2.3629384052949245
739.137,-1.382670859583022
739.452,-1.7573588234940916
739.766,-2.425734560874471
740.08,-1.1299604424596326
740.394,-1.5130644383952634
740.707,-2.1305321911979096
741.021,-2.6167711802588065
741.335,-1.1584659047667167
741.649,-1.2643465333448989
741.962,-2.0995686074810864
742.276,-2.3115565071825674
742.59,-1.8478281181074296
742.903,-1.8412477099100437
743.217,-2.825691084025172
743.53,-2.1010248151265065
743.843,-1.8715029357541089
744.157,-2.0436074213788777
744.47,-1.5961326068976114
744.783,-1.9026546563781195
745.096,-2.175187540979033
745.409,-2.5774675989776825
745.722,-3.1097757279801534
746.035,-2.5069352826090605
746.348,-2.467920354750781
746.661,-3.4656834678540793
746.974,-2.3921086881149067
747.287,-2.2278027841849894
747.6,-1.8226960587968861
747.912,-2.111185103412792
748.225,-2.486083765116642
748.537,-2.6133233024582965
748.85,-2.8783051573958285
749.162,-2.713675396789918
749.475,-2.753407943256248
749.787,-2.761959406562321
750.099,-2.962002548307451
750.412,-1.6981440196402975
750.724,-2.6104464895876274
751.036,-1.956553065080026
751.348,-2.8483872791093434
751.66,-2.6053825622253264
751.972,-2.637787605109936
752.284,-2.651489744370838
752.596,-2.878769792194611
752.908,-3.281175787639718
753.219,-2.4213874965362105
753.531,-2.9481556717248254
753.843,-2.4260683485921404
754.154,-3.360603201124154
754.466,-2.49508752541703
754.778,-2.558528762614375
755.089,-2.8872376821890797
755.4,-3.4857587805276413
755.712,-2.1168228056557994
756.023,-2.831939219294722
756.334,-3.6959492925838995
756.645,-3.332918878862294
756.957,-2.8470967355838153
757.268,-3.1968671442996874
757.579,-3.2012353070622632
757.89,-3.380183996296613
758.201,-3.155314398936551
758.511,-3.9246120021025033
758.822,-3.3431025568862687
759.133,-3.1902549989169353
759.444,-3.0224175933123947
759.754,-3.0028915465513224
760.065,-3.475860453166849
760.375,-3.742861807329592
760.686,-3.3138751830823483
760.996,-2.52390777128773
761.307,-2.858961367065248
761.617,-4.197014100338827
761.927,-2.946569479640886
762.238,-3.3127999108908948
762.548,-4.256538780237844
762.858,-3.172331544060468
763.168,-3.4606729132813494
763.478,-3.456264317973079
763.788,-3.4088447113095577
764.098,-3.4778310475721264
764.408,-3.1559905426027393
764.718,-4.259168528421517
765.027,-4.53451491494765
765.337,-3.252082681758383
765.647,-2.9984734582749275
765.956,-2.941488732416077
766.266,-3.855257156563997
766.575,-3.802604536429425
766.885,-3.2138417629249183
767.194,-4.1311143812211535
767.503,-3.945206370388536
767.813,-3.185462582091237
768.122,-4.036857081066282
768.431,-3.4589319707521824
768.74,-2.6301135756334095
769.049,-3.4204360246806225
769.358,-3.4729817792174122
769.667,-4.476479193688723
769.976,-3.31443719301554
770.285,-4.282396688560999
770.594,-4.146587170466331
770.902,-4.780104940939813
771.211,-3.5426047203462447
771.52,-3.393496309981043
771.828,-3.3847476705741366
772.137,-3.3371840376938753
772.445,-3.594925582636253
772.754,-3.207428627935895
773.062,-3.6315739183035225
773.37,-3.195920062408549
773.678,-3.7668152733269293
773.987,-4.017088579989705
774.295,-3.630083356002349
774.603,-4.0702445349088965
774.911,-3.2381942639742602
775.219,-3.2141702757273074
775.527,-3.845956208672969
775.835,-4.14594063598958
776.142,-4.574996845227603
776.45,-3.4889309319430013
776.758,-3.700436299457646
777.066,-3.54852265461017
777.373,-3.880568690923421
777.681,-4.337636634307162
777.988,-2.7838099355333408
778.296,-4.2794623643897
778.603,-4.135743776366557
778.91,-3.110466269615534
779.218,-3.167808878208696
779.525,-4.110726977363555
779.832,-4.135949626920845
780.139,-3.9545551925186886
780.446,-3.868120683961112
780.753,-3.16402928844621
781.06,-3.3982182751840666
781.367,-4.48794110650886
781.674,-3.5980089837583065
781.981,-3.6143317998035736
782.288,-4.22998783309539
782.594,-3.2552645233531723
782.901,-2.7363976716416407
783.207,-3.694922342786738
783.514,-4.322175775133871
783.82,-3.4930701958045525
784.127,-3.314606758564577
784.433,-3.3421559023751293
784.74,-3.6687517269980567
785.046,-4.469988041304353
785.352,-4.270790966639012
785.658,-3.9144872091437324
785.964,-3.857159735752675
786.27,-5.474386724927122
786.576,-3.7708953314309057
786.882,-4.078189537541819
787.188,-4.6324131492885865
787.494,-4.899086346239239
787.8,-3.8525426208985234
788.105,-3.501349342198145
788.411,-5.193994886407628
788.717,-3.595720043943854
789.022,-3.1424868503843535
789.328,-4.631961232166978
789.633,-3.839981402843104
789.939,-4.752551606278995
790.244,-3.7813031656364817
790.549,-2.8928742369096305
790.855,-5.176250115589661
791.16,-4.315998652033996
791.465,-3.3416557482360782
791.77,-5.221126077576864
792.075,-5.067196455042223
792.38,-3.488735858625167
792.685,-3.341745494615617
792.99,-4.736745803305185
793.294,-3.7762152887405613
793.599,-2.919088415024668
793.904,-3.2784181174382305
794.209,-4.153991666673208
794.513,-4.359201376316741
794.818,-3.327926231113122
795.122,-3.4610714362403625
795.427,-3.58988963226737
795.731,-4.99916489692128
796.035,-4.453103753159033
796.339,-3.4574047454952543
796.644,-2.7235627691384554
796.948,-3.3439597930929663
797.252,-3.9945098948302764
797.556,-4.540404053068428
797.86,-4.953845038792263
798.164,-2.8446827869217284
798.468,-3.274356764581552
798.772,-3.0557978240113712
799.075,-4.157256801803793
799.379,-4.7821269712779095
799.683,-5.0754283818828165
799.986,-4.703745989161461
800.29,-2.2637781055608306
800.593,-4.148073556690094
800.897,-4.233963852768929
801.2,-3.6907743402338213
801.504,-3.508989613048669
801.807,-3.085824424819614
802.11,-3.815644209180362
802.413,-3.3300150451212347
802.716,-4.073594769709325
803.019,-4.078399928929242
803.322,-3.9159611146725384
803.625,-4.825619999496071
803.928,-2.8832659898088364
804.231,-4.526773938255236
804.534,-2.7591612046254674
804.837,-3.3492649365028186
805.139,-4.174670182196641
805.442,-4.464797094645129
805.745,-4.533729292099268
806.047,-4.435046957813642
806.35,-3.292476776621581
806.652,-2.246993277250434
806.954,-4.609556824926398
807.257,-5.268164740532847
807.559,-4.682494948022652
807.861,-2.885495944286282
808.163,-4.004884496812982
808.465,-4.462956577117238
808.767,-4.315998063741729
809.069,-3.6609574208274953
809.371,-2.2973383174185202
809.673,-5.1766035779397495
809.975,-3.518494710218273
810.277,-4.336199960686881
810.578,-3.4756358379909558
810.88,-3.8188307782368587
811.182,-4.384139819360744
811.483,-4.681799514728567
811.785,-3.1653719950382655
812.086,-3.709877465839223
812.387,-3.750735018681104
812.689,-4.411838174562965
812.99,-1.9661683090648856
813.291,-3.3599475914649553
813.592,-4.92724487597709
813.893,-3.6070229163310286
814.195,-3.3851396614671687
814.496,-5.552025116049448
814.796,-2.978378777749928
815.097,-3.2406192348728187
815.398,-2.279920703279677
815.699,-4.6705935834171655
816,-4.513152860674338
816.3,-2.9960259271478376
816.601,-2.2854517396693
816.901,-4.347309981650214
817.202,-1.8198982518792484
817.502,-4.1282878625770305
817.803,-5.569553030505852
818.103,-2.8872028668427947
818.403,-3.8714463265027144
818.704,-1.9883393533878029
819.004,-2.6530625379443906
819.304,-3.7739043751712007
819.604,-2.3842145254521085
819.904,-3.233719254771415
820.204,-4.890691281765505
820.504,-2.1115188323501433
820.804,-3.9568899594842963
821.104,-3.4431237381327957
821.403,-3.1847236094600113
821.703,-5.273242019482213
822.003,-5.846508476984138
822.302,-3.5170970923550913
822.602,-5.265115867605524
822.901,-2.3783603640040343
823.201,-3.8208623351156317
823.5,-4.744922804778392
823.799,-3.1324768048147997
824.098,-2.9995719005197112
824.398,-2.6154798021713046
824.697,-2.4650540172356785
824.996,-2.595335823415495
825.295,-1.2215153697135948
825.594,-2.7918210192864312
825.893,-3.410971488824221
826.192,-2.672809539769963
826.49,-4.194642344603584
826.789,-1.574186964323133
827.088,-3.3324580951544083
827.386,-6.614690640575776
827.685,-6.305681945799439
827.983,-2.508060929074191
828.282,-3.662239693545058
828.58,-2.1886243368865523
828.879,-3.5788767307136666
829.177,-2.572941847440889
829.475,-3.7093531371193564
829.773,-2.589653358743452
830.072,-3.221215282088554
830.37,-4.607004775133125
830.668,-5.458384468797384
830.966,-2.6630708411632096
831.264,-4.144753304123933
831.562,-4.265440370335527
831.859,-1.8316930356924845
832.157,-3.122212174940892
832.455,-4.393539540658914
832.752,-3.1859097499459628
833.05,-5.572045643938978
833.348,-3.462559723848779
833.645,-1.1176261716390838
833.942,-2.930863772454501
834.24,-3.5587182363855168
834.537,-5.465595697912509
834.834,-4.874029301406247
835.132,-6.266456592850123
835.429,-3.050010057314878
835.726,-2.2453957855505595
836.023,-6.30446392910699
836.32,-3.6804675814079446
836.617,-3.4864116952385027
836.914,-3.754397359696529
837.21,-5.6473343833824226
837.507,-2.1367604066631714
837.804,-2.3404157043773157
838.101,-4.545224770336171
838.397,-2.668266550511733
838.694,-4.275773246043652
838.99,-5.268419260103811
839.287,-0.9379435355772563
839.583,-2.8753202973151177
839.879,-1.9928776551169687
840.176,-6.952958123185591
840.472,-1.9734382631144152
840.768,-4.320390823711112
841.064,-4.2613650645663865
841.36,-3.8165270159023508
841.656,-1.1571044554517327
841.952,-2.3266207885880745
842.248,-2.447768113674236
842.544,-2.2068282005556186
842.839,-1.2027703742223745
843.135,-3.94639821891674
843.431,-0.6830064328693588
843.726,-1.9251667859228152
844.022,-4.055855132315829
844.317,-3.8381062130241577
844.613,-2.4872009318470174
844.908,-2.455567995871707
845.204,-4.562077482472112
845.499,-4.7760773220626085
845.794,-2.9108087106703695
846.089,-5.447806567071107
846.384,-3.4559676045956857
846.679,-4.679056421025678
846.974,-2.4861149177758324
847.269,-3.31624849632448
847.564,-3.627915096641285
847.859,-2.555832084070967
848.154,-3.3787309067276867
848.448,-3.26722915785568
848.743,-3.2489957185659963
849.038,-3.3693861105526084
849.332,-7.01651338704644
849.627,-2.9736604014698456
849.921,-3.5733923840037405
850.215,-3.4242193782489534
850.51,-3.527425798562563
850.804,-4.504782674879719
851.098,-3.658476686162911
851.392,-3.085044133472521
851.686,-3.7715848845939437
851.981,-4.0805289378922645
852.275,-4.445280108165615
852.568,-5.252966537730507
852.862,-3.2577102364923562
853.156,-3.2846266738109
853.45,-2.7276682270091395
853.744,-6.960564097579763
854.037,-1.3957163162379786
854.331,-1.7525428052030387
854.624,-2.7916462966910656
854.918,-4.0118237008753805
855.211,-4.252669089007801
855.505,-3.579929655777941
855.798,-2.5456827017979764
856.091,-2.3969820954420764
856.384,-4.7923324785672206
856.678,-4.261084117734194
856.971,-4.952785411127536
857.264,-5.74448062796462
857.557,-1.9509508577388905
857.85,-2.5503519047767056
858.143,-3.117814524698366
858.435,-4.161903268838133
858.728,-4.831722468096647
859.021,-3.060028468703844
859.313,-2.9091540671319303
859.606,-4.526587367482977
859.899,-2.434313487158006
860.191,-4.15569006070891
860.483,-4.575679193435197
860.776,-1.0480955716216875
861.068,-3.3052675460991088
861.36,-2.9559334094369194
861.653,-4.779507043109442
861.945,-1.9042186435019381
862.237,-4.850150706348211
862.529,-3.4715170520673957
862.821,-2.9342473765438104
863.113,-4.6868997017620115
863.405,-6.817088361789086
863.696,-4.2861375022906145
863.988,-3.087809573362535
864.28,-1.9422474810707695
864.572,-4.881865946685315
864.863,0.31728179368520404
865.155,-1.2852395849109968
865.446,-4.490580742134845
865.738,-3.799264242435413
866.029,-1.8264828254426058
866.32,-3.8027381290091644
866.611,-2.524930045931149
866.903,-3.3326451280837563
867.194,-1.0919856240902508
867.485,-1.5610084055578655
867.776,0.9201863250299813
868.067,-4.027036528106938
868.358,-5.309420218951875
868.649,-3.790455466656185
868.939,-1.1382323378593604
869.23,-1.2702140551971812
869.521,-6.065928959558142
869.811,-1.1861103899342336
870.102,-5.992693777801942
870.393,-2.2746892594571517
870.683,-2.3105951691843356
870.973,-2.053067106230243
871.264,1.3591529755460225
871.554,-1.1005548986620446
871.844,-1.8729298343909964
872.135,-3.1079856830112615
872.425,-6.320200907367119
872.715,-7.618793452051637
873.005,-0.007608112392811721
873.295,-3.6803899611150537
873.585,-4.1601582574182485
873.874,-2.296377890799826
874.164,4.086076739471101
874.454,-3.1422250762733257
874.744,0.48877894817964934
875.033,-8.956677267324263
875.323,-4.940494612350841
875.612,-2.9788374128056896
875.902,-4.831192202947725
876.191,-1.0180746200571118
876.48,-5.785727892201429
876.77,-0.9433357358265895
877.059,-1.5610137682652976
877.348,-7.520579378936231
877.637,0.7212043484996299
877.926,-2.5058993422137226
878.215,-8.879508840314108
878.504,0.590670125333036
878.793,-5.162527615111358
879.082,0.4734626295959218
879.371,-4.0800883713117315
879.659,1.4559861366219198
879.948,-2.289318335807011
880.237,-3.5022168946317245
880.525,-8.014065025167623
880.814,0.8210276306747881
881.102,-8.96047754184226
881.391,-6.50898659086543
881.679,-32.0626753899198
881.967,11.81575024871422
882.255,1.476717148751618
882.544,-6.191697503093239
882.832,-2.6348673796776936
883.12,-2.7926550391426446
883.408,3.703715358440862
883.696,1.4636885405224889
883.983,-1.973582942661848
884.271,-1.1109034235506308
