153.834,0.0
154.224,-1.3406203791762166
154.614,-18.01097892576665
155.005,9.05737669117915
155.395,2.810988952812558
155.785,-1.0420239272488672
156.176,-12.40512940467421
156.566,0.0
156.956,2.289742916431443
157.346,0.0
157.736,0.03545753392086312
158.126,-3.611522159614614
158.516,0.9298361619715361
158.906,6.0563235349455535
159.296,1.0521057751881233
159.686,-2.364644926213056
160.075,2.3158218011061216
160.465,-0.5211220903498683
160.855,3.56360317691195
161.245,4.790145785413904
161.634,-6.813151183149726
162.024,3.2544377267144604
162.414,0.0
162.803,-1.2315370401183479
163.193,4.753668228292552
163.582,-1.75382615721161
163.971,0.0
164.361,2.0828169090574065
164.75,8.790295068455386
165.139,-1.0791812460476249
165.529,-3.602977042227395
165.918,-3.019025024805972
166.307,0.0
166.696,1.5042558009738636
167.085,14.48144860518572
167.474,-7.714984852316176
167.863,6.497868660815623
168.252,-6.445620456190488
168.641,8.256591035487086
169.03,0.0
169.419,0.09017663034908802
169.808,-0.5562192580660633
170.197,5.338916484437135
170.585,0.8767610482695944
170.974,5.749266579675097
171.363,11.417826725995658
171.751,16.161508910090575
172.14,-0.4088521502722768
172.529,2.9552098926307595
172.917,-3.7492596210972327
173.306,0.4195884002995469
173.694,-1.2371191915320656
174.082,0.0
174.471,-5.778767553105318
174.859,0.0
175.247,-1.1446693130290462
175.635,0.13234491577228846
176.024,-14.87291091814219
176.412,11.296408130457245
176.8,-3.108191221012401
177.188,-2.2542156433360225
177.576,-2.4516424047805154
177.964,0.0
178.352,0.0
178.74,2.5558494924849655
179.128,0.009237934670421888
179.515,9.83026857342135
179.903,0.9711996802611773
180.291,-6.10111844797819
180.679,-1.4318557338941242
181.066,-15.59669798198459
181.454,0.0
181.842,0.0
182.229,7.587085664930375
182.617,9.10968963264427
183.004,2.2611220924662203
183.391,1.5043017346812442
183.779,3.5827875530672175
184.166,3.042711761863617
184.554,-4.646199336699451
184.941,11.308857791480843
185.328,-0.34909947095706817
185.715,8.18504843934489
186.102,-4.176309367756238
186.489,-12.792294475510387
186.876,0.0
187.263,-1.8117408430894988
187.65,-20.80446373057118
188.037,3.0012774628018244
188.424,-2.8947314166545564
188.811,30.04257282991704
189.198,14.76709582324585
189.585,24.808077110686412
189.971,13.670497695727112
190.358,13.425546216136196
190.745,22.775307130257204
191.131,17.847254838814628
191.518,30.5160698074454
191.905,20.360449621723212
192.291,19.81925717833678
192.677,27.389589232224136
193.064,21.055156982027366
193.45,21.076884949139878
193.837,18.55318334643844
194.223,21.871530197320617
194.609,23.654442006249763
194.995,13.709706263541737
195.381,20.074833082024025
195.768,21.464313903088794
196.154,22.485503241504464
196.54,8.936804145104803
196.926,11.092479300094139
197.312,20.51105903957224
197.698,15.764030908274014
198.084,8.80333626821431
198.469,13.171410470013043
198.855,21.183251267009727
199.241,16.81757073543933
199.627,14.500658579627085
200.012,19.152694177755187
200.398,20.030179066907017
200.784,20.196512841941754
201.169,23.780578051680425
201.555,19.912759790457994
201.94,17.537338991492938
202.326,16.823164531237726
202.711,23.38884195063818
203.096,16.319186561074215
203.482,24.04490520849926
203.867,14.576641319470763
204.252,14.249764280191144
204.637,13.032602647932608
205.023,15.341802293659715
205.408,16.21346104118408
205.793,18.27808728260953
206.178,22.86112192357037
206.563,8.31870545014836
206.948,23.18305974526273
207.333,17.830461409690148
207.718,29.632333607188066
208.102,9.756006984767472
208.487,15.124938947016538
208.872,18.863728509816582
209.257,11.452368552637937
209.641,18.047778077707214
210.026,17.6786432809311
210.41,15.54148165084287
210.795,14.832758457326934
211.18,20.21062866492087
211.564,13.716844040937703
211.948,16.899032916014516
212.333,20.24558646887304
212.717,16.626167862942918
213.101,18.181271259294967
213.486,20.67660578571064
213.87,16.230435025647527
214.254,14.476153164687322
214.638,15.640417210229584
215.022,21.161299915389343
215.406,19.564037118357252
215.79,19.74054911732484
216.174,20.160209343248077
216.558,13.497511044094045
216.942,17.653574447585292
217.326,17.572208000226535
217.71,14.929917502210882
218.094,25.113251558898686
218.477,17.08564406900665
218.861,19.439249899076962
219.245,18.844227111879608
219.628,27.14105290663336
220.012,22.278013238512266
220.395,13.370039308803632
220.779,20.574611988153265
221.162,17.321747948184655
221.546,16.17311623599673
221.929,13.238554233918665
222.312,17.80183577261389
222.696,13.784669118619695
223.079,19.376077880970943
223.462,18.077735549014573
223.845,13.588000075343588
224.228,20.70301744371244
224.611,10.325548676296656
224.994,18.67646953960065
225.377,19.25313791035782
225.76,28.385621051104458
226.143,18.479725060339717
226.526,17.010462329179564
226.909,19.348088472283806
227.292,17.596256182653676
227.675,20.708806975927217
228.057,14.453708645197645
228.44,16.142314887073624
228.822,17.582015018226077
229.205,11.222217099177675
229.588,19.440059535207382
229.97,8.952124147470293
230.353,18.77902217044868
230.735,22.60605449164676
231.117,12.784690846842619
231.5,12.117725761542063
231.882,17.06228328956454
232.264,16.118895890387087
232.646,13.815455376726723
233.029,26.578861690863015
233.411,7.507972035574723
233.793,16.410358734993164
234.175,15.060763947493435
234.557,11.099479285594605
234.939,17.249258949001568
235.321,18.20216441879675
235.703,19.328921357009836
236.084,17.594124100412543
236.466,16.88702804224936
236.848,13.74746100417429
237.23,20.997761275916876
237.611,11.122405420455902
237.993,12.677514086023125
238.375,22.65953550920164
238.756,16.533212789327813
239.138,15.489524354116439
239.519,15.105592031265102
239.901,27.50759883592168
240.282,16.709301366140604
240.663,21.882940040832455
241.045,20.312918298674873
241.426,18.794424324680634
241.807,11.175507554822138
242.188,18.791551146595637
242.569,15.641333058367106
242.95,23.41453094518028
243.332,11.739879456248675
243.713,9.779474894305034
244.093,17.536851131356396
244.474,17.092373110193915
244.855,9.013780199110435
245.236,22.234611259453306
245.617,22.891585798854592
245.998,14.055754846338461
246.378,16.050351961316355
246.759,18.730815494023222
247.14,20.61154227148448
247.52,14.482520342501598
247.901,13.163721807839222
248.281,21.214323135949016
248.662,20.067260781694408
249.042,16.146902590627338
249.423,25.629536805832206
249.803,13.111583935517725
250.183,20.750856147554895
250.564,17.10739234132978
250.944,19.68664502673836
251.324,20.59227948734451
251.704,16.4940426188403
252.084,14.86709367466509
252.464,21.768643573938697
252.844,14.636583724814784
253.224,19.30443440583805
253.604,24.628849739682696
253.984,24.473135831886722
254.364,16.017873081658028
254.744,22.163994873893827
255.124,19.36261584946527
255.503,19.083461399587257
255.883,20.770372709791733
256.263,28.654441740035356
256.642,18.24963163006421
257.022,17.583394199323884
257.401,14.123691263578687
257.781,10.313035295004138
258.16,18.252846800681763
258.539,17.930118879748118
258.919,12.377607258585638
259.298,21.740822546286765
259.677,15.645352053596508
260.057,15.853072558660333
260.436,23.945062990002217
260.815,17.810918942030145
261.194,19.501810012133554
261.573,27.443499755878868
261.952,15.269446117318484
262.331,28.77199989310441
262.71,14.515478851523142
263.089,22.509642224369507
263.468,17.669859127849627
263.847,14.384327672639815
264.225,15.128412210010087
264.604,17.355962998655578
264.983,9.183623656640453
265.361,21.750464736340533
265.74,15.045774115706417
266.118,19.50019368985356
266.497,20.98804289192551
266.875,16.604901358510038
267.254,11.945095289074507
267.632,20.107482835295023
268.011,8.934011196603672
268.389,23.406246750939687
268.767,14.208867674914718
269.145,15.898490833775798
269.524,19.268076199263398
269.902,17.636542872350148
270.28,11.102793043053712
270.658,16.691704246467427
271.036,18.278790488127594
271.414,20.814692249030333
271.792,17.208125885008904
272.17,19.299677699233456
272.547,21.212930042580783
272.925,17.02311894105637
273.303,11.300091159725831
273.681,14.193941036762334
274.058,17.957879021109868
274.436,21.398474838808664
274.814,19.92714234805189
275.191,13.497944397140525
275.569,22.00463736531711
275.946,14.588212581974336
276.323,20.892980788135063
276.701,18.299356895029828
277.078,12.554915151448467
277.455,10.558585597184594
277.833,17.82824731437151
278.21,20.82493711539306
278.587,19.472765438015045
278.964,13.052106694198452
279.341,10.125274750832338
279.718,16.765751231119037
280.095,18.402356787729325
280.472,18.806594825922097
280.849,20.971972995513923
281.226,22.30001134690666
281.603,20.02928818451636
281.98,20.064992436423132
282.356,13.848228755749474
282.733,18.815804999562864
283.11,20.40999693914064
283.486,26.17343470307544
283.863,15.699732188605257
284.239,24.72959647115411
284.616,13.113019531856743
284.992,13.791530528215336
285.369,17.319735142122454
285.745,14.340457644849872
286.121,17.02205567945035
286.498,20.092308103644122
286.874,11.980971169999679
287.25,18.794124229742234
287.626,3.800234362556174
288.002,28.454215939983012
288.379,25.600153296036293
288.755,23.159988497809355
289.131,24.239211434257207
289.506,12.716098053954664
289.882,20.644042854042265
290.258,20.158552622559252
290.634,16.174257083538567
291.01,15.604888715144345
291.385,21.20557530216129
291.761,24.8677871105048
292.137,20.187571872277825
292.512,14.633060314163329
292.888,28.42359169462958
293.263,23.921168621584123
293.639,14.27554171624623
294.014,25.462756530915495
294.39,13.06386698790652
294.765,18.069128268465374
295.14,23.27742104983453
295.516,15.252786337886583
295.891,15.240750118692995
296.266,12.712811236436892
296.641,18.459296559542874
297.016,22.095811496636735
297.391,14.738437699430193
297.766,24.386953613162547
298.141,20.7292691575983
298.516,12.00966255176765
298.891,14.947165812065649
299.266,21.95885835136451
299.641,11.380873972952168
300.015,18.900949763130043
300.39,20.14310055630464
300.765,23.105670311396366
301.139,11.37347674267195
301.514,18.381870353122803
301.889,19.67262440481311
302.263,21.01950998952277
302.637,15.878078136460179
303.012,13.742236558586672
303.386,15.151470619243613
303.761,14.13817469150106
304.135,13.352616976350612
304.509,13.572905252893928
304.883,23.609277874417604
305.257,17.071919328826112
305.632,20.9131448900943
306.006,19.709157077198917
306.38,21.41873297573634
306.754,18.350841335855254
307.128,19.682937185788298
307.501,19.466422938110565
307.875,11.495583090601567
308.249,21.626466227334284
308.623,19.94210505391223
308.997,16.50625261818507
309.37,14.35821741622223
309.744,11.293612990887052
310.117,18.26854343514584
310.491,14.450878422126165
310.865,17.02114409509722
311.238,10.62513819128924
311.611,13.112153025307988
311.985,19.087498244147262
312.358,19.156031671611288
312.731,18.958028864193757
313.105,19.716242768521976
313.478,15.470761779475236
313.851,24.07404002966723
314.224,16.186202314665874
314.597,22.248657072461608
314.97,24.495685145306584
315.343,16.241231371860753
315.716,25.023595101038676
316.089,12.85698669311726
316.462,20.292655648398465
316.835,18.735912506054625
317.208,12.739952200276074
317.58,20.393594227783893
317.953,18.803426117853114
318.326,17.067174787028414
318.698,24.940073436695446
319.071,25.283302954513104
319.443,22.82929936563923
319.816,8.071607798922226
320.188,16.84050225871786
320.561,14.401393522385986
320.933,14.155855866521897
321.305,23.764724205671662
321.678,23.7326485236124
322.05,13.554370712035928
322.422,20.088743179963213
322.794,17.743806565565862
323.166,14.241529654105644
323.538,18.39904081923643
323.91,18.096500500564307
324.282,8.346772994112335
324.654,15.195253339357757
325.026,25.379629096548868
325.398,6.769545210719279
325.77,5.993531499208683
326.141,24.459741775330567
326.513,14.832617505304437
326.885,20.186250402577038
327.256,25.897581307108712
327.628,27.71887146451482
327.999,21.515233839568793
328.371,19.033275123560774
328.742,23.662036657543585
329.114,15.381825940742981
329.485,26.612552565840364
329.856,11.024181296201577
330.228,20.04018378232087
330.599,12.92328557126856
330.97,14.869250915239466
331.341,22.390339152375024
331.712,20.119649291128738
332.083,19.072179781771766
332.454,23.690567392183283
332.825,17.98187977314908
333.196,32.600355372855034
333.567,17.478980528116157
333.938,16.47478912916477
334.309,20.96634550440352
334.679,20.332887069210056
335.05,13.31975256595451
335.421,22.86956882288895
335.791,20.365643815877135
336.162,14.663402104534446
336.533,14.868714085919652
336.903,14.641443209817515
337.273,14.90696362428036
337.644,18.30377446463376
338.014,21.05718647939103
338.385,22.951679509516357
338.755,21.14342041376085
339.125,15.25518459541636
339.495,17.839525796436114
339.865,12.82247002255142
340.235,19.321356160491188
340.606,22.73987020621131
340.976,13.696159118194032
341.345,16.69963099982291
341.715,18.555820904882058
342.085,20.63684276228456
342.455,18.365920178135266
342.825,13.961265049170098
343.195,14.74845350183127
343.564,23.80441819809527
343.934,17.75417803428862
344.304,22.152120069959132
344.673,19.76608676345921
345.043,23.419754493066975
345.412,14.390039494590747
345.782,12.479934577791644
346.151,11.875570428565279
346.52,20.909945514019213
346.89,20.10667259622966
347.259,20.27222888126489
347.628,20.61538332406917
347.997,25.68640162227283
348.367,14.521668420544364
348.736,23.656967873809837
349.105,22.483321547796532
349.474,17.665980496206966
349.843,21.70008145191827
350.212,8.112278476642272
350.58,15.358530583375797
350.949,22.34303562221884
351.318,17.510847374885014
351.687,17.5813166223534
352.056,16.880723929790133
352.424,14.611707234892181
352.793,17.678333147735472
353.161,17.257995609893044
353.53,23.06336488290237
353.898,24.130062314799414
354.267,18.1606908337822
354.635,9.784309517179334
355.004,20.455527835119895
355.372,17.210538379720116
355.74,17.9495593564388
356.108,11.708588546568425
356.477,19.175782754129
356.845,20.22706435567715
357.213,25.549584506299254
357.581,19.863720958090276
357.949,24.468064730052095
358.317,16.172946388277776
358.685,21.925217785446954
359.053,20.62279348926873
359.42,10.016169911514405
359.788,19.976399417546972
360.156,17.187033833694088
360.524,19.483035940522548
360.891,17.531690754953974
361.259,12.9183900069406
361.626,21.34774896414746
361.994,16.166568576850814
362.361,25.874549898912836
362.729,12.16290914993795
363.096,11.679041953694442
363.464,14.70984768926846
363.831,14.002583828763337
364.198,13.139102928878264
364.565,20.337044340848255
364.932,17.455116971081985
365.3,22.524132451361616
365.667,17.205214428325046
366.034,17.75588361517165
366.401,13.407219175905498
366.768,23.219563804906446
367.134,15.322575413265954
367.501,29.17951950621862
367.868,9.346231583692461
368.235,13.03618917079577
368.602,23.894090207876047
368.968,22.381956130550055
369.335,26.232088662541646
369.702,19.054352814441344
370.068,22.1329859299405
370.435,16.284809579686257
370.801,21.4788893962085
371.167,18.549844770619686
371.534,16.276170439273947
371.9,27.690533139408018
372.266,16.859433631499
372.633,22.467432122034943
372.999,23.472041256200153
373.365,20.836350688200103
373.731,20.365515884970108
374.097,19.453260712690927
374.463,20.516384179585746
374.829,18.430940595748176
375.195,16.204514628600418
375.561,24.07991109331995
375.927,18.91565088467765
376.293,18.06333033587916
376.658,15.277659029953815
377.024,19.26298433679637
377.39,20.10211818449765
377.755,21.652668893774738
378.121,21.124221593361852
378.487,20.378351227077705
378.852,14.6879598500162
379.217,24.62596333344869
379.583,16.83040149633504
379.948,15.474358278890161
380.314,17.051616986738118
380.679,29.882041030331457
381.044,15.085148026032547
381.409,14.34647144951764
381.774,26.122676547907123
382.139,22.626163612099475
382.504,20.219117302695302
382.869,19.597359245061742
383.234,22.172584578336693
383.599,19.855384056921068
383.964,12.751401584355076
384.329,17.441975399847063
384.694,13.601603165831381
385.058,26.675964061643885
385.423,13.278287413538528
385.788,18.690668018353378
386.152,21.215243276521168
386.517,19.30149640569003
386.881,15.97720298989307
387.246,19.315556971143124
387.61,23.73023038849741
387.975,11.488744011059449
388.339,18.85403503958192
388.703,21.00008459686288
389.068,14.89390826826571
389.432,27.428894909855064
389.796,14.751746701740831
390.16,18.51468855542532
390.524,10.922691383047487
390.888,13.51489139928397
391.252,20.33305421349457
391.616,21.541628787533913
391.98,20.036993257027596
392.344,17.601579385779708
392.708,22.266419377264803
393.071,23.557827629040595
393.435,15.387886828362792
393.799,19.684597040203354
394.162,24.55740209664439
394.526,17.722046841539193
394.889,21.224191535020353
395.253,20.311689924590727
395.616,23.009816492694057
395.98,30.913925294921835
396.343,25.735269635548455
396.706,16.53016353399883
397.07,17.96434334607681
397.433,18.235560496086602
397.796,21.674271260740326
398.159,23.696637109704636
398.522,21.48122434377697
398.885,23.25747417948934
399.248,28.190229724835625
399.611,18.21315832199052
399.974,21.571601752546627
400.337,21.37866269114951
400.7,25.522498531598455
401.063,18.38565561869396
401.425,21.183593233675648
401.788,24.075110470145564
402.151,16.839434991037322
402.513,19.1178133951603
402.876,21.415409509065853
403.238,18.916823697455637
403.601,16.30680656966843
403.963,19.650957884385782
404.325,20.673483963918535
404.688,24.354504336036445
405.05,18.997085047296306
405.412,21.5702310250983
405.774,20.804697775026145
406.137,16.933639626057673
406.499,20.5729050026732
406.861,15.12924545175077
407.223,18.944645521272513
407.585,17.84528538989024
407.947,20.869546268951222
408.308,21.546268578410867
408.67,22.64265940137402
409.032,20.534894545692797
409.394,27.347338449485186
409.756,22.06614571188624
410.117,21.56060045300525
410.479,23.591645739367614
410.84,21.809870089365123
411.202,15.560840402998178
411.563,21.42908305318709
411.925,20.7200106889448
412.286,22.31955767857543
412.647,18.833996147051934
413.009,29.323593908880277
413.37,23.063750473370312
413.731,22.4130837701279
414.092,21.05535487297524
414.453,27.592908901544288
414.814,26.170208720553198
415.175,24.954592866133485
415.536,27.8690574869047
415.897,28.089892066302674
416.258,29.829528542611538
416.619,27.26177962330594
416.98,28.343419183270004
417.341,25.960615192520706
417.701,26.94921065785901
418.062,28.157004539128412
418.423,30.0516049433242
418.783,29.731480317144992
419.144,29.42695965266135
419.504,29.413329136964993
419.865,29.298733362022002
420.225,29.707549219029097
420.585,28.454232930591033
420.946,27.54491946186652
421.306,27.77168755950858
421.666,29.145174236795718
422.026,28.90356399039352
422.386,28.431667873563228
422.746,28.64330415806111
423.106,28.620062191943056
423.466,29.422895141173804
423.826,29.21250698843591
424.186,29.805186557512247
424.546,28.65444988603109
424.906,29.73605886985342
425.266,28.30496762651817
425.625,28.245823209940802
425.985,28.97273216309089
426.345,27.97260178417014
426.704,27.84414110346121
427.064,27.40382391959535
427.423,27.469415495874507
427.783,27.427973067402746
428.142,27.98075942549638
428.501,27.021635478438334
428.861,26.65632441728621
429.22,27.42608073345874
429.579,26.709653643987284
429.938,26.68568356428411
430.297,26.717578369722936
430.656,26.65026894147465
431.015,25.833284752838736
431.374,25.7334193194527
431.733,25.712910570505997
432.092,25.912402317047242
432.451,25.42839009389661
432.81,25.348044675613618
433.169,25.25380763114162
433.527,24.917822367613702
433.886,25.546644206207493
434.244,24.990423647775184
434.603,25.03497011664892
434.962,24.745730834933177
435.32,24.299966224116083
435.678,24.213494762527258
436.037,24.184348732158668
436.395,23.933185346400705
436.753,23.996094615442683
437.112,23.879133760223176
437.47,24.06575957234021
437.828,23.9304775358268
438.186,23.986876438686476
438.544,23.798829035531003
438.902,23.330663044773605
439.26,23.467393894181804
439.618,23.625991716282506
439.976,23.634404237768422
440.334,23.23713895378542
440.692,22.895839911147455
441.049,23.24759394943673
441.407,23.32945900845629
441.765,22.69350313294157
442.122,22.780890037649442
442.48,22.630175867104498
442.837,22.92604227005728
443.195,22.26621499508996
443.552,22.531110779798563
443.91,22.36425365280719
444.267,22.19623618895005
444.624,22.03376659194854
444.982,21.888563331368147
445.339,22.277361011616104
445.696,22.20346472566393
446.053,22.020974558921814
446.41,21.793378740527274
446.767,21.403530184767163
447.124,21.678377586017266
447.481,21.394493585314944
447.838,21.397831966310594
448.195,21.20848885853585
448.552,21.151788231449842
448.908,21.615770404659667
449.265,21.301307310432463
449.622,21.5284126472121
449.978,21.418247445582185
450.335,21.042414966525488
450.691,21.26277526855073
451.048,21.40466525580384
451.404,20.974856520302367
451.761,21.21633504972499
452.117,20.876110553027846
452.473,21.069455307448827
452.829,20.567409682149936
453.186,21.14080833652669
453.542,20.834017753973388
453.898,21.067288611013236
454.254,20.991791391259962
454.61,20.746522899832424
454.966,20.74307749009349
455.322,20.722857529924266
455.678,21.19833056524477
456.033,20.579901040548194
456.389,20.332010722928725
456.745,20.829946225354703
457.101,20.621458755372952
457.456,20.77589543528941
457.812,20.411781464575952
458.167,20.397317946351095
458.523,20.60042525001805
458.878,20.64112248404306
459.234,20.22141570614098
459.589,20.236959203120115
459.944,20.513881491951825
460.3,20.786907081635018
460.655,20.207649318193102
461.01,20.049634146664314
461.365,20.16791647625602
461.72,19.966455662875212
462.075,20.08159465684617
462.43,20.00720561921541
462.785,19.938177116485626
463.14,19.87900607686142
463.495,20.13558569833617
463.85,19.926303420481574
464.205,19.679848513195758
464.559,19.711033581856512
464.914,19.5290687076357
465.269,19.55449894988614
465.623,19.49625026203734
465.978,19.687232278437065
466.332,19.69823149305496
466.687,19.817571119338858
467.041,19.141691673579455
467.395,19.61981060990717
467.75,19.548169003385457
468.104,19.253437008035327
468.458,19.232666209581012
468.812,19.166078079907386
469.166,19.021435773001134
469.52,19.32876501124914
469.874,19.135344628994762
470.228,19.283603030162865
470.582,19.060041546425463
470.936,19.180789252739327
471.29,19.13951256842673
471.644,19.429817162256235
471.998,19.040546521518877
472.351,19.250035713485943
472.705,19.336652998244727
473.058,19.06035647544993
473.412,18.910652014744702
473.766,19.05374060034908
474.119,18.89705068369652
474.472,18.947758633336495
474.826,18.8520426756767
475.179,19.04976192812005
475.532,19.0277381040165
475.886,18.857739923456634
476.239,19.157832717719856
476.592,18.84444856039941
476.945,18.753048511366146
477.298,18.650945775256165
477.651,18.658972591308142
478.004,18.565045668954205
478.357,18.459778620223673
478.71,18.218699554200043
479.063,18.23073181788106
479.415,18.348571193684254
479.768,18.660518584228747
480.121,18.099435427987252
480.473,18.221650447273678
480.826,18.4857525332029
481.179,18.302603905569207
481.531,18.011968074520716
481.883,18.143619698208514
482.236,18.342779845659294
482.588,18.35458580335948
482.94,18.62652643715486
483.293,17.761933204684652
483.645,17.665234958786275
483.997,18.115963123112174
484.349,18.19158585257664
484.701,18.160965797167975
485.053,18.090970002922234
485.405,17.854996413302466
485.757,17.84752816408354
486.109,17.58951080658259
486.461,17.870425322142285
486.813,17.859172766599453
487.164,18.00443225012881
487.516,17.79095656004961
487.868,17.545022517949395
488.219,17.764108591423053
488.571,17.883694827952024
488.922,17.927554148052913
489.274,17.664144627956365
489.625,17.53487793281352
489.977,17.42277277238006
490.328,17.16131237804389
490.679,17.501142399745262
491.03,17.215543080760742
491.382,17.328771045487496
491.733,17.362062506477706
492.084,16.948382458579903
492.435,16.80399092460587
492.786,17.1694682414922
493.137,17.145529317307926
493.488,16.9388760748587
493.839,16.828890024685734
494.189,16.8607277949728
494.54,16.763947770733395
494.891,17.239661586224344
495.242,16.597365285564308
495.592,16.918967520338068
495.943,16.618431656676023
496.293,16.816714612731843
496.644,16.976438556043366
496.994,16.502513571808393
497.345,16.592697548035627
497.695,16.235094836895367
498.045,16.604601022118537
498.395,16.210916266517835
498.746,16.64884154453033
499.096,16.32680905625378
499.446,16.160795835566017
499.796,16.224712269289768
500.146,15.981830537635465
500.496,15.828959394255707
500.846,16.178335268618653
501.196,16.199028381468143
501.545,15.944499770597831
501.895,16.08014998358232
502.245,16.261049705274317
502.595,16.19964277522017
502.944,16.087472463071357
503.294,15.866342638509666
503.643,16.000397727711235
503.993,15.824181809393824
504.342,15.884936795289596
504.692,15.922795006477243
505.041,15.700850590069843
505.39,15.816304579003262
505.74,16.022626996174317
506.089,15.483636262142896
506.438,15.725671846425769
506.787,14.970475182570667
507.136,15.700227003828576
507.485,15.39901921749516
507.834,15.661276396259515
508.183,15.618387860263297
508.532,15.622609314744228
508.881,15.71898241440389
509.229,15.15761849093687
509.578,15.28490942719779
509.927,15.583629519439317
510.276,15.099768381466864
510.624,15.365261863998185
510.973,15.069707696071049
511.321,14.97524343067994
511.67,15.466184399530913
512.018,14.962646869677583
512.366,15.2178614565887
512.715,14.890000849101238
513.063,14.855627467273692
513.411,15.145495112868169
513.759,14.851765526627712
514.107,14.676768797080296
514.456,14.78150915542376
514.804,14.837755319014768
515.152,14.90539035211268
515.499,14.54186808191032
515.847,14.943682362652755
516.195,14.546728255329239
516.543,14.668679358051964
516.891,14.542248543097427
517.238,14.399989899519326
517.586,14.515389395319389
517.934,14.550674715048322
518.281,14.496230486225612
518.629,14.487560928129623
518.976,14.686440334062718
519.324,14.335482056051477
519.671,14.37217161440495
520.018,14.424832228072985
520.365,14.220521897448467
520.713,14.321715362573551
521.06,14.33186733957234
521.407,14.310369126001037
521.754,14.32057244050229
522.101,14.235559386645509
522.448,14.214401750022951
522.795,14.608183107796911
523.142,14.582081636957177
523.489,14.492817196562893
523.836,14.510338706952822
524.182,14.55325763200398
524.529,14.753678071481156
524.876,14.337939377193871
525.222,14.180818615561513
525.569,14.198143031099965
525.915,14.010558473463771
526.262,14.171304843250375
526.608,14.209583443400023
526.954,14.195766315345201
527.301,14.217076690927504
527.647,14.299501712819637
527.993,14.217866057426042
528.339,14.235247873033387
528.686,13.937419485408403
529.032,14.092123158437468
529.378,14.144646036366044
529.724,14.356219537288858
530.07,14.490233866041502
530.415,14.345544975098086
530.761,14.117559399771618
531.107,14.28606698485796
531.453,14.287861383028217
531.799,14.258585877611415
532.144,14.096652914779964
532.49,14.366459432191254
532.835,14.182369693208143
533.181,14.190036007251212
533.526,13.949512942352323
533.872,14.271387914356783
534.217,14.397786272526018
534.562,14.3264705023171
534.908,14.391725764452781
535.253,14.536730634851086
535.598,14.39615439227901
535.943,14.56022936970103
536.288,14.308123180369037
536.633,14.423498182783648
536.978,14.487311434104527
537.323,14.679387933705453
537.668,14.433585477204305
538.013,14.301857960092745
538.358,14.271603618175147
538.702,14.35132975807552
539.047,14.47684929032266
539.392,14.529312478898312
539.736,14.526850644591713
540.081,14.477610735763346
540.425,14.723964918961657
540.77,14.55961987495549
541.114,14.537288122729786
541.459,14.431680995385143
541.803,14.526150729288021
542.147,14.533004082333179
542.491,14.206124859301948
542.835,14.375775030718136
543.18,14.448826504528418
543.524,14.46115182382683
543.868,14.24506882429368
544.212,14.414825425582933
544.556,14.464186475065471
544.899,14.416632483031144
545.243,14.455750569940353
545.587,14.504324420314385
545.931,14.23303246697435
546.274,14.496430915976749
546.618,14.54701440736621
546.962,14.50819291498018
547.305,14.441015024029815
547.649,14.456403030558072
547.992,14.29423151387585
548.336,14.46545309980979
548.679,14.5656429168413
549.022,14.885338238325472
549.365,14.461458476838217
549.709,14.550203414602024
550.052,14.664030866973146
550.395,14.521118728347027
550.738,14.739060383369418
551.081,14.345702712042495
551.424,14.651970907110204
551.767,14.562044376072567
552.11,14.627900179026323
552.453,14.048658676587827
552.795,14.531074088722363
553.138,14.51850899283164
553.481,14.518665457069089
553.823,14.663724764748988
554.166,14.512826114913139
554.508,14.637598423658847
554.851,14.349007412012083
555.193,14.427359288001536
555.536,14.696271179278163
555.878,14.514122280957345
556.22,14.598772657723595
556.563,14.641046160099682
556.905,14.448504866775055
557.247,14.524904115151923
557.589,14.948072767068854
557.931,14.52353951086944
558.273,14.768979170148322
558.615,14.747587837481769
558.957,14.562396067583752
559.299,14.635723365847829
559.64,14.664441300071877
559.982,15.153003697916121
560.324,14.747833140159221
560.666,14.881647512970533
561.007,14.72193713049307
561.349,14.635928801168406
561.69,14.526330007679192
562.032,14.81614445264807
562.373,14.544388634950987
562.715,14.652359916597337
563.056,14.96416816207616
563.397,14.910184551495728
563.738,14.904699495212979
564.08,14.584956542508959
564.421,14.954409998000276
564.762,14.858160759308198
565.103,14.624956889745057
565.444,14.593177427418707
565.785,14.823430128219432
566.126,14.98787531833956
566.466,15.07270791443513
566.807,14.949160800674347
567.148,14.732464903913439
567.489,14.91838048224918
567.829,14.721798677164214
568.17,14.907972338419073
568.51,15.107032388766182
568.851,14.992650988515926
569.191,15.187884342572861
569.532,15.112723180819895
569.872,14.926450437810667
570.212,15.2720640465707
570.553,15.353908173261685
570.893,15.30771052911957
571.233,15.285641108947459
571.573,15.186345672184865
571.913,15.102970005879168
572.253,15.205801157690452
572.593,15.15809905168513
572.933,15.156470600782171
573.273,15.212814368851472
573.613,15.130711348270427
573.952,14.877814631777328
574.292,15.137426403894764
574.632,15.280778681942532
574.971,15.115555254156735
575.311,15.439773350065636
575.65,15.348837148138314
575.99,15.461672353875487
576.329,15.38819616689031
576.669,14.988795765497278
577.008,15.047738072572068
577.347,15.340381795616178
577.687,15.327336266556022
578.026,15.405907416679158
578.365,15.159960291996615
578.704,15.387859308776648
579.043,15.48452453382715
579.382,15.390136077109187
579.721,15.256389328771892
580.06,15.440094502076025
580.399,15.609319393239218
580.737,15.23620455311232
581.076,15.308030155013817
581.415,15.174377575831418
581.753,15.583702786343213
582.092,15.209962095309669
582.431,15.718577466851867
582.769,15.513680739919108
583.108,15.514983857683212
583.446,15.496873532892772
583.784,15.49854986364756
584.123,15.545660149185434
584.461,15.863445061920139
584.799,15.542793861857847
585.137,15.639758949341621
585.475,15.205714223849819
585.813,15.450944333458926
586.151,15.675530546342943
586.489,15.445147615881929
586.827,15.793352285224602
587.165,15.582194757988775
587.503,15.66261711279878
587.841,15.828387448271622
588.178,15.632417594401412
588.516,15.908520240290162
588.854,15.717074999923286
589.191,16.119087706828438
589.529,16.026461738106917
589.866,16.45326962681387
590.204,16.264961888390445
590.541,16.142076469861532
590.878,16.239289429949707
591.215,16.16967175089322
591.553,16.417325670692755
591.89,16.43710252178059
592.227,16.122264176365398
592.564,16.261063669476197
592.901,16.312115170484876
593.238,16.58246550491667
593.575,16.25540868923659
593.912,16.431486054726125
594.249,16.61866384277854
594.585,16.510578926786035
594.922,16.720481148052293
595.259,16.493238752755637
595.595,16.499339645737408
595.932,16.377264701090873
596.269,16.598382948860227
596.605,16.53013206797068
596.941,16.584595984089052
597.278,16.376424754324404
597.614,16.36869117633824
597.95,16.34551000852449
598.287,16.514568762181135
598.623,16.552797744857088
598.959,16.433978412476197
599.295,16.4204908088439
599.631,16.507271378624942
599.967,16.291416315908556
600.303,16.243838750636463
600.639,16.381523453908372
600.975,16.16484701739017
601.311,16.789384284722228
601.646,16.534610893769432
601.982,16.260297245188877
602.318,16.797318249239503
602.653,16.58667710610622
602.989,16.41598295651819
603.324,16.23225423484108
603.66,16.5220924767279
603.995,16.280678823565715
604.331,16.54997460100177
604.666,16.503933973701315
605.001,16.49006337958918
605.336,16.197171220251008
605.671,16.64227689568637
606.007,16.689879083694837
606.342,16.647337800072492
606.677,16.632571411777743
607.012,17.05966728863087
607.346,16.818390419999027
607.681,16.8530939350013
608.016,16.812626712847656
608.351,16.817000550884078
608.686,16.589442272216484
609.02,16.58002330419218
609.355,16.973956460839585
609.689,16.94069149766742
610.024,16.91929363823065
610.358,16.898323673592174
610.693,16.490876093685376
611.027,16.91695068252407
611.361,16.790202601305978
611.696,16.856447265967923
612.03,17.04638090255909
612.364,17.25371934341449
612.698,17.0454390514755
613.032,17.269495295647243
613.366,17.0429109925759
613.7,16.810908207600253
614.034,16.91414925834439
614.368,17.278431417928804
614.702,17.11497474124493
615.035,17.411197351930852
615.369,17.073468318099646
615.703,17.361118406932516
616.036,17.268008264831643
616.37,16.895954159456764
616.703,17.471629808797605
617.037,17.311204598599804
617.37,17.34853404242789
617.704,17.23515772059758
618.037,17.462851867608094
618.37,17.416922616101676
618.704,17.434121138463418
619.037,17.679544204558198
619.37,17.286203231360325
619.703,17.432901847945878
620.036,17.61762747424305
620.369,17.635506539243995
620.702,17.880187430614903
621.035,17.61760800940793
621.367,17.422331747835685
621.7,17.94114712560488
622.033,17.843025396141744
622.366,17.7138670166958
622.698,17.575054978347147
623.031,17.572277074944232
623.363,18.051996097648132
623.696,17.783928566511968
624.028,18.093876378170755
624.361,17.946760381016052
624.693,18.069364683440693
625.025,17.702893472203264
625.357,17.84057883901335
625.689,17.99279561044247
626.022,17.987284365424053
626.354,17.92065831188915
626.686,17.87865186952672
627.018,18.076177120691746
627.35,18.255648444839967
627.681,17.838735374877583
628.013,18.04143337205907
628.345,18.22448845285464
628.677,17.855742175741668
629.008,18.095704781850817
629.34,17.58252467479525
629.672,18.05991980841642
630.003,18.31758979315917
630.335,18.052732014053458
630.666,18.326954185859496
630.997,18.19963083844506
631.329,18.0392679644771
631.66,18.59785088544441
631.991,18.6858312543464
632.322,18.0832772852111
632.653,18.359406403319493
632.984,18.68885049641662
633.316,18.559350834144997
633.646,18.479409116932466
633.977,18.61102596474178
634.308,18.34794706200737
634.639,18.26140495522503
634.97,18.31523860927806
635.301,18.441411623513382
635.631,18.550158669614646
635.962,18.490042782711235
636.292,18.63027092985242
636.623,18.5657434149635
636.953,18.4064327482211
637.284,18.41531047227673
637.614,18.871000191233474
637.944,18.451043912045236
638.275,18.689520190715754
638.605,19.03387528558759
638.935,18.897918197943653
639.265,18.79259437020897
639.595,18.64798208923374
639.925,19.000476247045174
640.255,18.857009139834386
640.585,18.99930437902343
640.915,19.012202398797513
641.245,18.94169996505563
641.575,19.573521524451515
641.904,19.043863091519036
642.234,19.1991254181742
642.564,18.874085835185674
642.893,18.975241537365566
643.223,19.081895925590224
643.552,18.78328695697384
643.882,19.34904661751575
644.211,18.799779401201484
644.54,19.33211495323943
644.869,19.180414755378152
645.199,18.92868812348816
645.528,19.429108633854902
645.857,19.445158184169042
646.186,19.376648505817197
646.515,19.29971406391516
646.844,19.701405655606372
647.173,19.097885867017975
647.502,19.61681585812295
647.83,19.68845774529591
648.159,19.329888390523312
648.488,19.383073644489283
648.817,19.73137709860262
649.145,19.884171781392396
649.474,19.560497446618882
649.802,19.960404743293303
650.131,19.51325034160718
650.459,19.727115311790797
650.787,19.322901493425952
651.116,19.648863416315006
651.444,19.802662792576566
651.772,19.66751250612342
652.1,19.6147877745572
652.428,19.818917051885066
652.756,19.79715782463416
653.084,19.63550749063236
653.412,19.766374026688833
653.74,19.650720903209805
654.068,19.674918406538836
654.396,19.79585912983122
654.724,19.822277586310946
655.051,19.81796507290111
655.379,19.770740903346123
655.707,20.29329944065164
656.034,19.770276181461707
656.362,20.45344878008499
656.689,19.953173376120418
657.016,19.774747472977882
657.344,19.834396922586585
657.671,20.706835499163144
657.998,20.253672391917625
658.325,20.283201420544668
658.653,20.195786275447887
658.98,20.54355502047453
659.307,20.49384091803329
659.634,20.338089422842817
659.961,20.06636182474133
660.287,20.402606149783548
660.614,20.349737778765466
660.941,20.236634222548123
661.268,20.686461133758808
661.595,20.33192301343084
661.921,20.08337635092099
662.248,20.8165517967334
662.574,20.744837301831048
662.901,20.687740462273027
663.227,20.076065816083226
663.553,20.430381927840337
663.88,20.614026442483006
664.206,20.41363694550446
664.532,20.433135522728534
664.858,20.34017837802018
665.185,20.4054553294341
665.511,20.625611078734156
665.837,20.383619086709267
666.163,20.757301058115544
666.489,20.360270904326544
666.814,20.718805318293846
667.14,20.3288565262625
667.466,20.90525195862735
667.792,20.604129285501266
668.117,20.382428725793464
668.443,20.781247292392003
668.769,20.237066384271838
669.094,20.75590793200861
669.419,20.717713630380313
669.745,20.840423937603337
670.07,20.854423921830822
670.396,20.715465981643515
670.721,20.30764991448607
671.046,20.403267119506452
671.371,21.264654197820533
671.696,20.738051172017094
672.021,21.02494597100367
672.346,20.9359352282595
672.671,20.64073988369032
672.996,20.879756958810344
673.321,21.02341256196276
673.646,20.819383418751656
673.97,20.926349172946733
674.295,21.161277637746878
674.62,21.169187209205123
674.944,20.95222231626146
675.269,20.885688852971285
675.593,20.771729810220396
675.918,20.897240349962253
676.242,21.148664321780856
676.567,21.02770816058073
676.891,21.298078108931094
677.215,21.533159760011724
677.539,21.048049739229963
677.863,20.979597823157786
678.187,21.114668695392368
678.511,21.119650656352125
678.835,20.978562794193984
679.159,21.33566921708529
679.483,21.363617613996848
679.807,21.007430114062764
680.131,21.1533353919098
680.455,21.17875246612211
680.778,20.943047804751185
681.102,21.411174591609203
681.425,21.199612948451804
681.749,21.869097069819194
682.072,21.494259800894767
682.396,21.555232143083185
682.719,21.5796464813443
683.042,21.695858070104254
683.366,21.819160711994112
683.689,21.622666483791264
684.012,21.446781335481745
684.335,21.45761562205221
684.658,21.399725875586455
684.981,21.01359246960652
685.304,21.332746593393072
685.627,21.513597872426487
685.95,21.79386910557498
686.273,21.738380709159028
686.595,21.793402775624884
686.918,21.710684847667526
687.241,22.098044470762105
687.563,21.660603040940376
687.886,21.669818994279304
688.208,21.384628451334045
688.531,21.7794057847396
688.853,21.29144002360462
689.175,21.884593504595735
689.498,21.790801012730068
689.82,21.718744736918463
690.142,21.778348629181817
690.464,21.802094909557663
690.786,21.63269662120405
691.108,21.508608831521087
691.43,22.117826327997047
691.752,21.60229262881795
692.074,21.954775217920993
692.396,21.99242840754651
692.718,21.68568886485605
693.039,21.979857990183547
693.361,22.159705427749607
693.683,22.055530262346352
694.004,22.168653130897667
694.326,22.178150257710016
694.647,22.30812531609496
694.969,22.340454960499173
695.29,21.924658717884927
695.611,21.615263609452306
695.932,22.4132019874318
696.254,22.38506443029471
696.575,22.011628066883954
696.896,22.167927830051024
697.217,22.94998701203984
697.538,21.94623727600831
697.859,22.524204457871456
698.18,21.74969271754643
698.501,22.811038065466096
698.821,22.694635931083056
699.142,22.042321375393314
699.463,22.126397872552673
699.783,21.783511850914678
700.104,22.42881167708058
700.424,22.6128538577765
700.745,22.807235494956775
701.065,22.478017079321095
701.386,22.084057181904804
701.706,23.454879594742756
702.026,22.11620966264657
702.347,22.51910016864315
702.667,22.11563497893106
702.987,22.460058223951524
703.307,22.120390263551297
703.627,22.901027411075432
703.947,22.379168445430487
704.267,22.38586580263921
704.587,22.605399773080013
704.906,22.14362420144228
705.226,22.513981184579894
705.546,22.54206827994674
705.865,22.73294413558311
706.185,21.85084129353091
706.505,22.63218416435449
706.824,22.079198552293125
707.143,22.54885375032503
707.463,21.9954395680489
707.782,22.6297634084142
708.101,22.317816807875413
708.421,22.252911482797536
708.74,22.336817566468447
709.059,22.156342180830848
709.378,22.510968839467424
709.697,22.399118725761873
710.016,22.714675236983734
710.335,22.607990242521826
710.654,21.875907820845796
710.973,22.603328725264504
711.291,21.969138354973786
711.61,22.354817610786718
711.929,21.96198079553728
712.247,22.295629644695854
712.566,22.38833648928426
712.884,21.979767229303235
713.203,23.10485128034966
713.521,22.123714340434937
713.84,22.368339703779714
714.158,22.20942301039402
714.476,22.40083172268599
714.794,22.698490303653323
715.112,22.897303630930814
715.431,22.367045251660624
715.749,22.378887044973194
716.067,22.53382875690167
716.384,22.831227566412444
716.702,22.5456811913235
717.02,23.107958753190633
717.338,22.24926418253268
717.656,22.149766228837066
717.973,22.25021194718521
718.291,22.214635930041453
718.608,22.779107251179553
718.926,22.66832359596285
719.243,22.292155267326187
719.561,23.022499374904076
719.878,22.729693843345355
720.195,22.25017258515944
720.513,21.79588127326415
720.83,22.28497027506437
721.147,23.268414641739227
721.464,21.100853902932883
721.781,21.851567048678557
722.098,22.151770828020215
722.415,21.63188778717084
722.732,21.798711576551852
723.049,22.8797333584959
723.366,21.983175571439016
723.682,22.57348194531696
723.999,22.424615393906063
724.316,21.520554807830585
724.632,22.360180384780914
724.949,22.446454568250886
725.265,22.538364114117027
725.582,22.36775359192549
725.898,21.447216768562885
726.214,21.599470215770882
726.53,22.195110804291527
726.847,21.68186185359181
727.163,21.97181746589168
727.479,22.503493999527368
727.795,21.349582847339033
728.111,21.629202568150834
728.427,21.764454601277425
728.743,21.804137680698407
729.059,20.926274719625702
729.374,21.042626116356026
729.69,21.842164747506654
730.006,21.624651434864674
730.321,20.973550227162583
730.637,22.16859541107231
730.952,21.89314765387271
731.268,20.408492754909833
731.583,21.758505340683023
731.899,21.71962556041615
732.214,22.017752815503858
732.529,21.389176996801567
732.844,20.634703454665825
733.16,20.205405114124442
733.475,20.480787907342116
733.79,20.876610420216178
734.105,21.19347465631901
734.42,21.23322078076363
734.735,20.465853696819572
735.049,20.44975679400912
735.364,20.517749021327788
735.679,20.818824884380547
735.994,19.72051008043223
736.308,20.27441381417866
736.623,20.463459529853925
736.937,20.212746623279397
737.252,21.29090377273193
737.566,19.859588392536132
737.881,19.862721680239943
738.195,19.971210801535737
738.509,19.793914014939272
738.823,18.924571383267434
739.137,20.608031637767336
739.452,19.91119038997335
739.766,18.69164073861431
740.08,20.512170868382867
740.394,20.24266394246554
740.707,21.001786983378402
741.021,20.025514499511388
741.335,20.09792037789436
741.649,20.27079034105013
741.962,19.35537521872358
742.276,18.89315845368322
742.59,19.741194994129316
742.903,19.859414191724596
743.217,19.152911822072145
743.53,19.289868979325835
743.843,19.417941427073774
744.157,19.533338764208896
744.47,19.998909025375706
744.783,19.546739593653488
745.096,18.87205010248956
745.409,19.676316972665123
745.722,18.503681907483948
746.035,18.455504292900294
746.348,18.883981939582426
746.661,17.633752971223657
746.974,18.373766930597355
747.287,18.938018778559716
747.6,18.833072566179588
747.912,18.953006930618823
748.225,18.648423688992594
748.537,18.925384331004917
748.85,17.88992265466379
749.162,18.063082727981705
749.475,18.119811952184282
749.787,18.454702962158404
750.099,18.468399449800884
750.412,19.760039493116157
750.724,18.59807511109528
751.036,17.947637217996373
751.348,17.405600449078907
751.66,17.605795494182782
751.972,18.50836345054636
752.284,18.155437092017223
752.596,17.44787180044023
752.908,17.387579055818016
753.219,18.021937166124854
753.531,17.609774377861093
753.843,18.03644605534991
754.154,17.361741186793598
754.466,18.355328492591294
754.778,17.30410963454894
755.089,17.018445926997398
755.4,17.438459931355847
755.712,18.68595538281436
756.023,17.235653128220406
756.334,16.574215534774908
756.645,16.50436388694393
756.957,17.45215560932576
757.268,17.35363563176108
757.579,17.496784243646108
757.89,16.921269613074124
758.201,16.780064455428032
758.511,16.458033751323235
758.822,16.777272263395187
759.133,16.75876887999329
759.444,17.172242841160536
759.754,17.113965700533875
760.065,16.316396338657054
760.375,16.757739703257634
760.686,16.73733451181872
760.996,16.714692449836875
761.307,17.808399049707482
761.617,15.898589127840506
761.927,17.52080796181255
762.238,16.59890263779615
762.548,16.54473009999066
762.858,17.167197475245725
763.168,17.23342950209064
763.478,16.487761430234265
763.788,16.924408974844795
764.098,17.4556533644828
764.408,17.00230944064875
764.718,16.585014790896246
765.027,15.47633110142558
765.337,16.831420710159158
765.647,17.108774405411438
765.956,17.19174514403753
766.266,16.1174610579981
766.575,16.178054785779448
766.885,16.97941801965787
767.194,16.088083716947143
767.503,16.038871482513986
767.813,16.9697142739311
768.122,16.123687616001604
768.431,16.592612157314964
768.74,17.39702038541702
769.049,16.59444274274043
769.358,16.37966322318811
769.667,15.133670677162078
769.976,16.3020825892231
770.285,15.352802175940568
770.594,14.9762004683395
770.902,15.186769489198833
771.211,16.889191067409893
771.52,15.937989559809171
771.828,16.095906026966148
772.137,16.26764290815995
772.445,15.45726140657276
772.754,16.56256775046993
773.062,15.9888071376735
773.37,16.83940464857991
773.678,15.292742236318281
773.987,15.560680249861722
774.295,15.475144803885685
774.603,15.243444581460599
774.911,16.592497035003316
775.219,16.799990649978046
775.527,15.279912871106179
775.835,14.792491827700966
776.142,14.78368355242311
776.45,15.4193032569083
776.758,15.88176882148801
777.066,15.556594336100083
777.373,15.264295585258505
777.681,14.990079640248108
777.988,15.6932175405393
778.296,15.361422984933803
778.603,15.08571143144956
778.91,16.458010249753677
779.218,15.411948366547605
779.525,15.353195453030658
779.832,14.575791655637836
780.139,15.931157406708301
780.446,15.353341693732354
780.753,15.36023611978312
781.06,16.52415461708118
781.367,14.614124911146154
781.674,16.30214055165846
781.981,14.450530250904087
782.288,16.078130738882766
782.594,14.953652530786272
782.901,16.755427048995134
783.207,15.550685812664865
783.514,14.118118009794184
783.82,15.271640946015847
784.127,15.836090275661789
784.433,14.92352498242507
784.74,14.590704365992444
785.046,14.804560123771164
785.352,14.69397255078165
785.658,14.698013073949419
785.964,14.733518372914306
786.27,13.96089567954405
786.576,14.759309239560334
786.882,15.010311673113286
787.188,14.658692123739439
787.494,13.607424763589567
787.8,14.604453130182046
788.105,15.983178587925863
788.411,13.404984349032462
788.717,14.516278767013137
789.022,16.267636044384318
789.328,14.401250672719662
789.633,14.688723124334414
789.939,14.563493276447614
790.244,14.88680592039687
790.549,15.48733524213554
790.855,13.726692355645824
791.16,14.265449365829548
791.465,15.58299059082289
791.77,14.272597282042621
792.075,12.656549282030667
792.38,15.62307593096563
792.685,14.3876738648396
792.99,13.612764810023485
793.294,14.162000748217185
793.599,16.039985712190358
793.904,14.959797082235017
794.209,13.830269762830227
794.513,14.730931779873533
794.818,13.751791280874066
795.122,13.981734183092717
795.427,13.410412127214562
795.731,14.509138680073798
796.035,14.603206068536942
796.339,13.277457932840518
796.644,16.380348993096415
796.948,14.977796702679354
797.252,14.648641392993772
797.556,13.68983830937584
797.86,14.156897834802203
798.164,14.513099121768375
798.468,14.994960059145273
798.772,14.262150779380251
799.075,13.938559573231098
799.379,14.111652860307535
799.683,14.716381782189146
799.986,14.2273679626688
800.29,15.493493890725071
800.593,13.527640349009838
800.897,13.93182323735984
801.2,13.998036515489428
801.504,13.81492571673108
801.807,15.062985328062476
802.11,14.205883864528289
802.413,14.819760463110729
802.716,14.302679616567367
803.019,13.86117736552355
803.322,15.425492496829346
803.625,12.655144203288842
803.928,15.40431004308885
804.231,13.648142642964737
804.534,14.414624111190028
804.837,14.223063613308879
805.139,15.465863505638334
805.442,13.391059321680078
805.745,12.770436248692574
806.047,14.596818991649611
806.35,14.719849477641468
806.652,14.841165753713062
806.954,13.271587868645614
807.257,11.448211556838361
807.559,13.030527907017857
807.861,13.818580409768792
808.163,13.47118075758775
808.465,11.912758811195976
808.767,15.411220893277068
809.069,13.579821407321438
809.371,15.670311609798267
809.673,12.634574139975168
809.975,14.349191829834638
810.277,12.558067560481518
810.578,13.264426345561425
810.88,14.822766282280533
811.182,13.54169049501832
811.483,12.355859786260176
811.785,13.727958996110855
812.086,12.928667247401608
812.387,13.448171352110988
812.689,11.472760982896448
812.99,14.260525047097238
813.291,13.717459476944317
813.592,13.480762054227876
813.893,13.37292122530546
814.195,12.613606684840786
814.496,12.142388674114747
814.796,16.582019740512195
815.097,12.75913784788823
815.398,14.444045879621692
815.699,13.53523881847978
816,12.581545884625791
816.3,13.423491246925854
816.601,15.441359562825228
816.901,14.04564894430818
817.202,14.61269930794616
817.502,14.425505526255924
817.803,11.68563408892518
818.103,13.064732592936402
818.403,11.47564502979919
818.704,13.190392288626253
819.004,15.509169461335716
819.304,12.899375761939341
819.604,13.622476933896408
819.904,12.923384824575459
820.204,12.308783590451608
820.504,14.747447270253621
820.804,12.307960273815793
821.104,12.666244315507525
821.403,13.807876401620906
821.703,9.659816120064685
822.003,11.488855925052388
822.302,12.33050786227525
822.602,10.985686385093853
822.901,17.27496974149522
823.201,13.835653991250306
823.5,16.178430303842166
823.799,13.61730086089275
824.098,13.343862273632427
824.398,14.895690974422266
824.697,13.712477173826949
824.996,15.185913308371603
825.295,17.766024091070406
825.594,14.706518839462612
825.893,14.433046589573271
826.192,15.232333302619143
826.49,12.53259541495225
826.789,14.695592710538056
827.088,14.17569218210644
827.386,9.909787286646461
827.685,12.093906051303039
827.983,14.02389064611093
828.282,15.569501878978508
828.58,16.834324457094823
828.879,16.4246590748651
829.177,14.254220454340235
829.475,12.244198883594356
829.773,13.285129817235726
830.072,12.999463420013404
830.37,9.432249513513092
830.668,11.32942515579188
830.966,11.154115709324607
831.264,13.22875247486096
831.562,9.817889597208367
831.859,14.551117394499915
832.157,13.861101966519572
832.455,11.124271134179848
832.752,17.35096159036896
833.05,11.142510169243895
833.348,14.696316631945612
833.645,15.90229771668449
833.942,13.372603090849056
834.24,12.04863576793698
834.537,16.372445083435235
834.834,10.243793495024105
835.132,13.123460228254467
835.429,16.385210060626093
835.726,13.331938445728973
836.023,12.160437867782166
836.32,13.098226850953859
836.617,11.638002425306935
836.914,14.645373404140113
837.21,9.82402176074452
837.507,14.794310664226554
837.804,16.091754707019216
838.101,11.400196480046862
838.397,12.75817493460286
838.694,12.049948349961973
838.99,10.819951081434734
839.287,12.998346561095484
839.583,13.242910167091178
839.879,13.424073806977884
840.176,11.647627532028356
840.472,14.551697069160051
840.768,12.100294860449928
841.064,12.51429401244515
841.36,13.018808086027272
841.656,13.811322213416299
841.952,12.064478784104926
842.248,13.926386392033134
842.544,12.634473551051533
842.839,14.669163407946602
843.135,8.50874257968943
843.431,13.49569171893051
843.726,14.787523508497637
844.022,13.836372816141713
844.317,16.58994040561497
844.613,14.499719487395208
844.908,15.195919617778202
845.204,13.796293431443635
845.499,10.3188805255425
845.794,12.15334954763978
846.089,12.193516129041333
846.384,12.581130155853005
846.679,11.752284613006909
846.974,11.854887252906467
847.269,14.549679478693927
847.564,13.957479961503289
847.859,13.82478990326672
848.154,11.392895262356724
848.448,13.951986422859456
848.743,11.894078176511753
849.038,13.60676062141263
849.332,10.172619612701247
849.627,11.631604494497543
849.921,15.248870534822897
850.215,14.27790284441092
850.51,13.059533556195815
850.804,10.809371207027048
851.098,11.229490927146864
851.392,12.82411166706483
851.686,12.236270132034276
851.981,12.056378172936752
852.275,13.391744251011525
852.568,10.753790992361736
852.862,11.407945579101163
853.156,13.32121912552409
853.45,12.778064874716796
853.744,7.9109269478708715
854.037,13.347389287679295
854.331,13.495079553270099
854.624,11.335828477448127
854.918,11.844772932626125
855.211,11.52962805373973
855.505,12.142714207175615
855.798,12.849761385258791
856.091,14.333305970704469
856.384,11.176817135723654
856.678,12.272587978274547
856.971,11.54325263326589
857.264,10.2185931798235
857.557,15.362257490206197
857.85,13.849239158117415
858.143,10.892411537879713
858.435,11.293105119270427
858.728,11.212343827694388
859.021,12.173070953478346
859.313,12.189673124540317
859.606,11.948548266710318
859.899,13.40218725089549
860.191,10.876013603223107
860.483,10.560557888911847
860.776,15.241604983579373
861.068,11.163766999312314
861.36,12.598530732312557
861.653,11.300280066929158
861.945,12.843861417479557
862.237,12.003124889915085
862.529,10.443399442897743
862.821,11.091955563489755
863.113,10.009592891945003
863.405,8.834185737321775
863.696,11.671218735027258
863.988,11.115618258095942
864.28,12.220995457897377
864.572,9.66296470556935
864.863,15.6304767514499
865.155,11.667456492369478
865.446,11.20855535463574
865.738,10.006147670971835
866.029,13.160641944984365
866.32,11.499860719871759
866.611,14.396208456012419
866.903,11.138364181304553
867.194,15.700743174189283
867.485,15.90014560084163
867.776,14.94585880135925
868.067,9.851047695141927
868.358,9.340833575077097
868.649,14.058849123873534
868.939,14.300610588875058
869.23,9.868677300888779
869.521,9.04136786767641
869.811,13.060711300262506
870.102,7.589298333427487
870.393,10.385746185545441
870.683,11.615692550678522
870.973,12.871704494309851
871.264,14.934760225180634
871.554,14.211980430188166
871.844,14.067558201866477
872.135,21.597727544478783
872.425,13.928579423414428
872.715,5.294928305624403
873.005,20.9647052343703
873.295,11.277665670770125
873.585,15.799721110133161
873.874,10.825634930864878
874.164,17.958873125054417
874.454,15.64615359286594
874.744,14.34287406202454
875.033,12.535467599315805
875.323,17.312661363444207
875.612,15.805585093354797
875.902,14.691508662810307
876.191,12.861948066736346
876.48,12.505701054832166
876.77,13.833170977526262
877.059,14.896785767605273
877.348,4.975408700427526
877.637,15.550687422728505
877.926,17.984652415673636
878.215,8.146405863732518
878.504,12.038079385512363
878.793,9.936112394808145
879.082,12.406262466531878
879.371,10.35535322404605
879.659,15.055576081395742
879.948,19.668465536035324
880.237,17.084278767058294
880.525,5.322232745701549
880.814,14.724723676231884
881.102,8.935524475167522
881.391,7.875601110750918
881.679,-11.02916557963866
881.967,16.970197018381512
882.255,20.010396257353666
882.544,3.518741689334279
882.832,9.968279331248691
883.12,9.312822743632948
883.408,19.12793701638853
883.696,18.741956167393994
883.983,9.29884351640124
884.271,15.735311916680695
