153.834,0.0
154.224,-2.386720321095588
154.614,-19.599344861910794
155.005,9.373320428810356
155.395,-1.243935751135578
155.785,-0.8987251815894934
156.176,-14.077803158755492
156.566,0.0
156.956,4.237841393870405
157.346,0.0
157.736,-1.1244103131717036
158.126,-4.077299049934369
158.516,-0.341142222305762
158.906,4.121627898237394
159.296,-0.7537660745077575
159.686,-5.645254499109023
160.075,0.066655467506129
160.465,-1.3777444674908053
160.855,2.6997043020467677
161.245,1.7868963191719054
161.634,-8.120376939926778
162.024,1.0878629047432826
162.414,0.0
162.803,-1.041198208652641
163.193,2.766410206709291
163.582,-0.9985784065265141
163.971,0.0
164.361,1.6076619004698973
164.75,7.738945049533737
165.139,-2.636989101812229
165.529,-2.447154195229306
165.918,-5.386374093113166
166.307,0.0
166.696,2.7190127444343304
167.085,12.362370191336588
167.474,-10.658050296494396
167.863,7.171331836415274
168.252,-4.825042682376294
168.641,6.381602953981415
169.03,0.0
169.419,0.7824132520261384
169.808,-0.11189051674270831
170.197,3.9342955976571687
170.585,0.5757310526056132
170.974,6.777095673539852
171.363,10.903456765032889
171.751,18.871524597936972
172.14,-1.5112105049846656
172.529,0.843528446570904
172.917,-6.573887453629091
173.306,0.22844507582795848
173.694,-0.5792548946416685
174.082,0.0
174.471,-9.182373206915662
174.859,0.0
175.247,0.39025620710825776
175.635,-1.1027084586071765
176.024,-20.978632749737372
176.412,8.231602453134725
176.8,-1.830437373673927
177.188,-0.3010299956639812
177.576,-10.331805827039036
177.964,0.0
178.352,0.0
178.74,-0.03243393656907917
179.128,0.1859253427310407
179.515,8.816141231130706
179.903,-0.9304459140871675
180.291,-2.627962681879865
180.679,1.0763201605436268
181.066,-14.182200552899328
181.454,0.0
181.842,0.0
182.229,4.195164084433013
182.617,10.661375460878054
183.004,3.2791556760453617
183.391,1.7026426796773881
183.779,1.4675058499881186
184.166,3.0700559484496823
184.554,-4.6165036882066195
184.941,5.648611121408663
185.328,-0.6791242162404496
185.715,7.438868884374416
186.102,-6.137539826584623
186.489,-8.487945873066437
186.876,0.0
187.263,-2.3600316763960016
187.65,-21.66054961619387
188.037,2.5640318572231013
188.424,-2.6436988560208325
188.811,2.0424455018088112
189.198,1.2230681973254476
189.585,0.7267216022351611
189.971,0.3516780629421453
190.358,-3.415436349351353
190.745,5.753967226154166
191.131,2.6120381297042927
191.518,8.03970954948209
191.905,2.6797569186053116
192.291,1.0977465277649414
192.677,6.512805784469324
193.064,1.7000473973844654
193.45,-1.2473815982960277
193.837,3.086179026456377
194.223,2.7575773985187486
194.609,5.597855136216601
194.995,2.099320517122799
195.381,2.0417955586760423
195.768,1.6137956041057648
196.154,3.9059183271795472
196.54,-2.4500358596303218
196.926,-2.1790781415677123
197.312,4.408769112539565
197.698,-1.4499297736799135
198.084,5.524079606735376
198.469,0.5970107902017133
198.855,4.6939293576418795
199.241,0.5915503148686769
199.627,2.117178992678576
200.012,-3.0598863013371806
200.398,1.2303768421695718
200.784,1.9406230121254893
201.169,1.617497472364396
201.555,0.837752675544868
201.94,3.9899503670284657
202.326,-4.188316300910644
202.711,7.249843116088265
203.096,-0.03746887484797731
203.482,4.99257898995991
203.867,3.6426952854777825
204.252,3.004915138831834
204.637,1.1230126880153508
205.023,-7.422743434351533
205.408,6.1096554063222355
205.793,-1.4694076472953366
206.178,4.890452819098787
206.563,-3.5809449792422736
206.948,3.2170494081119494
207.333,-1.2694382717621306
207.718,-1.9898875298897098
208.102,-0.6986672861962981
208.487,0.44789967102476663
208.872,0.6971321009297281
209.257,4.899303976014814
209.641,3.6790824517939034
210.026,0.820463613628492
210.41,3.4197726904942587
210.795,-0.22890908332410687
211.18,3.2317701496493174
211.564,0.5125346337993385
211.948,-1.1186354056854984
212.333,1.5860319843090425
212.717,-0.1710324509056281
213.101,2.2929832017297156
213.486,2.7447284920761
213.87,-4.237265150330283
214.254,-7.168502443366878
214.638,1.973294202189997
215.022,6.650571539590037
215.406,2.8357760587450094
215.79,-2.326300953707442
216.174,4.78779941098594
216.558,-2.1326379926468166
216.942,3.0804940793882407
217.326,-1.7239983865787716
217.71,0.23774543802376266
218.094,5.7984294327988035
218.477,-1.3585368986235704
218.861,1.8395453955870082
219.245,-0.5452599036231786
219.628,9.311730348839173
220.012,2.446651792077453
220.395,-1.7339389736167883
220.779,-0.9473754363065023
221.162,0.7640689950062196
221.546,-0.4784940787124601
221.929,-2.2242045939095854
222.312,5.781472237315307
222.696,-1.8424689606564932
223.079,1.9035872783080061
223.462,2.5886182133254003
223.845,2.3574650331130367
224.228,2.7475539098087456
224.611,-2.2137161413814996
224.994,1.485766400577778
225.377,-1.42565796567961
225.76,5.136557635207073
226.143,2.7771887675703106
226.526,2.745032441703921
226.909,1.5159879488063945
227.292,9.871367251584156
227.675,1.9292415188704415
228.057,-0.4525409150714366
228.44,1.682267736168135
228.822,3.5100088059462085
229.205,-2.530100184887267
229.588,-0.09695133630866387
229.97,-10.381688015868113
230.353,1.4254537176052455
230.735,5.309683116519035
231.117,-4.737319488524601
231.5,-4.94178491039383
231.882,0.7246043183018329
232.264,-1.904255050986382
232.646,0.10464185752252421
233.029,4.469892786395998
233.411,-1.4664459979830349
233.793,0.14671099392486367
234.175,0.8325776839867652
234.557,-1.0203929528435813
234.939,-1.7288901245519042
235.321,3.885809582769854
235.703,1.7232750133509103
236.084,2.9365373981449787
236.466,4.190582967924497
236.848,-3.448363626763085
237.23,2.8391254415867575
237.611,-1.5269768442509755
237.993,0.5444911784083488
238.375,8.297730044806567
238.756,4.174867590508607
239.138,-2.204154967462702
239.519,-0.5816686057999974
239.901,6.733958157311574
240.282,-5.11807258041879
240.663,2.0393189587499236
241.045,5.753312829104561
241.426,3.8531189864066477
241.807,1.9941646679649045
242.188,3.4297310875440026
242.569,0.6180059698079717
242.95,5.46349387406627
243.332,-3.1870021892167086
243.713,-5.849761731685916
244.093,-2.0252562660272893
244.474,-0.8244449498607054
244.855,-2.35872003306324
245.236,1.7767774061104271
245.617,5.532140635519245
245.998,3.360049158894256
246.378,-0.9753150377269442
246.759,2.3787439916033946
247.14,3.5850838258925717
247.52,-2.7484474395249725
247.901,1.4297828805747854
248.281,3.9132635996144027
248.662,3.46180609818817
249.042,0.030028973364524272
249.423,7.222702660770719
249.803,0.5455046932527347
250.183,3.183321864511829
250.564,-2.3546891474718006
250.944,1.8822495726881847
251.324,4.96419549944652
251.704,-2.691118863614691
252.084,0.9638711011608732
252.464,4.310142621962483
252.844,3.7270068396773053
253.224,5.009875690057757
253.604,7.176550919760429
253.984,7.8987387353815794
254.364,1.8459568900036583
254.744,5.509479595930272
255.124,3.3618473546822973
255.503,5.79378059150107
255.883,3.026399609143377
256.263,6.130076300013826
256.642,3.709470649065425
257.022,2.6991130385218347
257.401,-0.624839857598803
257.781,-7.814416435319695
258.16,3.55334486091706
258.539,-0.8120335475993019
258.919,0.15604078699152846
259.298,-2.564576512099078
259.677,-0.6614901522617829
260.057,3.2452664789727548
260.436,3.4588661283579576
260.815,2.7830057030502715
261.194,-2.0221916988053015
261.573,9.971564017455457
261.952,1.1665594761884894
262.331,8.356939868623606
262.71,-1.9350438861815795
263.089,3.2440474345166055
263.468,0.7679569803842818
263.847,0.6239641207089413
264.225,1.7415127891044686
264.604,-2.1348842045388094
264.983,-11.10770617210668
265.361,3.2822138622025894
265.74,-3.6553358883684575
266.118,-1.4809806798937306
266.497,2.833502210034842
266.875,1.1121068427174217
267.254,-0.007095960443980656
267.632,2.395438118597002
268.011,-2.449707256110407
268.389,5.52831537154235
268.767,0.8665179041078432
269.145,2.295160837041034
269.524,4.293125659989849
269.902,3.2838953781202913
270.28,0.9688221505875657
270.658,2.7250702457053615
271.036,-0.11314350553740538
271.414,5.06533623392409
271.792,5.975240799295817
272.17,5.249959690389926
272.547,5.365319080484658
272.925,0.5439480812283838
273.303,-0.4889197079258111
273.681,0.5826081806494925
274.058,2.7277849290339935
274.436,4.785840518674998
274.814,2.366596871956087
275.191,-2.7126538838013246
275.569,5.888147195594137
275.946,3.1073976411166773
276.323,7.013592669842741
276.701,0.13417475488283895
277.078,-4.5823098561612605
277.455,-1.7500023489796044
277.833,0.04039098527572221
278.21,3.353014048330195
278.587,4.305498534224389
278.964,-1.0033039118036646
279.341,-12.195996979357382
279.718,1.316390276567691
280.095,-1.6683433865132435
280.472,3.9220987927501803
280.849,3.0838235717949005
281.226,3.689050668978518
281.603,0.9040599828190459
281.98,-0.3874589166875863
282.356,-3.271570021340108
282.733,0.8064804718134004
283.11,-3.1576385989738114
283.486,6.6967625961388615
283.863,-1.2754018317136926
284.239,3.7252174568315537
284.616,-2.318802261333583
284.992,-0.09048953224843712
285.369,2.467048905839064
285.745,0.027506567444204537
286.121,0.10375696079712944
286.498,5.622441815202031
286.874,3.526978524792924
287.25,5.123706520567309
287.626,-5.651974123105049
288.002,5.548803839832467
288.379,6.778232472446393
288.755,3.572293330270245
289.131,3.3532910737302624
289.506,1.3356439973178382
289.882,2.5249247585233143
290.258,2.490498564838991
290.634,-0.04999453129749595
291.01,0.12867469274895002
291.385,1.6672589991186724
291.761,3.3042182076002273
292.137,3.2312975711965546
292.512,2.4823034281633465
292.888,6.3814002371038
293.263,3.8342777077295125
293.639,1.8530111063952641
294.014,2.7161543488571405
294.39,-3.6761062190745024
294.765,-1.5978906247020035
295.14,3.385392049138675
295.516,0.9452134793884739
295.891,0.04273020138137608
296.266,-0.32592888388162927
296.641,-1.271471710591712
297.016,1.6539784764258767
297.391,2.0925063665635126
297.766,2.759578519995087
298.141,-0.49206755425933213
298.516,0.15986214186193506
298.891,2.24553781447447
299.266,4.39104747098491
299.641,-4.735091477040478
300.015,1.0793704031738947
300.39,-0.012386071253341291
300.765,-0.30787593127182783
301.139,-0.15808313172598099
301.514,1.0196455242077533
301.889,2.6470245510635975
302.263,3.7883811439882957
302.637,0.11907665713039653
303.012,1.0988569598970896
303.386,1.9919562061841896
303.761,2.1596147875898875
304.135,1.4202358009896485
304.509,4.813573478915764
304.883,2.388248711792296
305.257,3.020504096169529
305.632,1.8181219690494235
306.006,-0.36964322606288313
306.38,1.7942684070839108
306.754,4.833514493894141
307.128,1.3809960902262226
307.501,0.948647536721728
307.875,0.852785554784498
308.249,2.562868222615787
308.623,-0.4503979735527901
308.997,0.1700714223980273
309.37,1.8555416276866494
309.744,-1.8338089411273082
310.117,1.8195436180656592
310.491,0.7407596520742291
310.865,-0.99402305685657
311.238,-1.0442599124234901
311.611,-3.566216634880209
311.985,4.12792682061966
312.358,4.39642998496427
312.731,4.626077801708972
313.105,2.5370620295732524
313.478,2.44495795846742
313.851,7.223544917814398
314.224,1.1852033048505448
314.597,4.372358436338779
314.97,3.228140089202368
315.343,4.613243413441905
315.716,5.9746683214252725
316.089,-1.1616373073598332
316.462,1.17083048901241
316.835,2.843823434906622
317.208,1.5107364261393017
317.58,5.481877198500935
317.953,0.8272577690419036
318.326,2.832962418580366
318.698,7.682763256505477
319.071,3.734773806775842
319.443,1.3258496490612157
319.816,-14.278465721375293
320.188,1.8294657350587586
320.561,0.8336737189922084
320.933,-1.3331424131059733
321.305,4.181322256278776
321.678,5.331782615198842
322.05,-0.668861432260115
322.422,6.119391920962474
322.794,3.056942875008866
323.166,2.175494900611205
323.538,1.432021973422608
323.91,0.7967867692354337
324.282,-0.3990999865407128
324.654,2.1738451041550895
325.026,1.8094965417677977
325.398,-7.960436818932203
325.77,-4.973754132973042
326.141,2.212102515583368
326.513,2.751301677888464
326.885,1.308823068400573
327.256,5.039209212490457
327.628,7.762737120356754
327.999,2.4784019182471257
328.371,1.9327418230781035
328.742,3.0307974600241105
329.114,-4.363856604239574
329.485,4.465672896713269
329.856,-3.880088650534852
330.228,2.0514575216902156
330.599,2.2326042865987814
330.97,1.434678936648363
331.341,1.1452735809170127
331.712,0.6081210194824281
332.083,-3.372234314266985
332.454,3.912757217194531
332.825,4.310714740300293
333.196,7.913905800924583
333.567,4.157983575574667
333.938,2.392098296860937
334.309,2.023631591509058
334.679,3.7528410808596666
335.05,-0.4736550243551765
335.421,1.0754708590962083
335.791,3.6912300865949876
336.162,-0.8400318483642171
336.533,-1.9590474902784187
336.903,-1.3985590062970352
337.273,-0.35457183245611235
337.644,1.7022266437875466
338.014,3.6429703232972392
338.385,4.391733462033544
338.755,0.8878555895317217
339.125,-6.474068673898937
339.495,4.871655020045879
339.865,0.9311677113453766
340.235,4.853647451388511
340.606,5.416021313193147
340.976,-0.552854633496776
341.345,-0.057228458117551104
341.715,-0.4687284044753236
342.085,4.850920716582657
342.455,2.5038181826269
342.825,0.46023872364791285
343.195,0.562743886009655
343.564,1.9722348617508234
343.934,1.598498968016524
344.304,3.170464393225692
344.673,1.2457743394957053
345.043,3.4622545952519497
345.412,-4.678692087151587
345.782,-3.036950178622341
346.151,0.001104456629089104
346.52,-1.3451495556386046
346.89,-0.39033189555259873
347.259,-0.0965360717201902
347.628,-0.5009665699045013
347.997,2.233287715027711
348.367,-4.3447760303470915
348.736,2.2378453196263584
349.105,1.4546783438383875
349.474,3.5231753441002875
349.843,3.228738535733434
350.212,-1.4953743609328813
350.58,2.746441246419427
350.949,2.7863285079030393
351.318,3.8316370818457517
351.687,-0.249247820510876
352.056,2.646135509262609
352.424,1.5082420651455686
352.793,1.200931342505353
353.161,-0.28119347158866587
353.53,5.425474073476649
353.898,5.789380982273359
354.267,2.927291501775072
354.635,-7.5370552112669635
355.004,0.48989089050247503
355.372,0.4706852314978874
355.74,-0.12903318541985098
356.108,-1.2044512895300585
356.477,0.5925272956016991
356.845,1.1923369262813235
357.213,1.7315665796285613
357.581,-0.6751852527706297
357.949,5.852037646454702
358.317,1.5139507900165996
358.685,1.1844629610824269
359.053,-1.3048172791908197
359.42,-1.439272302382518
359.788,4.022136810689933
360.156,-0.2221891401173457
360.524,2.168971913521951
360.891,1.9173761566621847
361.259,-0.9880646136382204
361.626,1.4001249447553215
361.994,1.9503323270800943
362.361,7.811037068408708
362.729,0.27867595662901523
363.096,-3.7050907647556475
363.464,-0.3467767879095052
363.831,0.5044330446571791
364.198,1.2018687946656228
364.565,0.5066661638320478
364.932,-1.524092838553128
365.3,-3.0957075767859927
365.667,0.5331387037494133
366.034,2.2123495921083864
366.401,-1.5783096434989055
366.768,5.376889779142311
367.134,-1.1037097157186546
367.501,5.675223192458594
367.868,-5.338253087495431
368.235,0.8220407754679128
368.602,2.2479235319717734
368.968,3.84144107718036
369.335,4.0717375307981145
369.702,2.1096183151659753
370.068,5.3879325418616375
370.435,-0.5102418749555405
370.801,2.3974883197272625
371.167,0.9171940168999861
371.534,3.1211360457812973
371.9,3.5069591724645925
372.266,0.2599605782294233
372.633,1.6732053257417785
372.999,4.6483300817786635
373.365,2.346134867726185
373.731,4.781601344044751
374.097,3.638902513010889
374.463,1.1381189372266587
374.829,5.389959977111214
375.195,-1.4048740548786898
375.561,1.6388679731725462
375.927,2.105996125366762
376.293,2.2615846545220077
376.658,1.7633129447378415
377.024,2.61315069400015
377.39,5.917249807127091
377.755,2.8710080748514963
378.121,2.157649295816093
378.487,3.9787441114211886
378.852,1.632481242297744
379.217,5.088341080485793
379.583,-2.096142450526479
379.948,3.8436752492649666
380.314,0.889220277189626
380.679,-0.38477343604806713
381.044,1.8672104878758258
381.409,-1.6776895379441277
381.774,2.5001954492678804
382.139,4.059579515168918
382.504,0.3879865493619879
382.869,5.837783497875077
383.234,4.678035585447414
383.599,4.197565243547437
383.964,-0.27046768143050387
384.329,1.9296166626158484
384.694,1.0521978123560245
385.058,3.694904747670912
385.423,-2.012656976496575
385.788,3.5965482152883386
386.152,0.10669605223283515
386.517,3.2298575377813847
386.881,1.5150463570944517
387.246,1.2743215554642617
387.61,4.960359939864328
387.975,-2.00201023431481
388.339,0.9006766211473917
388.703,0.9950792067410691
389.068,1.2494873233226125
389.432,6.406349703782612
389.796,1.2911089581720654
390.16,2.595533155109334
390.524,-1.5911439249606028
390.888,1.0119818231064286
391.252,2.8223584442063845
391.616,5.452907440587006
391.98,4.99647451110672
392.344,1.8701497180331734
392.708,5.5753388150454475
393.071,5.316821000371243
393.435,0.49269320270584727
393.799,1.1351963256628976
394.162,4.228242420194994
394.526,0.9820694748088447
394.889,3.700349660658616
395.253,4.499410643966871
395.616,3.9980967599554558
395.98,7.102636566321046
396.343,4.962424774325592
396.706,3.929374411741854
397.07,1.321804523754527
397.433,3.4073752232242738
397.796,4.525414286029659
398.159,0.7919643811546466
398.522,3.4184226576919117
398.885,6.390532920900888
399.248,5.617399216363665
399.611,2.617635972362667
399.974,4.085850243300407
400.337,3.764527093354623
400.7,5.382539512434642
401.063,5.40986802827302
401.425,4.074610767652666
401.788,6.785359390568019
402.151,1.956638142053726
402.513,5.597505798607541
402.876,4.18173191920662
403.238,2.5060740363966274
403.601,2.604343965776343
403.963,4.820826386710242
404.325,5.161233266752954
404.688,4.348573110102313
405.05,3.30601571697821
405.412,3.88095648116185
405.774,3.4147930168686393
406.137,1.2860129941522709
406.499,3.5261276403130086
406.861,1.2238278102558358
407.223,3.7498223964408934
407.585,2.648614603277163
407.947,3.5377089683012057
408.308,6.339668852015202
408.67,5.588887636252705
409.032,4.2534608837676045
409.394,5.960690259141837
409.756,5.955851231891734
410.117,5.115842496150353
410.479,6.697752027412764
410.84,6.183023971110644
411.202,3.0281650475640722
411.563,5.018414293751951
411.925,5.151381089809627
412.286,6.469107264045291
412.647,3.914162349560765
413.009,6.5120248482429846
413.37,7.031657196245174
413.731,7.239670375381232
414.092,6.38273375168825
414.453,8.971387620330322
414.814,8.811493971619925
415.175,9.0888842205274
415.536,10.855531075118849
415.897,11.448987243211084
416.258,11.845650719818375
416.619,11.905952068238491
416.98,11.77502974540331
417.341,11.489351109476683
417.701,11.807933666292614
418.062,13.168802455058362
418.423,13.470480097608936
418.783,13.333006163749793
419.144,13.31117757459508
419.504,13.483259081629901
419.865,13.431923465613716
420.225,13.908571190614076
420.585,13.452485723075123
420.946,13.501646964992489
421.306,12.818201280246473
421.666,13.952522005013005
422.026,13.71062551015836
422.386,13.264629005405409
422.746,13.656964622481334
423.106,13.556499987518878
423.466,14.08886766714236
423.826,13.397284059433623
424.186,13.725952258781469
424.546,13.09771344151358
424.906,13.504291065031852
425.266,12.584546537598834
425.625,12.619738572842422
425.985,13.036540137124385
426.345,12.109132807722846
426.704,12.043760031105078
427.064,11.576349024090593
427.423,11.779557660432436
427.783,11.501283816444515
428.142,12.027429229188327
428.501,11.215576513318195
428.861,11.04064386379367
429.22,11.575714969278968
429.579,10.769575373947006
429.938,10.547685491800259
430.297,10.541023787518865
430.656,10.305663678711277
431.015,9.7200328241603
431.374,9.555077149473105
431.733,9.432087277978265
432.092,9.47442872889626
432.451,9.007353712388753
432.81,8.812669109964707
433.169,8.605115117815595
433.527,8.233537960694013
433.886,8.814826295503115
434.244,8.352778770270625
434.603,8.142040758058705
434.962,7.930413814564089
435.32,7.731769264282831
435.678,7.388705369992245
436.037,7.5986967224507564
436.395,7.018385873726174
436.753,7.000377698147941
437.112,7.041020299895379
437.47,6.913637749363562
437.828,6.919423409349122
438.186,6.6454561094367905
438.544,6.459307854311301
438.902,6.260425991699977
439.26,6.156350597293757
439.618,6.263013227335755
439.976,6.156307827060879
440.334,5.97771797144939
440.692,5.657313142298992
441.049,5.78385591187607
441.407,5.943705871110678
441.765,5.45210076244149
442.122,5.376650610817538
442.48,5.226439150363011
442.837,5.476177893710291
443.195,5.027272053417643
443.552,4.9983186511536175
443.91,4.878369085541343
444.267,4.648377159586306
444.624,4.660176852956668
444.982,4.320100006788764
445.339,4.665940909861901
445.696,4.795240910676186
446.053,4.316548979820148
446.41,4.038120817808273
446.767,3.732932237149214
447.124,3.946121334607272
447.481,3.652381706786342
447.838,3.5830829315953365
448.195,3.717899249602659
448.552,3.6135067302854558
448.908,3.885688120080614
449.265,3.67113090717121
449.622,3.6846955673820414
449.978,3.818998865388002
450.335,3.509224413748489
450.691,3.5711139526447337
451.048,3.549013525113403
451.404,3.2500987708579694
451.761,3.3131950338269487
452.117,3.1901860856807875
452.473,3.1625519557891346
452.829,2.8753437538611655
453.186,3.1961092760649414
453.542,2.809693886455712
453.898,3.1093418426751747
454.254,3.1944798819684417
454.61,2.8102727081011833
454.966,2.8398218524924794
455.322,2.7742398938743875
455.678,3.2581272935611767
456.033,2.63962726242931
456.389,2.3555771557398377
456.745,2.7649384632630123
457.101,2.7220611111366875
457.456,2.8809482227892222
457.812,2.595159262375416
458.167,2.686787330874528
458.523,2.634955394384106
458.878,2.7659916005369274
459.234,2.5732279056680207
459.589,2.3978773990632534
459.944,2.7315699110173344
460.3,2.9687778313848425
460.655,2.4006556984121565
461.01,2.423684623820778
461.365,2.459072032380128
461.72,2.3192527430032612
462.075,2.4430144674166043
462.43,2.2920257040000647
462.785,2.348536693676572
463.14,2.2805869623281443
463.495,2.572463261801833
463.85,2.3941434947241387
464.205,2.2376609743943776
464.559,2.3464956682640508
464.914,2.1962044717165945
465.269,2.019534036854686
465.623,2.0568676561752164
465.978,2.195448458623039
466.332,2.2815972368525985
466.687,2.310613707208675
467.041,1.912798041504833
467.395,2.2190160211057575
467.75,2.2413718734298342
468.104,1.887690988246786
468.458,1.9903097910866772
468.812,1.7774716697175372
469.166,1.8448879832401701
469.52,2.036036231090792
469.874,2.0077712352216706
470.228,1.8974510495545063
470.582,1.9097202095544399
470.936,1.9525770662726578
471.29,1.885468684217777
471.644,2.333985912421223
471.998,1.9392006781677227
472.351,2.0360598284010827
472.705,2.0200092481239262
473.058,1.9085374762636969
473.412,1.6890339792736584
473.766,1.8368410884474724
474.119,1.7232072856690086
474.472,1.8332798680740148
474.826,1.8743372100941225
475.179,2.007241995285995
475.532,1.872599713018425
475.886,1.7684058527850293
476.239,2.2094602811252315
476.592,1.7378971295786498
476.945,1.7392790780796363
477.298,1.773249407443267
477.651,1.7768358369106343
478.004,1.835509769466665
478.357,1.5484330780752673
478.71,1.4182301933408923
479.063,1.506306332323185
479.415,1.6007778738033256
479.768,2.012586229954726
480.121,1.4474790782400768
480.473,1.6701279462963015
480.826,1.8751727894716024
481.179,1.6872727104996346
481.531,1.5635944500737713
481.883,1.603533344968076
482.236,1.7607540315622268
482.588,1.9198327543049527
482.94,2.1120507087968114
483.293,1.342394976889162
483.645,1.281826422176055
483.997,1.784326183992891
484.349,1.8450064533429247
484.701,1.813931442756548
485.053,1.6830337340287624
485.405,1.5225051463391825
485.757,1.612940941746397
486.109,1.3163591534545762
486.461,1.7752837696471622
486.813,1.7363656179571343
487.164,1.8644490514212517
487.516,1.5577637087150136
487.868,1.4551970950457167
488.219,1.660731806759275
488.571,1.764853170359952
488.922,1.9352673178865847
489.274,1.750612391711165
489.625,1.5403646235831556
489.977,1.4942421882891785
490.328,1.310332690488004
490.679,1.5899990207380537
491.03,1.5130637458578173
491.382,1.5315774405702323
491.733,1.7549309456923456
492.084,1.4244977231231155
492.435,1.2258777634185418
492.786,1.4349220007743688
493.137,1.4585958824075744
493.488,1.3714322047772571
493.839,1.2009832212813336
494.189,1.388361960226684
494.54,1.3736076400277601
494.891,1.6709950074946198
495.242,1.1442628895451203
495.592,1.4000827306999564
495.943,1.3524260217252657
496.293,1.4338367289293739
496.644,1.7056312421487232
496.994,1.2656423025245889
497.345,1.5454593714696228
497.695,0.967003190931311
498.045,1.4354541025719265
498.395,1.1258978581682735
498.746,1.5161168619070167
499.096,1.4161318405953924
499.446,1.2601938494611655
499.796,1.2280384391054882
500.146,1.1624793622012901
500.496,0.9399490563982289
500.846,1.2627267115632168
501.196,1.2361831557161802
501.545,1.1725913766190992
501.895,1.3805380335710191
502.245,1.4242745694850658
502.595,1.4470265561590683
502.944,1.3229963972724792
503.294,1.2420151183784924
503.643,1.3200306809063969
503.993,1.1520904661139726
504.342,1.2987873441904325
504.692,1.4135636727904735
505.041,1.1359072647756716
505.39,1.3616180183125224
505.74,1.5333309038606153
506.089,1.140710616289309
506.438,1.3176414785786807
506.787,0.6857130231928612
507.136,1.1810472572802144
507.485,0.9901699008941989
507.834,1.2108432756344636
508.183,1.2011381074342236
508.532,1.4116090779121873
508.881,1.4504846947432841
509.229,0.843294126775828
509.578,1.0320077726910843
509.927,1.2821365286126492
510.276,0.95995729327218
510.624,1.2312043670658153
510.973,0.9115635256415767
511.321,0.9622314318463769
511.67,1.538006197040388
512.018,0.9189725614991914
512.366,1.2222041826734618
512.715,0.9703822825949201
513.063,0.9634269708422327
513.411,1.2079844779700784
513.759,0.8628853235876605
514.107,0.7755844385442852
514.456,0.9741502511136525
514.804,1.0332770709243706
515.152,1.132633443242238
515.499,0.7855861996281142
515.847,1.1483612604608175
516.195,0.8355953002898193
516.543,0.938879088513744
516.891,0.8678876134825485
517.238,0.7946776586065933
517.586,0.901588422629342
517.934,0.9286683477948002
518.281,0.9101992786717731
518.629,0.9688033586022254
518.976,1.1682572140671004
519.324,0.8481841226706317
519.671,0.8127006034220212
520.018,0.853802858662367
520.365,0.8431358934459988
520.713,0.8344946046793444
521.06,0.8811793561776587
521.407,0.7726049717070937
521.754,0.9096215046593065
522.101,0.7877729418529551
522.448,0.8057823422753021
522.795,1.1798854499466447
523.142,1.115422550280076
523.489,1.0920453642946364
523.836,1.153255220126191
524.182,1.0742914848408123
524.529,1.3151892182048657
524.876,1.0320999659402448
525.222,0.9238621744299185
525.569,0.9504412335134774
525.915,0.6753007306124573
526.262,0.8479732553760881
526.608,0.7712613754048906
526.954,0.8585071840780744
527.301,0.9061442855284582
527.647,1.0435297032040454
527.993,0.9153883903207186
528.339,0.9100221254166888
528.686,0.7198990158647879
529.032,0.8142005059907447
529.378,0.9059331797647138
529.724,1.0450828853467902
530.07,1.1796786366858567
530.415,1.117065047939439
530.761,0.7781874269383859
531.107,1.0404976111862136
531.453,0.9599024394199417
531.799,0.9407972674175316
532.144,0.7029830535541651
532.49,1.0589148404649547
532.835,0.7892307012055759
533.181,0.7961085239029972
533.526,0.618961161716337
533.872,0.8535561680329292
534.217,0.8807493260729364
534.562,0.7861761423727955
534.908,0.852315416640147
535.253,0.8742624228335626
535.598,0.846592442177371
535.943,0.9225505968928261
536.288,0.6661182742664525
536.633,0.8201327967463812
536.978,0.7779772994502226
537.323,1.0593198062765685
537.668,0.777035360181159
538.013,0.6718546012820908
538.358,0.7016664437707595
538.702,0.7101417413614161
539.047,0.7902287773579376
539.392,0.8554537593082758
539.736,0.807626339662321
540.081,0.8216470938097777
540.425,1.0406096682183863
540.77,0.9551468316928575
541.114,0.9230603290725783
541.459,0.7564532387907735
541.803,0.8682728020880288
542.147,0.9535048858899076
542.491,0.6930524710910575
542.835,0.7620641704785873
543.18,0.9174522523609329
543.524,0.8946603673515444
543.868,0.7173033920486446
544.212,0.8765644613897887
544.556,0.9541025173672569
544.899,0.8687874068594208
545.243,0.9235178743744246
545.587,0.9448891143543986
545.931,0.7395930456936635
546.274,0.8982879842154105
546.618,0.9211203804247515
546.962,0.8652253559520844
547.305,0.8878103314863877
547.649,0.8583978982509292
547.992,0.6996839456958206
548.336,0.8751291607968538
548.679,0.9194156304493203
549.022,1.25799968037124
549.365,0.8424852693401742
549.709,0.9329244096611664
550.052,1.0548808601364341
550.395,0.8913610767762659
550.738,0.9827462090685403
551.081,0.6604413395178819
551.424,0.9743022063262814
551.767,0.9362159672901202
552.11,0.9420238911663626
552.453,0.3455482656124602
552.795,0.8590489262492061
553.138,0.8406936345461195
553.481,0.769174956120598
553.823,0.9267304836482353
554.166,0.8087669802196934
554.508,0.9288922824916368
554.851,0.5988091200970381
555.193,0.8006963240139827
555.536,0.8825180279502142
555.878,0.8030349641289241
556.22,0.9574975028447915
556.563,0.8884923507876162
556.905,0.7508812581087598
557.247,0.8449003304881917
557.589,1.1118137284913523
557.931,0.7413799109451584
558.273,1.0121802406927933
558.615,0.9306146681149232
558.957,0.7942962395104289
559.299,0.7393172548360734
559.64,0.7469047420772602
559.982,1.2023068239175823
560.324,0.9413745927152142
560.666,1.0389783626863107
561.007,0.8089312450644432
561.349,0.6885073592438504
561.69,0.6683810231948788
562.032,0.9057936575031963
562.373,0.5997940971510658
562.715,0.7187236270694249
563.056,1.0131128936454992
563.397,0.8748268185674392
563.738,0.9351921238257218
564.08,0.5865271666688641
564.421,0.9576969517464837
564.762,0.8118952939669039
565.103,0.6192228216948201
565.444,0.6161670210137672
565.785,0.8496931987386095
566.126,0.8750808609783286
566.466,1.0081152022784114
566.807,0.792941378330764
567.148,0.6111627389923822
567.489,0.743696157159031
567.829,0.6049890374284552
568.17,0.724303031307382
568.51,0.9231485089572916
568.851,0.8334737859423464
569.191,0.9613657038074558
569.532,0.8216673527786129
569.872,0.6193191071881465
570.212,0.9153109603954747
570.553,1.0941810958666112
570.893,0.9802202826981045
571.233,0.9763051086235658
571.573,0.685572098638621
571.913,0.7454400447302721
572.253,0.8275496522522636
572.593,0.8149290430796885
572.933,0.7251134900664005
573.273,0.7794200275329013
573.613,0.7655419005996063
573.952,0.5293690562115978
574.292,0.7949945314948619
574.632,0.8409897651343684
574.971,0.6220546094508075
575.311,1.0936058486489408
575.65,0.8850735603140848
575.99,0.9081287527602301
576.329,0.9695768546934947
576.669,0.5828037879643267
577.008,0.5660170049575763
577.347,0.8366650193171362
577.687,0.8745177901808222
578.026,0.8416372834407885
578.365,0.6818732019421847
578.704,0.9175271245006698
579.043,0.8586568080402586
579.382,0.7839817366906466
579.721,0.7518201316317542
580.06,0.8240251911609123
580.399,1.0196371047182209
580.737,0.5587765240570288
581.076,0.6669782382195922
581.415,0.6229228241943819
581.753,0.9347895113592999
582.092,0.6217839715260909
582.431,1.1602438641464299
582.769,0.8099844257767612
583.108,0.9236044249660059
583.446,0.8399864736436615
583.784,0.8314542230828786
584.123,0.8554809250961727
584.461,1.1195094825554066
584.799,0.8363083324167238
585.137,1.1176186280976543
585.475,0.49768346355794657
585.813,0.669141899473394
586.151,0.8989071175967451
586.489,0.7155334312648702
586.827,0.9191209885224508
587.165,0.9187197288159276
587.503,0.8161510174775256
587.841,0.8103102421692954
588.178,0.6919307864115907
588.516,0.9756566685586006
588.854,0.665496261085145
589.191,0.9413939792735861
589.529,0.9272838068317221
589.866,1.2933722513368329
590.204,1.0965841400067824
590.541,0.9710859405373852
590.878,1.0404086680100542
591.215,0.9218855353582449
591.553,1.1153751857587673
591.89,1.161772856256223
592.227,0.8094059012407425
592.564,1.0162534009720803
592.901,0.9970255190265123
593.238,1.1733284019917325
593.575,0.9832282051196964
593.912,1.0675983600072618
594.249,1.2886367456583392
594.585,1.020607812486171
594.922,1.2437042214165908
595.259,1.0873035026812772
595.595,1.1209033390919672
595.932,0.9648742764161633
596.269,1.0888033326624158
596.605,1.096869621333245
596.941,1.2232649773657407
597.278,0.959010196607458
597.614,0.9530628768819762
597.95,0.835003387712627
598.287,1.0423714930654315
598.623,0.9708084030030217
598.959,0.8788689313838721
599.295,0.8580883421493476
599.631,0.8996481255971961
599.967,0.7822737496131351
600.303,0.6362039042198732
600.639,0.8881601999838133
600.975,0.5519535180629221
601.311,1.1070779369286332
601.646,0.9477143027324176
601.982,0.6511510527089068
602.318,1.1524215970886038
602.653,0.8129747394864896
602.989,0.8152093572289004
603.324,0.6145767566151152
603.66,0.7955286173413931
603.995,0.5953813013200929
604.331,0.8813510693969371
604.666,0.749816673391917
605.001,0.708492613814466
605.336,0.3972331447689594
605.671,0.9761118210612586
606.007,0.8777123919542499
606.342,0.8099152000794946
606.677,0.7841327480909461
607.012,1.1403294892327638
607.346,0.9830659189471982
607.681,1.0407429723566561
608.016,0.9038670582342156
608.351,0.838809367104197
608.686,0.6415407411269906
609.02,0.6324875736250152
609.355,0.8319531578959047
609.689,1.0026874934652854
610.024,0.9968431649058768
610.358,0.8471991481521631
610.693,0.4530322559179564
611.027,0.8109290086528802
611.361,0.8380977552944529
611.696,0.7962469950874638
612.03,0.9065723497857964
612.364,1.0120518568127619
612.698,0.7657846518344523
613.032,0.9638772923707234
613.366,0.6329157704640189
613.7,0.5474417882329516
614.034,0.6260039553603652
614.368,0.8897261775817051
614.702,0.7149486487103095
615.035,0.9372570120174643
615.369,0.6266707905443948
615.703,0.9073176709092554
616.036,0.8212328510955104
616.37,0.5378811613957852
616.703,0.9736861958454722
617.037,0.8721050178896499
617.37,0.7731418221024453
617.704,0.591616305000394
618.037,0.6177869648194179
618.37,0.7847899045354856
618.704,0.7226864651070463
619.037,1.006428479139705
619.37,0.6391052265729
619.703,0.5909314346607913
620.036,0.789059329218334
620.369,0.81228855281128
620.702,0.9000755989092435
621.035,0.7533890963961555
621.367,0.5432267547431866
621.7,0.9461732128691875
622.033,0.8859132868785624
622.366,0.6591547744607885
622.698,0.5478064502067236
623.031,0.5243068189660564
623.363,0.9312384169316777
623.696,0.6772032361349175
624.028,0.9360764233701102
624.361,0.7198729937554842
624.693,0.9396008389436844
625.025,0.6285002037548604
625.357,0.6436280405222156
625.689,0.804270214776822
626.022,0.7693260210937746
626.354,0.6932134007312329
626.686,0.6385109356323293
627.018,0.8122394774669599
627.35,0.8243150006597171
627.681,0.5860014925563479
628.013,0.7443090722867127
628.345,0.8155084365879047
628.677,0.46573788359086277
629.008,0.7760805907962972
629.34,0.21103465605134245
629.672,0.6040457112258188
630.003,0.8564547373260843
630.335,0.5518999654404616
630.666,0.7322399571075777
630.997,0.7222631748908561
631.329,0.5156926042259871
631.66,0.9171926513927036
631.991,0.9792698098930752
632.322,0.624760107050085
632.653,0.7518300794485152
632.984,0.9656164313646587
633.316,0.7825347609576815
633.646,0.6704665569865085
633.977,0.8043410529416035
634.308,0.5170283878485511
634.639,0.4527162349832499
634.97,0.7420283951570136
635.301,0.5197883721523231
635.631,0.7465048453760967
635.962,0.6418570178292791
636.292,0.7331259096046356
636.623,0.7485093242684896
636.953,0.49546477650293097
637.284,0.6018680843795828
637.614,0.8725630809474637
637.944,0.49273770391192184
638.275,0.673842650172808
638.605,0.6986166673173645
638.935,0.8140267673365283
639.265,0.5938166325168073
639.595,0.7050508750340536
639.925,0.9338701750820965
640.255,0.6648810123587005
640.585,0.654851363093878
640.915,0.7232685969476439
641.245,0.5651902445359073
641.575,1.2846135406832868
641.904,0.7683194802837102
642.234,0.9029756873671037
642.564,0.49955240077437524
642.893,0.6710713538025987
643.223,0.7346010623898501
643.552,0.4174335166938491
643.882,0.955046301467422
644.211,0.4163131312547585
644.54,0.7627729242501889
644.869,0.6996041119456392
645.199,0.39741777477337303
645.528,0.7906905425796582
645.857,0.9563689547846975
646.186,0.8320892828699994
646.515,0.6332145246571778
646.844,1.1361351469493397
647.173,0.45891197157664454
647.502,0.7514363926207507
647.83,0.7905904088090994
648.159,0.5912617664071489
648.488,0.8323619423113521
648.817,1.0152511557033295
649.145,1.0311802558586667
649.474,0.6302321088186157
649.802,1.0391753438065643
650.131,0.7021659191308087
650.459,0.7329873257731099
650.787,0.5283297480951691
651.116,0.7742183084364685
651.444,0.9012178941227358
651.772,0.6773158813621742
652.1,0.4878034707744523
652.428,0.6327883416903575
652.756,0.8503116089531444
653.084,0.6090018001464383
653.412,0.7329791531263989
653.74,0.4858418812809018
654.068,0.5702997854308159
654.396,0.7060964251974771
654.724,0.6620806480667146
655.051,0.7892170034515401
655.379,0.5720094393414035
655.707,0.8121011347939571
656.034,0.6516482110789799
656.362,0.8483883242082461
656.689,0.3934159666633759
657.016,0.40613655338014476
657.344,0.42282507867152697
657.671,1.1861234778816627
657.998,0.5413382538946483
658.325,0.6433554057786289
658.653,0.507908857894874
658.98,0.7163610449252479
659.307,0.5549529547011469
659.634,0.5230630733968573
659.961,0.35577645411215053
660.287,0.6218576960514897
660.614,0.6195139292611065
660.941,0.5732605138895045
661.268,0.8329778733468882
661.595,0.6072369533355509
661.921,0.49043557603344545
662.248,1.0547293484071303
662.574,0.8937773017087044
662.901,0.832724808321784
663.227,0.34925637266110415
663.553,0.5691461381801448
663.88,0.8064618889510887
664.206,0.7835769486507171
664.532,0.6167308603170846
664.858,0.6371062688346193
665.185,0.5312867183145409
665.511,0.7106761185251682
665.837,0.3813205402881136
666.163,0.8288985477142085
666.489,0.5096904902211233
666.814,0.7261782551459011
667.14,0.4506140013426805
667.466,0.9177569755273103
667.792,0.6848914472417511
668.117,0.3845172246733923
668.443,0.8104077418096245
668.769,0.2982727824151991
669.094,0.9471299983833401
669.419,0.8115317013836553
669.745,0.9468707603658811
670.07,0.8328404148362012
670.396,0.7610172663122269
670.721,0.4477284467493642
671.046,0.39721914459928526
671.371,1.122086518969844
671.696,0.5849230502988483
672.021,0.65373228522226
672.346,0.5760952590940878
672.671,0.6826853629145753
672.996,0.8739427372556491
673.321,0.838519724846153
673.646,0.5876155400150527
673.97,0.6998759850928841
674.295,0.8782193260187194
674.62,1.08043263397368
674.944,0.5611831385897762
675.269,0.6352850062623661
675.593,0.5523821852028236
675.918,0.7159444720191834
676.242,0.6288242844544962
676.567,0.7487862991636105
676.891,0.7402266479740517
677.215,0.9359186369742806
677.539,0.8183087782962056
677.863,0.37122020378066084
678.187,0.5073528829587788
678.511,0.6752385051298494
678.835,0.39990537024865275
679.159,0.5387550390907605
679.483,0.776877251567358
679.807,0.3568640437749009
680.131,0.5525141957787723
680.455,0.6240683100055934
680.778,0.46246641625694257
681.102,0.6392520641105321
681.425,0.4884245336545623
681.749,0.8989690084506774
682.072,0.7775518096712837
682.396,0.9514405214472369
682.719,0.687872538741842
683.042,0.9111895022309614
683.366,0.7775501918315174
683.689,0.7301151858116159
684.012,0.45050694919561046
684.335,0.6393439323100908
684.658,0.5434542570849695
684.981,0.28487825230503316
685.304,0.31791235685644387
685.627,0.582015379087259
685.95,0.6932643555320974
686.273,0.6873994885620105
686.595,0.7153439923716609
686.918,0.7573856311695005
687.241,0.6861801066590716
687.563,0.5306906545593258
687.886,0.9033047714249863
688.208,0.45029328764941334
688.531,0.64507244456664
688.853,0.2946878583420429
689.175,0.8338912750562538
689.498,0.7218420822736913
689.82,0.7949359780436054
690.142,0.7566280851044066
690.464,0.6690884677506946
690.786,0.6374263907447608
691.108,0.30969874551295473
691.43,0.8165877584327977
691.752,0.3380306728724279
692.074,0.26460911641351564
692.396,0.6733190144033339
692.718,0.46428100926099647
693.039,0.7778227323022915
693.361,0.6009804207021915
693.683,0.6908765326690949
694.004,0.8336384666405736
694.326,0.7524757259641603
694.647,1.096959452752639
694.969,0.8594976651839935
695.29,0.5606582520804111
695.611,0.46827585895908747
695.932,1.055173806794296
696.254,0.573695095433223
696.575,0.45090715992612285
696.896,0.473347913538133
697.217,0.9710966767750561
697.538,0.6410308285248323
697.859,1.0143463753853765
698.18,0.006381920809015268
698.501,0.8918902553301787
698.821,0.7767775328134828
699.142,0.14212968662040715
699.463,0.423910832131686
699.783,0.13289777090637717
700.104,0.9829932369710742
700.424,0.8094668061769162
700.745,1.103805190093226
701.065,0.2756311411809864
701.386,0.34817903320904264
701.706,1.263022533989272
702.026,0.5063632318070639
702.347,0.6893307576612584
702.667,0.38575441557665935
702.987,0.44249698550058914
703.307,0.442558514041866
703.627,0.8933838700308285
703.947,0.5045490483883156
704.267,0.4145407573513552
704.587,0.8387208367090309
704.906,0.46861483743109267
705.226,0.6866383796018253
705.546,0.6110899385855323
705.865,0.6736898053000269
706.185,0.027434201519161615
706.505,0.8422102243361758
706.824,0.6648782497940042
707.143,0.5523226735869075
707.463,0.5650272910803015
707.782,0.798666294885047
708.101,0.3792663813792682
708.421,0.3705255384856119
708.74,0.7788741713081778
709.059,0.47688003655599015
709.378,0.9265444861750072
709.697,0.5900013758221635
710.016,0.9889889965257385
710.335,0.8056803310161086
710.654,0.613759572186972
710.973,0.7908783741231452
711.291,0.38228103643522593
711.61,0.753045188701344
711.929,0.19638590394827327
712.247,0.6345705907777042
712.566,0.3204660551647593
712.884,0.26551038806374727
713.203,0.8410527611960243
713.521,0.6156646414810574
713.84,0.7294986693012164
714.158,0.46692116900426955
714.476,0.6277853634243173
714.794,0.6588385776864634
715.112,1.0093365946178752
715.431,0.6600054533764949
715.749,0.6255478298503009
716.067,0.8438256362177577
716.384,0.7037711439475824
716.702,0.7677254270840623
717.02,0.6332607499176124
717.338,0.36706600779731113
717.656,0.716878729906485
717.973,0.22177570514943365
718.291,0.22409924730143688
718.608,0.8953542330468806
718.926,0.7819921106728308
719.243,0.6586874675568846
719.561,0.7607939560630192
719.878,0.6342293657226693
720.195,0.3604659519311493
720.513,0.19015841375305287
720.83,0.4495494423859303
721.147,1.254372998596548
721.464,-0.4511641792385549
721.781,0.27383598340347587
722.098,0.2414085966252815
722.415,0.32844907028608894
722.732,0.6890884648587033
723.049,0.8501639897418206
723.366,0.36016486209997195
723.682,0.631413557006719
723.999,0.5049498265079178
724.316,0.11299653632673537
724.632,0.9874441851618511
724.949,1.595471613245817
725.265,0.7055247859472228
725.582,0.7274702683925557
725.898,0.39753417175323685
726.214,0.45294944000580156
726.53,0.8643865348044847
726.847,0.166699210243052
727.163,0.4358918323212988
727.479,0.8566021260549228
727.795,0.07383344681558188
728.111,0.6878422188671981
728.427,0.8520528581579129
728.743,0.5922377292960839
729.059,0.6783833917845228
729.374,0.376425749692424
729.69,0.35914076714194476
730.006,0.475066026848965
730.321,0.27484731346801355
730.637,0.8117212937068073
730.952,0.39004121533175196
731.268,0.3858652926614646
731.583,0.8044349948499261
731.899,0.9852480827052782
732.214,0.9201827940450248
732.529,0.2941093369293564
732.844,0.34385525442228854
733.16,0.2781427774503781
733.475,0.007965147018978535
733.79,0.14788722097918472
734.105,0.4361599213283027
734.42,0.9274192397156246
734.735,0.35775451151887705
735.049,0.5257165940108105
735.364,0.46881498835181956
735.679,0.36433895785539744
735.994,-0.09212098246746792
736.308,0.4031914704352029
736.623,0.4048785428342177
736.937,0.5867868476033181
737.252,1.6335181476943834
737.566,0.7301230381732872
737.881,0.503530489885526
738.195,0.534983854489542
738.509,0.3944033591646594
738.823,0.06073098809295231
739.137,0.8057965482591809
739.452,0.556725763130856
739.766,-0.034997852416704
740.08,1.1054017724575784
740.394,0.9478017198350905
740.707,0.4286178816177798
741.021,-0.10240860289192384
741.335,1.3646372867704764
741.649,1.209490503897778
741.962,0.3443066303951763
742.276,0.36132353398086337
742.59,0.6474275327028385
742.903,0.8970683299313016
743.217,-0.2039026178185636
743.53,0.5216519626859484
743.843,0.6834088807463838
744.157,0.5255403408001212
744.47,1.0066458996553693
744.783,0.8160956173817363
745.096,0.5655719274058658
745.409,0.3458655227376883
745.722,-0.20872990720229523
746.035,0.16585572081326325
746.348,0.2729894671773361
746.661,-0.5346721190648281
746.974,0.33163217750540175
747.287,0.4794363615407367
747.6,1.1369585853887083
747.912,0.7373443581550614
748.225,0.4975630728314483
748.537,0.33195071240258867
748.85,0.2812459524626185
749.162,0.2562222127720074
749.475,0.3952058718325746
749.787,0.2647409647389795
750.099,0.32644327585231475
750.412,1.5548971188864624
750.724,0.810865630120092
751.036,1.1863916509305636
751.348,0.36576919012571885
751.66,0.46870674686591024
751.972,0.4320967380500599
752.284,0.6208464572863638
752.596,0.5567812319723944
752.908,-0.04367696783531197
753.219,0.8946302999496868
753.531,0.4776387741796265
753.843,0.870902680226289
754.154,-0.16599800423302954
754.466,1.0681501990547821
754.778,0.6543614633592328
755.089,0.5229573683266574
755.4,-0.019414253128761494
755.712,1.5122408106482246
756.023,0.49091019654835993
756.334,-0.3031195351293679
756.645,-0.04262236735597291
756.957,0.6773211573035804
757.268,0.32026655409029114
757.579,0.5226269644816424
757.89,0.1101848477441138
758.201,0.42753431305432776
758.511,-0.27530324510353305
758.822,0.2874435466882094
759.133,0.4891358847652258
759.444,0.6170988544924412
759.754,0.6276341946537108
760.065,-0.03722393415089947
760.375,-0.08847677953547642
760.686,0.2835502894791968
760.996,0.9683496024954065
761.307,0.7496053172755981
761.617,-0.3693321594595118
761.927,0.8509829675296
762.238,0.3183532147464819
762.548,-0.5392251463274553
762.858,0.6547689115808577
763.168,0.4419117966483324
763.478,0.303241970635055
763.788,0.53948260639053
764.098,0.2688009616852626
764.408,0.6421658828986737
764.718,-0.2253495532409397
765.027,-0.6072611985031264
765.337,0.6869001465613308
765.647,1.0499268102032189
765.956,1.1811969383629517
766.266,0.2293902655599649
766.575,0.16167224225565477
766.885,0.839238694641012
767.194,-0.21422203828282027
767.503,-0.04718841285388564
767.813,0.6515521683456355
768.122,0.053529700330138014
768.431,0.5476396981847984
768.74,1.3914556170835406
769.049,0.6093251051742997
769.358,0.4867580584182253
769.667,-0.643493241786917
769.976,0.6323991039842364
770.285,-0.20559638875017086
770.594,-0.2995251258051667
770.902,-0.722593022010235
771.211,0.6013095861484865
771.52,0.5634787714323861
771.828,0.7055163738213943
772.137,0.9155011848140276
772.445,0.41336021799417444
772.754,1.0572265637443983
773.062,0.4651650716903755
773.37,1.0023003460732975
773.678,0.32929609069873084
773.987,0.10053014313679551
774.295,0.40366624601244194
774.603,0.10627049083235483
774.911,0.8590920128101495
775.219,1.035235667365466
775.527,0.32805699222615986
775.835,-0.08528626237812933
776.142,-0.3739327846672663
776.45,0.6045214436807246
776.758,0.686043039004322
777.066,0.591928185746432
777.373,0.3331936061611769
777.681,0.016693984286774433
777.988,1.2508342499884821
778.296,-0.11781791000599418
778.603,0.07063911416257461
778.91,0.9792760401550148
779.218,1.1728331343290066
779.525,-0.048648518138237104
779.832,-0.11267141962260206
780.139,0.29696599926724887
780.446,0.33822512656817344
780.753,1.0002469536723415
781.06,1.0868498073591788
781.367,-0.3121596589249266
781.674,0.7267613552338846
781.981,0.5074966210943359
782.288,0.5074304323649994
782.594,0.8749202943072097
782.901,1.4959018512253395
783.207,0.7648768822198782
783.514,-0.28958433071879064
783.82,0.7288818452791408
784.127,1.0658160369223908
784.433,0.8249561414727646
784.74,0.5262311409133703
785.046,-0.10880720989535907
785.352,-0.015679846729625097
785.658,0.13013442524321508
785.964,0.34821631220524246
786.27,-1.2948216615923793
786.576,0.550874575667853
786.882,0.3373443938749038
787.188,-0.37585759702439714
787.494,-0.496623987505926
787.8,0.37828632017164515
788.105,0.8147231458619272
788.411,-0.9641852759669813
788.717,0.5525795806889149
789.022,1.3117429566520027
789.328,-0.5463335250823929
789.633,0.24423641589123102
789.939,-0.41064917668599443
790.244,0.6693414754709631
790.549,1.4617853520036095
790.855,-0.7881184285377719
791.16,-0.12050099262239797
791.465,0.8640758624856217
791.77,-0.6469888281609829
792.075,-0.9784864030322014
792.38,0.8904839398053417
792.685,0.7642654623662326
792.99,-0.3438491895942316
793.294,0.44232954607606795
793.599,1.3102084430472025
793.904,0.8627715013816668
794.209,-0.10287476226224013
794.513,-0.3445846824542289
794.818,0.8793498259374241
795.122,0.5947480983663752
795.427,0.5112187439505207
795.731,-0.523347101373357
796.035,-0.09062979312946315
796.339,0.352599730010097
796.644,1.4284193618033048
796.948,0.8780279163483489
797.252,0.610349094569519
797.556,-0.31556390288587854
797.86,-0.6970792722881343
798.164,1.2675070710636462
798.468,1.0628686250395352
798.772,0.9364353973233426
799.075,-0.05057378935561863
799.379,-0.40108661321908273
799.683,-0.36730351836598024
799.986,-0.6268611895965625
800.29,1.7563752932865724
800.593,-0.03378221317363714
800.897,0.08397122119944941
801.2,0.34736847370176066
801.504,0.6678932219018547
801.807,0.9720059026572074
802.11,0.32942806110714895
802.413,0.8870041296588238
802.716,0.01660601186300175
803.019,0.23863852555599122
803.322,0.3997804191614843
803.625,-0.6869963255361331
803.928,1.4159935176767395
804.231,-0.2872969055208012
804.534,1.3856818489248974
804.837,0.8748527520489027
805.139,0.05142016165043792
805.442,-0.12234682345976318
805.745,-0.4291590410631151
806.047,0.09972948519171157
806.35,1.0747590477088411
806.652,2.032205018033243
806.954,-0.3284238015052409
807.257,-1.2540958387615513
807.559,-0.40405294051528795
807.861,1.2719172001985515
808.163,0.21938382450013993
808.465,-0.4210097963303986
808.767,0.34194893775703655
809.069,0.6175540872459745
809.371,2.0678722671264365
809.673,-0.9709772114579078
809.975,0.9062742392484083
810.277,-0.3269723508417603
810.578,0.7554808998308037
810.88,0.4714695407816229
811.182,0.1322941714020429
811.483,-0.4249637753275848
811.785,0.955639578030137
812.086,0.23636593389144536
812.387,0.4706701252102618
812.689,-0.46944346118444097
812.99,2.1343250067268165
813.291,0.6988767801169833
813.592,-0.2910255712039011
813.893,0.13918379509347967
814.195,0.48801659951545645
814.496,-1.5043995680619708
814.796,1.6256816191482735
815.097,0.864706327470603
815.398,1.7147172332863443
815.699,-0.32469454904992795
816,-0.44007224331887906
816.3,1.0524254131816497
816.601,1.861995182721732
816.901,0.23516349653753696
817.202,2.2874136381732253
817.502,0.416096900083015
817.803,-1.2422178674512465
818.103,0.9839358772574194
818.403,0.10716041968897996
818.704,1.6277846071928908
819.004,1.622665602726802
819.304,0.27255502947925403
819.604,1.7208936601387566
819.904,0.6119159510137354
820.204,-0.7538378553447882
820.504,1.7637362475552685
820.804,0.30481644195262136
821.104,0.351441618704672
821.403,0.8991602354950464
821.703,-1.8547519862772708
822.003,-1.8499005808267557
822.302,0.5703813683693953
822.602,-1.3927609116090576
822.901,1.7723464083426792
823.201,0.22177992297898116
823.5,-0.3288159015646258
823.799,1.2369935268593224
824.098,0.4814831984419531
824.398,1.7453768994343664
824.697,1.0509456303728588
824.996,1.029091722710445
825.295,2.8466868648452053
825.594,1.0170986588296915
825.893,1.0773881804684344
826.192,1.6761903440438515
826.49,-0.06180028066602967
826.789,2.2437101614901764
827.088,1.0669778414922875
827.386,-2.5581934021054322
827.685,-2.0209120104877285
827.983,1.2074004035090247
828.282,0.8382171954480817
828.58,1.9120811688255197
828.879,1.2812801887604521
829.177,1.0559470883757798
829.475,0.09282756982633256
829.773,1.313089969771965
830.072,0.5689864656936212
830.37,-1.4982950473132828
830.668,-1.6962039447975334
830.966,0.7976162428464418
831.264,0.39203303826122987
831.562,-0.7627383788073846
831.859,2.4908108723102615
832.157,1.3316818950080476
832.455,-0.8641259760124277
832.752,1.6379514629819918
833.05,-1.5564970486839542
833.348,0.985223183114687
833.645,2.700185428593128
833.942,1.2100907369499367
834.24,0.2631690002352869
834.537,-1.141579460699029
834.834,-1.0111570217721
835.132,-2.6367393778391643
835.429,0.9851111783618737
835.726,1.6936323647949734
836.023,-2.0987768838909466
836.32,-0.10241457869335141
836.617,0.5390635538086876
836.914,0.7416330313430868
837.21,-2.029046199843534
837.507,1.4710477751405058
837.804,1.4896587354287938
838.101,-0.6302550871141521
838.397,1.3824356607542523
838.694,-0.3958893847463518
838.99,-1.273678857898898
839.287,2.916102661607949
839.583,1.0238159733103975
839.879,1.9597836205464552
840.176,-2.834018371650368
840.472,1.707331426300814
840.768,-0.589146332901148
841.064,0.05562455383417794
841.36,-0.007917344611035276
841.656,2.572574867723227
841.952,1.4987086608708806
842.248,0.7808469206976094
842.544,1.359120424977015
842.839,2.5157806523065105
843.135,-0.6739597331240356
843.431,3.3859380424891756
843.726,2.4175091039660956
844.022,0.27834724973826025
844.317,0.5001232899911292
844.613,1.0926046288718452
844.908,1.254158812703052
845.204,-0.5481798948869843
845.499,-1.2679940054371894
845.794,1.0415519466741257
846.089,-1.3173843190847332
846.384,0.12004016064213537
846.679,-0.4210841926168062
846.974,0.7890140933632473
847.269,0.7967112561683444
847.564,0.6044727886372899
847.859,1.8839751508722296
848.154,0.37854755335796825
848.448,1.037066790285177
848.743,0.4345384432960556
849.038,0.6183243436883415
849.332,-2.7821424481490857
849.627,1.1674428496808071
849.921,0.6279661550631468
850.215,0.546070775636004
850.51,1.0754516901836682
850.804,-0.6143475085652419
851.098,0.3467008142715093
851.392,0.9313267338300605
851.686,0.1793744438051136
851.981,-0.12167976045133089
852.275,-0.13889997529748074
852.568,-1.453960725233953
852.862,0.5851057793215476
853.156,0.4283331343207491
853.45,1.0171044306928454
853.744,-3.37520838184508
854.037,1.9495273402470195
854.331,2.241914833871752
854.624,0.8868422106353757
854.918,-0.009946944364930165
855.211,-0.42532527563564476
855.505,0.1653229781250482
855.798,1.2694490037251356
856.091,1.2841482583069634
856.384,-1.1852002347025001
856.678,-0.4506691339895271
856.971,-1.57083679996775
857.264,-2.3212585613740004
857.557,1.4722505195633453
857.85,1.1462020191635147
858.143,-0.14849354106631468
858.435,-1.0245851675200182
858.728,-1.157722140343097
859.021,0.884395256398682
859.313,0.5480868564858083
859.606,-0.9785750431809355
859.899,1.088245011472406
860.191,-0.6743939509080382
860.483,-1.0715310690270825
860.776,2.4192400796192572
861.068,0.1931153266584019
861.36,0.4205943413932136
861.653,-1.4660424786838309
861.945,1.600758144645595
862.237,-0.9774988407548627
862.529,-0.0911942040648506
862.821,0.5832314023498452
863.113,-1.2013367831135169
863.405,-3.1494547972929428
863.696,-0.3498198052420387
863.988,0.2068425406596
864.28,1.704955440549757
864.572,-1.6976131347914707
864.863,3.346834271334886
865.155,1.2596997132735284
865.446,-1.4165198582974052
865.738,-0.8164066407531386
866.029,1.2285032895132997
866.32,-0.1228712425758792
866.611,1.064544064593608
866.903,-0.5316733104244505
867.194,1.5611407023206663
867.485,1.5202152621952976
867.776,4.013476454122614
868.067,-1.1952915979297567
868.358,-2.439928277175356
868.649,-0.44813012576491656
868.939,2.2823037109389857
869.23,0.849929991703103
869.521,-3.126205455956737
869.811,1.795183061100552
870.102,-2.6924639712366494
870.393,0.0754816414549942
870.683,0.5966535578902705
870.973,0.8344294196719252
871.264,5.563707525584462
871.554,2.0987020181175446
871.844,0.7698651792141886
872.135,1.0618223640546969
872.425,-3.069563245781516
872.715,-5.558163260279054
873.005,2.2555273722308686
873.295,-1.3639147500892241
873.585,0.0505554915399517
873.874,0.044513834652944104
874.164,5.654234226791975
874.454,2.758058411439313
874.744,3.2534896133382185
875.033,-5.279221892259038
875.323,-1.325821168749194
875.612,0.4026075688377455
875.902,0.2525126240322992
876.191,1.2813839108571838
876.48,-3.3330405486676282
876.77,0.37369401995374923
877.059,2.2707035774733293
877.348,-6.313647698528015
877.637,6.086998271969819
877.926,2.0108495146942675
878.215,-5.5041196520871996
878.504,5.382929687650281
878.793,-0.99001182844033
879.082,1.4751929615217665
879.371,-2.1290710174620973
879.659,3.8482623368228097
879.948,0.4973330723126715
880.237,1.0928127624222277
880.525,-6.996277497676128
880.814,5.24762234667046
881.102,-8.202808430406119
881.391,-3.922039029469838
881.679,-30.495991763789114
881.967,10.871576744816737
882.255,4.508376656286956
882.544,-4.0630243237779755
882.832,-2.0839502739980658
883.12,-0.1368461700757005
883.408,6.907940074957315
883.696,3.2380973817544785
883.983,0.49726835428851196
884.271,2.9004056405776306
