153.834,0.0
154.224,0.37234482880842623
154.614,-21.37771039225551
155.005,9.807888040841709
155.395,2.31494417251952
155.785,-1.5027547657803604
156.176,-11.157709884231666
156.566,0.0
156.956,5.515952422728755
157.346,0.0
157.736,-1.823327812956682
158.126,-5.071082714350561
158.516,1.385187174739533
158.906,5.2744365232814125
159.296,0.274597447915091
159.686,-4.681176270895473
160.075,2.5352693152749306
160.465,1.1455076948010832
160.855,1.7516582940271377
161.245,1.221269111601655
161.634,-5.812252127498197
162.024,1.4119750853508348
162.414,0.0
162.803,-2.864170317949057
163.193,2.9301962752008177
163.582,-2.0989897400434403
163.971,0.0
164.361,1.711992280889986
164.75,9.928035325832619
165.139,-3.415140352195873
165.529,-1.8437667437765541
165.918,-3.8727812123449663
166.307,0.0
166.696,1.8159730566513017
167.085,12.064506454724494
167.474,-9.469122446310454
167.863,11.753203535868842
168.252,-7.650688259307252
168.641,7.436271536562238
169.03,0.0
169.419,-0.12067673496580517
169.808,0.10095580347502675
170.197,7.778028616484429
170.585,1.568997669946645
170.974,6.588500226020922
171.363,11.091353924303915
171.751,18.592195725954213
172.14,1.1703655312135266
172.529,1.8562648606563963
172.917,-7.518439891181417
173.306,-1.1892466024850414
173.694,-0.6084406068964903
174.082,0.0
174.471,-6.010543934608382
174.859,0.0
175.247,2.3100667006242595
175.635,-2.094469720950891
176.024,-17.02417184515231
176.412,11.302338037985498
176.8,-2.839046765852746
177.188,-0.3010299956639812
177.576,-14.720137944163962
177.964,0.0
178.352,0.0
178.74,1.4911318302784933
179.128,0.9820607523094107
179.515,7.813100862380151
179.903,-0.8265471261858472
180.291,-1.5358735061973197
180.679,1.1361460366389553
181.066,-12.45158601967427
181.454,0.0
181.842,0.0
182.229,5.142430180001881
182.617,4.7866214175588
183.004,3.6821184237860214
183.391,1.8683311783333025
183.779,5.339993215595251
184.166,2.619084947207345
184.554,-3.6691889913068407
184.941,12.423686937714324
185.328,-0.770894589596095
185.715,11.333522708114875
186.102,-8.640051721548954
186.489,-7.180792557868791
186.876,0.0
187.263,-5.001628459458609
187.65,-18.39692841673867
188.037,1.399643091150503
188.424,-2.0111349382416783
188.811,-9.626370470032764
189.198,-7.1188656410188065
189.585,-8.701585539597774
189.971,-7.637906730194298
190.358,-12.409081530853994
190.745,-5.243783935748072
191.131,-5.989860632108409
191.518,-3.405405539254821
191.905,-5.706884655865749
192.291,-8.279717681277782
192.677,-3.3774758570691583
193.064,-6.504046544474646
193.45,-11.496206155722136
193.837,-9.022899375909926
194.223,-8.236642454289438
194.609,-5.420484270884198
194.995,-5.5017880214726285
195.381,-7.664359928740118
195.768,-9.30444358588847
196.154,-6.405906206622099
196.54,-10.245605414264233
196.926,-11.194999605273939
197.312,-6.805645227716385
197.698,-10.095879969377894
198.084,-10.133187624684027
198.469,-7.629804773030153
198.855,-4.87611825271452
199.241,-7.119943615204182
199.627,-5.465136584575683
200.012,-14.039183833522863
200.398,-11.469028453617263
200.784,-7.597671130083851
201.169,-10.20806102713901
201.555,-8.790239935162955
201.94,-5.8567586251196335
202.326,-16.055492524649313
202.711,-3.709654101711915
203.096,-9.334151296846272
203.482,-4.526101781123834
203.867,-5.1098646606095866
204.252,-4.08958629518428
204.637,-6.582202224409458
205.023,-19.976496510123532
205.408,-1.9616334390754615
205.793,-9.761266881225588
206.178,-5.546561063984355
206.563,-11.251431887809344
206.948,-8.400081725839948
207.333,-11.666389220413373
207.718,-13.286824150153324
208.102,-8.259822201446918
208.487,-8.597145389115992
208.872,-8.614305047371042
209.257,-8.631013931609726
209.641,-5.849863874185564
210.026,-7.642092432733211
210.41,-3.7315631071115085
210.795,-9.554381471799664
211.18,-6.215399814628865
211.564,-8.54662255386761
211.948,-9.780152505197515
212.333,-7.705495554479485
212.717,-10.404917681932739
213.101,-6.097597038009704
213.486,-6.62436580062114
213.87,-16.397037078340965
214.254,-18.205575657084452
214.638,-8.204851766973547
215.022,-2.7539690425104473
215.406,-5.989203643866946
215.79,-12.039389097627376
216.174,-7.126806728494209
216.558,-11.022637107214901
216.942,-4.941003852794925
217.326,-11.442493058733353
217.71,-8.98511192404134
218.094,-4.78309788158023
218.477,-9.711812448483858
218.861,-7.00547110722726
219.245,-11.148346098400504
219.628,-0.9700311181929376
220.012,-7.272697277351029
220.395,-12.305731810059372
220.779,-10.991377851428055
221.162,-8.676801358009632
221.546,-8.65661011548922
221.929,-12.440683543851211
222.312,-3.3446834705587074
222.696,-10.185266270945615
223.079,-6.794651769643633
223.462,-6.26429446068943
223.845,-4.720215513824332
224.228,-6.7676039555960585
224.611,-10.580094109117066
224.994,-9.121631129901193
225.377,-12.30878159865629
225.76,-4.585562435668911
226.143,-7.502561787067257
226.526,-5.774084079954228
226.909,-8.192984878055817
227.292,-3.892303127250781
227.675,-8.697068036468526
228.057,-8.679611822920345
228.44,-7.742315215621156
228.822,-6.189379344214444
229.205,-11.329800926996981
229.588,-10.63138692205512
229.97,-19.01008112834092
230.353,-7.931219919604174
230.735,-3.7699807205916844
231.117,-14.121740729002896
231.5,-12.906720771197207
231.882,-8.19384967301869
232.264,-11.54948631509215
232.646,-12.301119756218943
233.029,-6.715123790852962
233.411,-8.478463652230527
233.793,-8.359233134587189
234.175,-7.6334986859382035
234.557,-9.551043911538487
234.939,-11.94612291329123
235.321,-4.771163718522612
235.703,-8.225796855633003
236.084,-5.347718988960972
236.466,-4.6597274405495615
236.848,-12.808783566003832
237.23,-5.553858936092122
237.611,-9.016584923760247
237.993,-7.522397568831285
238.375,-2.164340092373405
238.756,-6.757800350378482
239.138,-12.607099499044757
239.519,-9.719709750680844
239.901,-3.592989282036708
240.282,-15.250931757750891
240.663,-7.999723084108152
241.045,-7.189794384494408
241.426,-4.637764279817333
241.807,-4.4313829808371645
242.188,-5.061681901020431
242.569,-9.107678750425796
242.95,-4.654087701524372
243.332,-12.311078178953453
243.713,-17.4790750921024
244.093,-14.333189366307357
244.474,-9.928085735542462
244.855,-10.14990705460211
245.236,-8.817708408124199
245.617,-5.792025751883187
245.998,-5.373429453289753
246.378,-11.088329433702583
246.759,-7.197274952102194
247.14,-6.26301843664156
247.52,-13.328812743358483
247.901,-6.318944321813968
248.281,-5.891117007577783
248.662,-5.772177999168868
249.042,-8.692035778675312
249.423,-2.6770838802717822
249.803,-7.286189475744158
250.183,-5.675196245779716
250.564,-11.235935245517055
250.944,-9.07494339150351
251.324,-4.793357872614123
251.704,-14.594445022741464
252.084,-7.125801113282281
252.464,-6.8661025607951665
252.844,-10.364314247028641
253.224,-4.330916959862139
253.604,-4.930092371839485
253.984,-3.029904687923047
254.364,-7.603473895647674
254.744,-3.8018807391741363
255.124,-6.420677057520165
255.503,-7.910508985416499
255.883,-6.225671203641266
256.263,-5.150257961219919
256.642,-5.458882490816599
257.022,-6.93185445561704
257.401,-8.82281679008429
257.781,-18.059390911276033
258.16,-5.524689176357954
258.539,-9.837895711271944
258.919,-7.9836540911536575
259.298,-15.175740230970582
259.677,-12.883575477221447
260.057,-4.70055868633775
260.436,-6.231699253028759
260.815,-6.4534506080651965
261.194,-13.569217211758643
261.573,0.49166758080258016
261.952,-7.487906564270773
262.331,-6.332673393025278
262.71,-10.16870146885023
263.089,-8.050341596342443
263.468,-10.10348684385631
263.847,-7.188160520250805
264.225,-6.644035686678526
264.604,-11.157175344713217
264.983,-22.63317286479003
265.361,-6.401062426855344
265.74,-14.222469856945
266.118,-13.925771897942628
266.497,-9.28240156886715
266.875,-7.582768781222772
267.254,-8.222004014390912
267.632,-5.808306070713647
268.011,-9.615494897721721
268.389,-3.0974045287226937
268.767,-7.496793806371821
269.145,-5.755436737619611
269.524,-4.008720627926177
269.902,-5.251619861651155
270.28,-6.597010852510351
270.658,-5.347072896597972
271.036,-11.451081315771525
271.414,-4.569338686497248
271.792,-4.241455282273546
272.17,-8.324238720098956
272.547,-4.760862303364625
272.925,-10.03053382736828
273.303,-9.007242922605366
273.681,-7.709481062578755
274.058,-6.152234786064152
274.436,-4.11136996669166
274.814,-7.117280006664429
275.191,-11.707831786014111
275.569,-3.481078669155739
275.946,-4.0206544491467575
276.323,-1.46354975705922
276.701,-9.767293756581644
277.078,-12.408531951216885
277.455,-10.0975290294148
277.833,-11.524332357457087
278.21,-8.051212476327766
278.587,-4.842092166134782
278.964,-9.062783650946974
279.341,-21.947848772648122
279.718,-7.235951663805493
280.095,-11.460405172331575
280.472,-5.508481637749811
280.849,-6.528560619822137
281.226,-6.920372293935881
281.603,-8.411806946323786
281.98,-9.50725935027962
282.356,-12.302653722440596
282.733,-8.616778485462046
283.11,-12.246435425300032
283.486,-3.324816327164686
283.863,-9.897099624919619
284.239,-7.559395070121211
284.616,-10.749541109726426
284.992,-9.025804468732327
285.369,-5.7829448851594405
285.745,-8.327085929935315
286.121,-9.259522305131327
286.498,-6.551402282027373
286.874,-2.2473645715187915
287.25,-3.3413104483793994
287.626,-13.108390872863236
288.002,-4.499620614641021
288.379,-4.883876169145467
288.755,-5.144687441639864
289.131,-8.216321214780924
289.506,-6.9151635249372605
289.882,-5.828406378405729
290.258,-7.379235507458497
290.634,-8.852476321517818
291.01,-9.065435277258494
291.385,-9.073611997476249
291.761,-9.469145069854306
292.137,-5.915214276237067
292.512,-5.938981790523237
292.888,-4.715659133169689
293.263,-6.622180290487641
293.639,-5.171784887161802
294.014,-8.656171662310301
294.39,-11.565013911046286
294.765,-11.959399041046835
295.14,-5.442343375194437
295.516,-7.58080829153389
295.891,-8.504964666903765
296.266,-8.75862218095934
296.641,-10.388007867285188
297.016,-8.283237543634643
297.391,-9.064470997152132
297.766,-8.634855038362488
298.141,-11.839209429403487
298.516,-7.05691852577116
298.891,-6.294576003201967
299.266,-5.656803935272153
299.641,-13.814946326843927
300.015,-8.039815372897872
300.39,-10.640440447784702
300.765,-10.746591144011672
301.139,-8.195072265537755
301.514,-8.714825472160008
301.889,-8.045368594865622
302.263,-8.075534898803607
302.637,-8.059207311023089
303.012,-7.737752474201776
303.386,-5.765899498306241
303.761,-6.473695452197206
304.135,-6.504088627748469
304.509,-3.238828313545582
304.883,-8.208912996773291
305.257,-5.622038778608547
305.632,-7.3144934719180466
306.006,-10.642830656952667
306.38,-10.604183469159064
306.754,-4.124236978252981
307.128,-8.556726122792385
307.501,-11.896408099761123
307.875,-7.7775167894428945
308.249,-6.980939892740592
308.623,-10.762111383942846
308.997,-9.76031702506976
309.37,-6.127369568056318
309.744,-10.674527738513236
310.117,-8.024746634988114
310.491,-8.092275365181548
310.865,-11.219372067859286
311.238,-8.548935489335081
311.611,-15.24783834140345
311.985,-4.632771480530605
312.358,-4.897342169740001
312.731,-4.992626497898858
313.105,-7.827668939015733
313.478,-5.826836099918966
313.851,-6.248782766123643
314.224,-7.916572538187242
314.597,-5.254599037762539
314.97,-7.741325555479828
315.343,-3.9315241411535706
315.716,-3.914168629375636
316.089,-10.60453743988579
316.462,-9.344809621043993
316.835,-6.794946576133341
317.208,-7.463032977330087
317.58,-4.798579745986543
317.953,-10.827468787193435
318.326,-6.630676971945606
318.698,-1.9585390204401603
319.071,-6.518991827974588
319.443,-8.867433839740839
319.816,-26.573010222712817
320.188,-7.858198729984994
320.561,-8.112374066697974
320.933,-10.303534253351145
321.305,-6.135928400240321
321.678,-5.737745845127096
322.05,-10.110950618711229
322.422,-3.0472902213963624
322.794,-6.593379416238803
323.166,-5.693574803775583
323.538,-9.032831541736867
323.91,-8.819643336345893
324.282,-7.438021462479767
324.654,-5.406575454529388
325.026,-8.81753351986368
325.398,-17.47105263382263
325.77,-12.133544748111756
326.141,-8.488401072714268
326.513,-6.030194582050472
326.885,-9.287549854565585
327.256,-5.578944477960755
327.628,-2.266642236749651
327.999,-8.750820408145676
328.371,-8.55442784241585
328.742,-8.16841392011146
329.114,-15.10366464063674
329.485,-5.733166569983128
329.856,-11.856581972468616
330.228,-8.827590094506547
330.599,-6.726924105070005
330.97,-7.2711408467839105
331.341,-9.461064872237152
331.712,-9.349169828089895
332.083,-12.932980162361723
332.454,-7.018670231664429
332.825,-4.011366006724915
333.196,-3.689659799718555
333.567,-4.795135347243048
333.938,-6.260728764458249
334.309,-7.638993757413482
334.679,-5.316589186881837
335.05,-8.239113062426007
335.421,-10.545521561524545
335.791,-6.326903901069598
336.162,-8.75081111833322
336.533,-10.614521807934215
336.903,-10.597966744457784
337.273,-9.304845563277588
337.644,-7.61030906510414
338.014,-5.99754543054434
338.385,-5.482465439209128
338.755,-9.713096901730957
339.125,-16.50198142520013
339.495,-4.028990894096744
339.865,-6.2065579401320585
340.235,-4.773775246736962
340.606,-3.3988478435844627
340.976,-9.720389385965207
341.345,-10.011508735734868
341.715,-9.807421500206686
342.085,-4.567221974873754
342.455,-6.3613294938347975
342.825,-8.62106467170589
343.195,-7.872085726716918
343.564,-8.854168548858771
343.934,-8.217910028218064
344.304,-7.511996858045891
344.673,-9.03591171423526
345.043,-6.801842155919431
345.412,-15.96360277781527
345.782,-12.595238399205405
346.151,-8.31615678720544
346.52,-12.787063796791575
346.89,-10.74154919006081
347.259,-10.011110547836655
347.628,-10.525530841548425
347.997,-8.067512983569651
348.367,-14.93849808864663
348.736,-9.923348106272615
349.105,-8.823766615680816
349.474,-5.1025053822119295
349.843,-5.241595054141197
350.212,-10.28607814717932
350.58,-5.659080376724118
350.949,-8.692637251574952
351.318,-6.582660356114492
351.687,-10.035512084842596
352.056,-6.561461020301774
352.424,-6.8877468841024525
352.793,-8.027086589869258
353.161,-11.03480893381418
353.53,-5.5332196484681475
353.898,-3.622852586740424
354.267,-5.2639103367431614
354.635,-16.148361672679048
355.004,-10.9007302240748
355.372,-9.466139056861694
355.74,-10.514086308487421
356.108,-9.793293431503109
356.477,-9.126871297315033
356.845,-9.413459058892698
357.213,-9.401303877199778
357.581,-10.496135230887132
357.949,-4.114208351060223
358.317,-6.791600386452651
358.685,-10.468434452133419
359.053,-13.074080159558111
359.42,-8.428719999478448
359.788,-4.9346621955923915
360.156,-9.491323251277937
360.524,-6.63714656027053
360.891,-6.766528813583342
361.259,-9.301823203174159
361.626,-9.047114326824358
361.994,-7.2760838832150245
362.361,-2.3146673250579433
362.729,-7.694189194488761
363.096,-12.134395695723972
363.464,-8.736349693106161
363.831,-7.953475039337221
364.198,-6.1242184704895175
364.565,-9.9913667166495
364.932,-10.630487482520708
365.3,-13.858996987223353
365.667,-9.097847157661311
366.034,-7.933006662767982
366.401,-10.817758649402931
366.768,-4.263054932214643
367.134,-10.989453591126845
367.501,-4.439323379721509
367.868,-14.53904535576523
368.235,-7.5167289046310835
368.602,-7.757635730734921
368.968,-6.388959740138224
369.335,-5.89766217250442
369.702,-7.54496661708082
370.068,-5.344997084151502
370.435,-10.574931338159717
370.801,-6.968893390354332
371.167,-13.198694069683297
371.534,-6.453711380920927
371.9,-7.146464986631943
372.266,-9.325511247094648
372.633,-9.566938504383712
372.999,-5.368247631647
373.365,-6.418951031572142
373.731,-4.529304898669971
374.097,-5.493690320614025
374.463,-8.384634959441263
374.829,-4.042101873081112
375.195,-11.234148120671286
375.561,-8.013631928587946
375.927,-7.888701931631286
376.293,-6.742429423553488
376.658,-5.8101431087000055
377.024,-6.125891221105397
377.39,-2.4834460401578995
377.755,-6.887072319157075
378.121,-7.209945252463454
378.487,-4.675556525879688
378.852,-6.51858580004659
379.217,-5.844845581151483
379.583,-11.769596642509784
379.948,-4.298695679936806
380.314,-8.361509422995098
380.679,-11.541461434809808
381.044,-6.550626515701985
381.409,-10.18727195775944
381.774,-8.109048201740995
382.139,-5.930633179530023
382.504,-8.852347938204957
382.869,-3.82248836718094
383.234,-5.055162689737103
383.599,-4.921559724563849
383.964,-9.690614118127314
384.329,-7.314521666378126
384.694,-7.621471078796412
385.058,-6.917111943798319
385.423,-10.601470354481792
385.788,-6.043675436912593
386.152,-10.486655571344988
386.517,-6.362118271495755
386.881,-7.287867366095716
387.246,-9.337125432077114
387.61,-3.9740176564240084
387.975,-10.986794079073489
388.339,-8.667559857309998
388.703,-9.029811232241368
389.068,-7.888989611609765
389.432,-4.469134218774838
389.796,-7.258560084250258
390.16,-5.814170582519456
390.524,-10.415070779940777
390.888,-6.7218641633113885
391.252,-6.2597031981520015
391.616,-3.9644784746620263
391.98,-4.238131639123696
392.344,-7.7656868264832415
392.708,-4.00399501147117
393.071,-4.889439194190647
393.435,-8.904218511994888
393.799,-9.14268230813588
394.162,-5.658259860345369
394.526,-8.880950386763681
394.889,-5.8210494056241044
395.253,-5.2552189765473365
395.616,-6.268226418290916
395.98,-3.876638137518411
396.343,-5.678019237869766
396.706,-5.584269391120759
397.07,-8.585216282490334
397.433,-5.504006128035595
397.796,-5.272376592586465
398.159,-9.53679619452363
398.522,-6.524510924830477
398.885,-3.591858628164934
399.248,-4.92474787843726
399.611,-6.953974868551774
399.974,-6.10592370174373
400.337,-5.73119400846131
400.7,-5.014548875280575
401.063,-3.7286152497599057
401.425,-5.6472267794319455
401.788,-3.4648535499794124
402.151,-6.556899655364092
402.513,-3.9854766269355526
402.876,-5.409584406997301
403.238,-7.377943197382255
403.601,-6.696257904637508
403.963,-4.9863468898522445
404.325,-3.8919211245448526
404.688,-6.3733869334339275
405.05,-5.80079015971343
405.412,-5.880872472507085
405.774,-5.987811779756146
406.137,-8.384692577823794
406.499,-6.142269929713797
406.861,-7.492519695458037
407.223,-5.96647217319484
407.585,-6.991481562760573
407.947,-6.500326819697961
408.308,-3.392849552371489
408.67,-4.027146457409106
409.032,-5.336627980485498
409.394,-4.217475805616805
409.756,-3.875788973243039
410.117,-4.60322315816171
410.479,-2.784677875177832
410.84,-2.5221617974036494
411.202,-5.822084993932853
411.563,-4.911831115915141
411.925,-3.8026766615325003
412.286,-3.181876784702465
412.647,-5.178664968022769
413.009,-4.491136750692
413.37,-2.536754843391704
413.731,-1.9302912446593639
414.092,-3.048164660175914
414.453,-1.3475717728935335
414.814,-1.3519342014020825
415.175,-0.6027184110308543
415.536,0.6275550699155509
415.897,1.3411609975796313
416.258,1.453082130891362
416.619,1.871242673872755
416.98,1.3842427142843499
417.341,1.689801506072525
417.701,1.794583827548911
418.062,3.2466496948318935
418.423,2.952622440924577
418.783,2.5636056110553063
419.144,3.0679064102328746
419.504,2.9657161032217654
419.865,2.7957600079081426
420.225,3.5316589742326028
420.585,3.3192077457597366
420.946,3.3561141991072936
421.306,2.7046681458751247
421.666,3.5038086114657574
422.026,3.341585267822295
422.386,2.8671187830183076
422.746,3.2449346008488598
423.106,3.224036250499094
423.466,3.6292530728762866
423.826,2.729596660843107
424.186,2.99842840398606
424.546,2.4044278584740675
424.906,2.823121196696667
425.266,2.179365266839111
425.625,2.235459316445434
425.985,2.470238082939124
426.345,1.6532631385912122
426.704,1.6061239091848085
427.064,1.098533734673711
427.423,1.3344151360761956
427.783,1.0453884409020624
428.142,1.6313268718362457
428.501,0.7837077913221572
428.861,0.6903578924188518
429.22,1.0479991650389902
429.579,0.35726799698038003
429.938,0.13082684399788186
430.297,0.07728984248643324
430.656,-0.03146002148704427
431.015,-0.6288725885518547
431.374,-0.7387739279221717
431.733,-0.8881847704775512
432.092,-0.9189142566240116
432.451,-1.1646110819036077
432.81,-1.3592075181225662
433.169,-1.5327208009844344
433.527,-1.992491654879956
433.886,-1.3587684067437389
434.244,-1.8207255077373405
434.603,-2.031662302128038
434.962,-2.1822498447562473
435.32,-2.288977192161943
435.678,-2.620379827992061
436.037,-2.4150904315524904
436.395,-2.9942944624292607
436.753,-2.8920341347642196
437.112,-2.9025158906453576
437.47,-3.036068434886892
437.828,-2.9669055633727597
438.186,-3.235388288323332
438.544,-3.4332818794026867
438.902,-3.6161197270085523
439.26,-3.6473762120813644
439.618,-3.5241525180379205
439.976,-3.767030782969053
440.334,-3.8772139179786698
440.692,-4.112257292393957
441.049,-4.021671940255713
441.407,-3.94360091326674
441.765,-4.382769536670067
442.122,-4.3729555148765415
442.48,-4.580423520350099
442.837,-4.332428775871112
443.195,-4.662083445272122
443.552,-4.6661356701414425
443.91,-4.861512086324024
444.267,-5.118418107133234
444.624,-5.048880678826169
444.982,-5.451976530562422
445.339,-5.056243502106763
445.696,-4.949537339033543
446.053,-5.348896422260619
446.41,-5.664639329901215
446.767,-6.017214680617419
447.124,-5.7258756149284356
447.481,-5.969714204305656
447.838,-5.909195898836201
448.195,-5.7459335738538835
448.552,-5.93639007704003
448.908,-5.711591585250298
449.265,-5.877396687018686
449.622,-5.834197422748089
449.978,-5.737866899509399
450.335,-5.922716402457319
450.691,-5.96267624346319
451.048,-5.895097706439093
451.404,-6.063974823708107
451.761,-6.018290817192453
452.117,-6.18347679849971
452.473,-6.134516883642963
452.829,-6.391122348504766
453.186,-6.033022069674891
453.542,-6.451856445968932
453.898,-6.1161349182344615
454.254,-6.039698184750919
454.61,-6.381113750389503
454.966,-6.393839466645807
455.322,-6.422823626468009
455.678,-5.90999544300865
456.033,-6.497597100395738
456.389,-6.814400769746501
456.745,-6.423763386706864
457.101,-6.446292460982878
457.456,-6.354152023490589
457.812,-6.599268180478894
458.167,-6.500727307855657
458.523,-6.5607328077170415
458.878,-6.481775978896559
459.234,-6.667763125786639
459.589,-6.795192756745233
459.944,-6.538590633908753
460.3,-6.3403951346895395
460.655,-6.82125366123783
461.01,-6.790124314744596
461.365,-6.872246042826095
461.72,-7.023520769808324
462.075,-6.85687926817121
462.43,-7.03057457852592
462.785,-6.973979791370292
463.14,-7.011873077535455
463.495,-6.7500011453518995
463.85,-6.995827210884095
464.205,-7.132408156127317
464.559,-7.041860670829494
464.914,-7.130361614203252
465.269,-7.35302776913661
465.623,-7.327673515774389
465.978,-7.186140685131043
466.332,-7.165593372284295
466.687,-7.08734455658224
467.041,-7.38768355884557
467.395,-7.160918414968243
467.75,-7.113372835091945
468.104,-7.503674333905947
468.458,-7.409264972671692
468.812,-7.604074554402538
469.166,-7.556526584354275
469.52,-7.305129426863688
469.874,-7.339235975361637
470.228,-7.456147822222436
470.582,-7.4346228315858465
470.936,-7.447127043379627
471.29,-7.419793876075748
471.644,-6.970834433409814
471.998,-7.496648367797869
472.351,-7.276278299542323
472.705,-7.3131058380991645
473.058,-7.4078104616599
473.412,-7.658967967514118
473.766,-7.432632714756996
474.119,-7.5999527223864805
474.472,-7.477324494239651
474.826,-7.4442598482650375
475.179,-7.246960665336369
475.532,-7.364639038191412
475.886,-7.476884142045459
476.239,-6.972397355812439
476.592,-7.50289427968605
476.945,-7.488699204813066
477.298,-7.486582410579303
477.651,-7.469214178424904
478.004,-7.453009293768014
478.357,-7.733702768166727
478.71,-7.895813553632817
479.063,-7.723050268777379
479.415,-7.669218902050975
479.768,-7.233972517904693
480.121,-7.887126462793612
480.473,-7.672838950485869
480.826,-7.395327913034922
481.179,-7.648821421610707
481.531,-7.762550329043355
481.883,-7.689805674604977
482.236,-7.563258486654365
482.588,-7.462064955763612
482.94,-7.225664571869967
483.293,-7.982567925603504
483.645,-8.11120604592513
483.997,-7.543408290940742
484.349,-7.549120003805689
484.701,-7.55057309099676
485.053,-7.764334160449563
485.405,-7.860410488441233
485.757,-7.673057958802625
486.109,-8.054667998973896
486.461,-7.628168729892379
486.813,-7.7130451992049185
487.164,-7.480865038154949
487.516,-7.819050011339817
487.868,-7.910609270402893
488.219,-7.690430609958591
488.571,-7.596837990206239
488.922,-7.414016418451839
489.274,-7.643402165324585
489.625,-7.857089167883322
489.977,-7.87512403375093
490.328,-8.152248227199802
490.679,-7.793776655603711
491.03,-7.934004061001783
491.382,-7.830830275331595
491.733,-7.672976015302604
492.084,-8.06141738858612
492.435,-8.21728010815753
492.786,-8.00133859925642
493.137,-8.016952312588582
493.488,-8.124580750063856
493.839,-8.221184912069438
494.189,-7.984936101252716
494.54,-8.028253703490186
494.891,-7.778913515527347
495.242,-8.358926085273442
495.592,-8.112067127548388
495.943,-8.127629310122062
496.293,-8.154088412397156
496.644,-7.82485465681318
496.994,-8.2130202896598
497.345,-8.023847758039745
497.695,-8.54770775713765
498.045,-8.077051810843797
498.395,-8.395822117622469
498.746,-8.047179944435248
499.096,-8.098550336592231
499.446,-8.271398512870643
499.796,-8.347161489053349
500.146,-8.429266207044947
500.496,-8.572012685539292
500.846,-8.284557185932726
501.196,-8.321171631374467
501.545,-8.432499858615955
501.895,-8.129758325199944
502.245,-8.195484125892753
502.595,-8.110939182344753
502.944,-8.274527208600707
503.294,-8.336272508715826
503.643,-8.264102984237164
503.993,-8.460872666512701
504.342,-8.32685658571532
504.692,-8.258445744571791
505.041,-8.43526985677046
505.39,-8.233024303465397
505.74,-8.090624885201803
506.089,-8.452763384268941
506.438,-8.320068177641408
506.787,-8.874643790613053
507.136,-8.401108409048152
507.485,-8.536222822983014
507.834,-8.306627856582212
508.183,-8.342741104391427
508.532,-8.138367477088577
508.881,-8.074052571011809
509.229,-8.70312036814244
509.578,-8.457271600048157
509.927,-8.19021165389324
510.276,-8.5925003583041
510.624,-8.354423390951698
510.973,-8.641415870207364
511.321,-8.657934627459897
511.67,-8.06595282219796
512.018,-8.610567590880766
512.366,-8.352305011241375
512.715,-8.61860238210792
513.063,-8.648517149483673
513.411,-8.391610178570668
513.759,-8.725857188407003
514.107,-8.843027434718195
514.456,-8.66238374423573
514.804,-8.60953568528218
515.152,-8.485163428067255
515.499,-8.85853121573098
515.847,-8.554642439763208
516.195,-8.838420837120857
516.543,-8.768176956447231
516.891,-8.81740822170619
517.238,-8.90620556706061
517.586,-8.826566398272224
517.934,-8.830349635828316
518.281,-8.925275825341325
518.629,-8.76285754220693
518.976,-8.611855394075103
519.324,-8.940260714644527
519.671,-8.959748514316722
520.018,-8.957323761033754
520.365,-8.976313191218216
520.713,-8.92110487010463
521.06,-8.89819038644688
521.407,-8.98127759964219
521.754,-8.878647454308238
522.101,-9.004852285155708
522.448,-9.023354007041155
522.795,-8.645767730489407
523.142,-8.69486760708897
523.489,-8.697079931881817
523.836,-8.636449379196899
524.182,-8.705616615987974
524.529,-8.458206670556185
524.876,-8.778067804855828
525.222,-8.934624679527726
525.569,-8.826811314056489
525.915,-9.147249516676084
526.262,-8.932851738430235
526.608,-9.013579587002438
526.954,-8.941965551103133
527.301,-8.926947530274933
527.647,-8.804617054014603
527.993,-8.844059603597666
528.339,-8.979629579246781
528.686,-9.130076688855711
529.032,-9.013143167737601
529.378,-8.941450033185856
529.724,-8.783442753647442
530.07,-8.58334820734792
530.415,-8.759584078146045
530.761,-9.071497955264752
531.107,-8.785619737337258
531.453,-8.822659928441759
531.799,-8.867488893293386
532.144,-9.05317638004195
532.49,-8.752288452748905
532.835,-9.015878429745861
533.181,-8.98331915554516
533.526,-9.114683388559913
533.872,-8.882045330022361
534.217,-8.832978278195037
534.562,-8.882276175731207
534.908,-8.72099743663577
535.253,-8.734039749204756
535.598,-8.740114499376768
535.943,-8.637595595087454
536.288,-8.831796865824485
536.633,-8.7011314596685
536.978,-8.697499087463772
537.323,-8.43775358946511
537.668,-8.655462521603267
538.013,-8.832216038112707
538.358,-8.757280597972343
538.702,-8.783615574657105
539.047,-8.685006200928783
539.392,-8.63911188923156
539.736,-8.606550528666544
540.081,-8.633070106024697
540.425,-8.363559764680257
540.77,-8.489706826304772
541.114,-8.52680479452762
541.459,-8.69625349301304
541.803,-8.570062740359734
542.147,-8.562155983898288
542.491,-8.836861142331177
542.835,-8.772291710525128
543.18,-8.596337038571082
543.524,-8.630596183806338
543.868,-8.870457756755568
544.212,-8.772924605633408
544.556,-8.615167224651264
544.899,-8.738153321529014
545.243,-8.67957137280271
545.587,-8.704718072642759
545.931,-8.868283291482772
546.274,-8.707129175401418
546.618,-8.6856452366292
546.962,-8.759384339468879
547.305,-8.757932093851261
547.649,-8.828167462263504
547.992,-8.976781250293945
548.336,-8.773439792652722
548.679,-8.749756838009807
549.022,-8.412442008543767
549.365,-8.778597754732463
549.709,-8.748448679020346
550.052,-8.627178271278437
550.395,-8.767019942705016
550.738,-8.712303599609315
551.081,-8.996373260062212
551.424,-8.723719437600238
551.767,-8.717944278942296
552.11,-8.726420881014954
552.453,-9.298576132362953
552.795,-8.823876694577582
553.138,-8.813782473404052
553.481,-8.850291562931307
553.823,-8.772103488586755
554.166,-8.86733120421728
554.508,-8.712332861824882
554.851,-9.10770168641779
555.193,-8.921279454852039
555.536,-8.778957411988094
555.878,-8.870085739412755
556.22,-8.718972976902881
556.563,-8.884028110267117
556.905,-8.981670908977927
557.247,-8.904610642284155
557.589,-8.60553325169998
557.931,-9.036301858544896
558.273,-8.757261240382963
558.615,-8.748888103089879
558.957,-8.920594146646257
559.299,-9.03425688046464
559.64,-8.958575224434533
559.982,-8.495848169915458
560.324,-8.799314961397075
560.666,-8.730899193691279
561.007,-8.936192860090218
561.349,-9.043424974457821
561.69,-9.11774698872606
562.032,-8.788534165798845
562.373,-9.146330968165229
562.715,-9.025131881951433
563.056,-8.763208667171826
563.397,-8.845555955817893
563.738,-8.825812941945236
564.08,-9.073604820147796
564.421,-8.768807269461966
564.762,-8.872726649433737
565.103,-9.080151293505903
565.444,-9.083238872289625
565.785,-8.863763655691454
566.126,-8.776201642652845
566.466,-8.667667949945988
566.807,-8.881728065198978
567.148,-9.043740837849379
567.489,-8.877533425509242
567.829,-9.001690039326162
568.17,-8.932133355343764
568.51,-8.705606128026215
568.851,-8.8112814172996
569.191,-8.654696856270018
569.532,-8.748925814275719
569.872,-8.946878935053823
570.212,-8.69015536287589
570.553,-8.444701919890246
570.893,-8.573889222947587
571.233,-8.550087466060065
571.573,-8.840810747979663
571.913,-8.85389557369118
572.253,-8.654547159222155
572.593,-8.64318500258157
572.933,-8.818341276962757
573.273,-8.721892764264497
573.613,-8.7771196903469
573.952,-8.9698336535547
574.292,-8.747254681490512
574.632,-8.655885584524725
574.971,-8.921998376086671
575.311,-8.491972196112046
575.65,-8.666148686982055
575.99,-8.675509032349535
576.329,-8.618740110611476
576.669,-9.007041409408515
577.008,-9.01687128107844
577.347,-8.764236709379938
577.687,-8.703402469503525
578.026,-8.77459100246243
578.365,-8.897347210446828
578.704,-8.697466702737998
579.043,-8.7243719509499
579.382,-8.822244442647417
579.721,-8.85018084141315
580.06,-8.742583452320389
580.399,-8.640992135150753
580.737,-9.033993133988094
581.076,-8.963056905389623
581.415,-9.007325833202874
581.753,-8.75709893933321
582.092,-9.00486919361747
582.431,-8.499194557832016
582.769,-8.830982707892955
583.108,-8.729432669077836
583.446,-8.782433334518545
583.784,-8.848462363017761
584.123,-8.8620903635557
584.461,-8.548668957489406
584.799,-8.790261770125822
585.137,-8.575282763381713
585.475,-9.156257596694328
585.813,-9.054709028431313
586.151,-8.74552728771938
586.489,-8.93146763117899
586.827,-8.776020384276652
587.165,-8.819997228167328
587.503,-8.82438013430121
587.841,-8.825647828721348
588.178,-8.905576574080973
588.516,-8.645764856024911
588.854,-8.926573094208342
589.191,-8.666590901829826
589.529,-8.631734067388713
589.866,-8.289578443729244
590.204,-8.436713216398767
590.541,-8.539758553483498
590.878,-8.48407081464857
591.215,-8.558801748646989
591.553,-8.348236906506125
591.89,-8.330032928021968
592.227,-8.65294094105375
592.564,-8.420151874440013
592.901,-8.447288139880381
593.238,-8.281332581012522
593.575,-8.44840056041168
593.912,-8.333050944398373
594.249,-8.169652116760792
594.585,-8.442047896997463
594.922,-8.201207048613991
595.259,-8.333892442722023
595.595,-8.341111377948124
595.932,-8.472217932921449
596.269,-8.354512440780246
596.605,-8.413058739946793
596.941,-8.282545859207234
597.278,-8.56240130188354
597.614,-8.51622897262968
597.95,-8.65697872941861
598.287,-8.491811418335477
598.623,-8.524653091219118
598.959,-8.596158264507155
599.295,-8.66620864727476
599.631,-8.569803045390746
599.967,-8.757764329217983
600.303,-8.934124540773755
600.639,-8.681526754838863
600.975,-8.934140066711867
601.311,-8.462986566438758
601.646,-8.531664396405416
601.982,-8.840842400255237
602.318,-8.352704655267445
602.653,-8.682158039739967
602.989,-8.709889014160797
603.324,-8.92819014452742
603.66,-8.731692334336557
603.995,-8.936810277863941
604.331,-8.69024234938685
604.666,-8.729243002500818
605.001,-8.794114396229762
605.336,-9.108878494712183
605.671,-8.564212989338545
606.007,-8.678426941323195
606.342,-8.702154539112254
606.677,-8.780593014283175
607.012,-8.440289720777077
607.346,-8.58984283449817
607.681,-8.460872921030475
608.016,-8.671651416923734
608.351,-8.719324300766242
608.686,-8.975561669041777
609.02,-8.918505402921268
609.355,-8.725513593583694
609.689,-8.545051955578156
610.024,-8.522221458126241
610.358,-8.662308674976618
610.693,-9.053314132151636
611.027,-8.763629948232229
611.361,-8.687412572359534
611.696,-8.696711373631056
612.03,-8.618670733506324
612.364,-8.486947646237777
612.698,-8.708925960118531
613.032,-8.56387491985524
613.366,-8.894974342501351
613.7,-8.916348583340609
614.034,-8.962335564181187
614.368,-8.697655912175197
614.702,-8.771330396261874
615.035,-8.599853824379064
615.369,-8.846334967341573
615.703,-8.548701498232898
616.036,-8.618709381871462
616.37,-8.930135931098691
616.703,-8.505175230525822
617.037,-8.601697467895882
617.37,-8.705991497371318
617.704,-8.85828971401958
618.037,-8.817722077071423
618.37,-8.65782752479675
618.704,-8.778328474501958
619.037,-8.399436288248427
619.37,-8.825395950328412
619.703,-8.78247238084523
620.036,-8.633189003046194
620.369,-8.678197215725298
620.702,-8.477006356159718
621.035,-8.598301701765804
621.367,-8.839614359111744
621.7,-8.484204667710191
622.033,-8.509572607000974
622.366,-8.672185218318806
622.698,-8.86908832902592
623.031,-8.794205317972335
623.363,-8.358677679425043
623.696,-8.727697494342687
624.028,-8.399432276068937
624.361,-8.55147263415412
624.693,-8.443183855101656
625.025,-8.672657323657342
625.357,-8.657431176481854
625.689,-8.533757757791207
626.022,-8.514742315166421
626.354,-8.647933184753104
626.686,-8.730573980601529
627.018,-8.51517878191589
627.35,-8.4486791798282
627.681,-8.706487732516754
628.013,-8.61815644652433
628.345,-8.498199227006156
628.677,-8.898189833368637
629.008,-8.550241893940877
629.34,-9.100381326972009
629.672,-8.660842102510614
630.003,-8.492388900814955
630.335,-8.725114637897164
630.666,-8.51685222490617
630.997,-8.623316889777271
631.329,-8.77720226402707
631.66,-8.387407037437454
631.991,-8.315259427980795
632.322,-8.693017233662585
632.653,-8.563516866205877
632.984,-8.387193881638858
633.316,-8.498427604098838
633.646,-8.6585389023249
633.977,-8.541394559644159
634.308,-8.856055714381403
634.639,-8.944915237150749
634.97,-8.62037005722826
635.301,-8.814653260056154
635.631,-8.636208480585603
635.962,-8.682001266123843
636.292,-8.594496824990397
636.623,-8.530976697645663
636.953,-8.826078789478101
637.284,-8.74708239955586
637.614,-8.481518006887336
637.944,-8.83564943223197
638.275,-8.732963114269815
638.605,-8.70573335344028
638.935,-8.59212240190893
639.265,-8.787200290553189
639.595,-8.646974332797797
639.925,-8.38245999069603
640.255,-8.728944567882575
640.585,-8.676475101608448
640.915,-8.661140091847088
641.245,-8.776088226967603
641.575,-8.071800588355474
641.904,-8.53302727093149
642.234,-8.476734174069712
642.564,-8.844496870488722
642.893,-8.689745196342667
643.223,-8.652620437417797
643.552,-8.899974041325056
643.882,-8.385857856921824
644.211,-8.901352043948064
644.54,-8.53605238373672
644.869,-8.62000008617191
645.199,-8.907713504416765
645.528,-8.51703360952543
645.857,-8.351306568044484
646.186,-8.514549192963987
646.515,-8.629259040387025
646.844,-8.126742999257402
647.173,-8.841954686669995
647.502,-8.531604440231712
647.83,-8.567230067096672
648.159,-8.721419916265779
648.488,-8.502146688902693
648.817,-8.286526515692179
649.145,-8.355733250564922
649.474,-8.725781674713508
649.802,-8.289361806546687
650.131,-8.573662932025577
650.459,-8.579864996172981
650.787,-8.741898879926744
651.116,-8.574966853494177
651.444,-8.456154373540695
651.772,-8.668560547785344
652.1,-8.794756899822968
652.428,-8.657756754235292
652.756,-8.472251536477344
653.084,-8.761735261402798
653.412,-8.669515640727672
653.74,-8.857452028073258
654.068,-8.719830168467842
654.396,-8.654325188991017
654.724,-8.68992624377979
655.051,-8.530054118601228
655.379,-8.699925259330046
655.707,-8.47716463260561
656.034,-8.67132081840208
656.362,-8.411200780400092
656.689,-8.89932031517658
657.016,-8.881929852461205
657.344,-8.824231167553373
657.671,-8.065885441123427
657.998,-8.707792575097631
658.325,-8.60898924534729
658.653,-8.70550164062888
658.98,-8.489867152129735
659.307,-8.676365697872344
659.634,-8.611109243347617
659.961,-8.767128683935981
660.287,-8.602779163889776
660.614,-8.523265626791762
660.941,-8.635087973924547
661.268,-8.374597779643445
661.595,-8.54627712295645
661.921,-8.71667685594995
662.248,-8.152349773907103
662.574,-8.268624710160703
662.901,-8.314834872088072
663.227,-8.852398644906923
663.553,-8.612125587141456
663.88,-8.382175572975328
664.206,-8.416832613984775
664.532,-8.559016935200479
664.858,-8.518671662271084
665.185,-8.649768097680948
665.511,-8.492281624776048
665.837,-8.87341895360776
666.163,-8.34510044192716
666.489,-8.615511095039855
666.814,-8.531900408725036
667.14,-8.734428328238154
667.466,-8.367603361186678
667.792,-8.5242838028689
668.117,-8.791733882421045
668.443,-8.433404015603974
668.769,-8.965514645116157
669.094,-8.298934176813672
669.419,-8.385524090817825
669.745,-8.219343776170682
670.07,-8.364803074414297
670.396,-8.541427523806563
670.721,-8.811737157775
671.046,-8.877003292493173
671.371,-8.136788170188279
671.696,-8.578245259797187
672.021,-8.633480744567052
672.346,-8.671420791259443
672.671,-8.52944233845246
672.996,-8.414976429192635
673.321,-8.309039657331377
673.646,-8.585398369654058
673.97,-8.484458016271805
674.295,-8.252385762465797
674.62,-8.179333219227512
674.944,-8.600628822754837
675.269,-8.555756194288943
675.593,-8.661320226839374
675.918,-8.521748315637188
676.242,-8.563285979050873
676.567,-8.450444210279732
676.891,-8.45172366069341
677.215,-8.280127372495771
677.539,-8.327421594458707
677.863,-8.825923625165682
678.187,-8.671660402514929
678.511,-8.488720356092262
678.835,-8.829424379319036
679.159,-8.611925951518037
679.483,-8.452140068451431
679.807,-8.804104823877518
680.131,-8.583697186388145
680.455,-8.543749205484833
680.778,-8.790073149342103
681.102,-8.581479523478817
681.425,-8.678616267202205
681.749,-8.20988535889461
682.072,-8.360608053714202
682.396,-8.151055535698067
682.719,-8.366417646146038
683.042,-8.158659935495628
683.366,-8.322881563825012
683.689,-8.371944164441373
684.012,-8.626381080740632
684.335,-8.44908257985898
684.658,-8.557665183017399
684.981,-8.861751556814307
685.304,-8.71047340586656
685.627,-8.545382676144884
685.95,-8.340881410014823
686.273,-8.251560773779152
686.595,-8.313457652376362
686.918,-8.299806595483878
687.241,-8.400775632907015
687.563,-8.548948653077703
687.886,-8.155624204231238
688.208,-8.595195261677041
688.531,-8.39614730619163
688.853,-8.721606285838826
689.175,-8.237958272298494
689.498,-8.38015936124741
689.82,-8.186347727437212
690.142,-8.254539429887062
690.464,-8.357376956725414
690.786,-8.374513440995498
691.108,-8.711496473569388
691.43,-8.235796425830793
691.752,-8.754372861992621
692.074,-8.72476129498874
692.396,-8.410297300311896
692.718,-8.562568307706
693.039,-8.276091386196205
693.361,-8.409275580622749
693.683,-8.373143037882402
694.004,-8.203827329937702
694.326,-8.263251857460476
694.647,-7.98372132549753
694.969,-8.1985866511785
695.29,-8.437891645375972
695.611,-8.509276476918886
695.932,-7.965875391240134
696.254,-8.5124681372174
696.575,-8.612370116915042
696.896,-8.502539607050942
697.217,-8.12235699218142
697.538,-8.322577907608395
697.859,-7.848192393144636
698.18,-8.986859807667424
698.501,-8.063432794606364
698.821,-8.338294960923314
699.142,-8.915127995926515
699.463,-8.529584508218004
699.783,-8.877700854958942
700.104,-7.978260064130671
700.424,-8.239640855346515
700.745,-7.945414945926687
701.065,-8.709104693065989
701.386,-8.720935993324408
701.706,-7.823997286065603
702.026,-8.467068788525104
702.347,-8.45134446395036
702.667,-8.548267171466792
702.987,-8.512007061488685
703.307,-8.505478773057972
703.627,-8.084961224795178
703.947,-8.494198956534236
704.267,-8.47815588137757
704.587,-8.194250243283815
704.906,-8.355794996296861
705.226,-8.302123477296494
705.546,-8.310314085752188
705.865,-8.345112986319794
706.185,-8.933421001341085
706.505,-8.19999786318981
706.824,-8.319166316831318
707.143,-8.497196335213149
707.463,-8.380192052221926
707.782,-8.08116397293158
708.101,-8.653637597600822
708.421,-8.697430728226262
708.74,-8.078277002193298
709.059,-8.520287413040316
709.378,-8.01350018126033
709.697,-8.342590549486067
710.016,-7.867879164850589
710.335,-8.068415540241052
710.654,-8.293997011797586
710.973,-8.127809246333914
711.291,-8.537627683370404
711.61,-8.076720626661432
711.929,-8.656328961426142
712.247,-8.336784508150464
712.566,-8.538668421175288
712.884,-8.698522792432223
713.203,-8.095598374616113
713.521,-8.361437105792305
713.84,-8.134785289608608
714.158,-8.29685899310741
714.476,-8.26383784304576
714.794,-8.256759476869627
715.112,-7.9589575742622625
715.431,-8.149251132030281
715.749,-8.201015035562072
716.067,-7.975781034204654
716.384,-8.236949375099195
716.702,-8.11647416822077
717.02,-8.241107323448468
717.338,-8.29981501929212
717.656,-7.972808672807564
717.973,-8.531926159583739
718.291,-8.5586105125287
718.608,-7.919134805444481
718.926,-8.064151943634968
719.243,-8.052518898668733
719.561,-7.986191825408103
719.878,-8.130012556464505
720.195,-8.403864815523054
720.513,-8.477184613415394
720.83,-8.26223285279993
721.147,-7.374833076011278
721.464,-9.228063491179721
721.781,-8.376401440819448
722.098,-8.399262983111226
722.415,-8.30099979246179
722.732,-8.00639140823521
723.049,-7.906878628391982
723.366,-8.33383883080517
723.682,-8.097689666654368
723.999,-8.290181740162948
724.316,-8.435246582348434
724.632,-7.6276669940492745
724.949,-7.015732252109675
725.265,-7.994080636081937
725.582,-7.885437450624924
725.898,-8.167004555454454
726.214,-8.276455194461606
726.53,-7.76106489360904
726.847,-8.484367392121833
727.163,-8.28167361044262
727.479,-7.870237298259594
727.795,-8.704868207375531
728.111,-7.967197448449907
728.427,-7.8734369702284885
728.743,-8.2844040991386
729.059,-7.916260227405095
729.374,-8.324881288903939
729.69,-8.597000896872776
730.006,-8.276082079386793
730.321,-8.546004944163847
730.637,-8.027595396175892
730.952,-8.397973135690625
731.268,-8.230334061416537
731.583,-7.968147500112928
731.899,-7.786264511007262
732.214,-7.679317265192999
732.529,-8.447595102675646
732.844,-8.38732438097092
733.16,-8.331296527424785
733.475,-8.700490491854929
733.79,-8.59528346856765
734.105,-8.349184007143691
734.42,-7.90762790215372
734.735,-8.326953778632992
735.049,-8.239300977858687
735.364,-8.32293207189544
735.679,-8.32552461106956
735.994,-8.81891153246379
736.308,-8.263842520617882
736.623,-8.31637501182046
736.937,-8.16963658190636
737.252,-7.200148674352702
737.566,-8.070740708613265
737.881,-8.116070801304694
738.195,-8.211554422994544
738.509,-8.16105586069177
738.823,-8.66887186377695
739.137,-7.771125704862611
739.452,-8.049688581258023
739.766,-8.672613494480402
740.08,-7.555084320416329
740.394,-7.9175325690825655
740.707,-8.605007559311051
741.021,-8.986776805031656
741.335,-7.461891015569843
741.649,-7.594371983611937
741.962,-8.488444324461852
742.276,-8.408076133152683
742.59,-8.234918749452174
742.903,-8.072572825507518
743.217,-9.101825622384313
743.53,-8.34984380327821
743.843,-8.187196523061147
744.157,-8.209935311699816
744.47,-7.934415146591036
744.783,-7.9677311240475905
745.096,-8.433228119782564
745.409,-8.77521514622004
745.722,-9.135131466195809
746.035,-8.58499683819215
746.348,-8.61123308141021
746.661,-9.300472410833526
746.974,-8.498314440410352
747.287,-8.405451613814304
747.6,-8.024943888045579
747.912,-8.144590393311848
748.225,-8.54145229032338
748.537,-8.770785715350362
748.85,-8.799289317805112
749.162,-8.688947099730527
749.475,-8.70772312772681
749.787,-8.738118264429971
750.099,-9.012691643149218
750.412,-7.730278706759233
750.724,-8.464245971631602
751.036,-7.7212432952173575
751.348,-8.574088347979522
751.66,-8.497736987385533
751.972,-8.720370182635126
752.284,-8.55996830322336
752.596,-8.585432886623988
752.908,-9.22211152245229
753.219,-8.288315905486852
753.531,-8.75457571633783
753.843,-8.208108354778556
754.154,-9.22239333985373
754.466,-8.34939320320533
754.778,-8.24521306823487
755.089,-8.708401780866488
755.4,-9.277671742927447
755.712,-7.851749176657384
756.023,-8.662038478860211
756.334,-9.521419520778117
756.645,-9.119281251161242
756.957,-8.61354323763419
757.268,-9.077973827298884
757.579,-8.92090169877986
757.89,-9.04914792972251
758.201,-8.75500640399767
758.511,-9.621876546606915
758.822,-9.043367143092233
759.133,-8.619685359786182
759.444,-8.541215026915015
759.754,-8.64636051545307
760.065,-9.131125364247286
760.375,-9.36549600342448
760.686,-8.895894966652621
760.996,-7.996416981391241
761.307,-8.51259547088841
761.617,-9.841795048957042
761.927,-8.56009483842469
762.238,-8.916701288618336
762.548,-9.850164673338163
762.858,-8.580723127019235
763.168,-9.038694115118764
763.478,-8.869044393551956
763.788,-8.84579731954079
764.098,-9.272449933022449
764.408,-8.534304941424667
764.718,-9.719786448872275
765.027,-10.0172832758981
765.337,-8.63428486647462
765.647,-8.489677564332395
765.956,-8.387915208552808
766.266,-9.1624626052391
766.575,-9.409591053893655
766.885,-8.640764853756652
767.194,-9.521932835092791
767.503,-9.406720910808795
767.813,-8.737238949996325
768.122,-9.504395575070998
768.431,-9.003771100046261
768.74,-8.102349768502995
769.049,-8.89309769649991
769.358,-8.854315469511857
769.667,-9.999147697433186
769.976,-8.712352169956223
770.285,-9.743795407267301
770.594,-9.600536563409158
770.902,-10.249145771282492
771.211,-9.016009021582578
771.52,-8.789073925559208
771.828,-8.845118189126804
772.137,-8.648775555688237
772.445,-8.968737859178662
772.754,-8.71698911859289
773.062,-9.13650328410897
773.37,-8.599632797796486
773.678,-9.057026709283106
773.987,-9.517756566804946
774.295,-8.952849650447053
774.603,-9.468414332624587
774.911,-8.772999803980355
775.219,-8.584347470609956
775.527,-9.18528337268901
775.835,-9.553708087178107
776.142,-10.065106946620972
776.45,-8.77988324930944
776.758,-8.93997395841644
777.066,-8.92944391024388
777.373,-9.18105277639481
777.681,-9.693141054801236
777.988,-8.036126745586591
778.296,-9.612120601588062
778.603,-9.402232301361458
778.91,-8.592112214033012
779.218,-8.390848402301645
779.525,-9.42956761183787
779.832,-9.338206730099119
780.139,-9.268809019294759
780.446,-9.088103946355563
780.753,-8.503440520857751
781.06,-8.73862678256015
781.367,-9.888030631208354
781.674,-8.825513732470599
781.981,-8.709233273629744
782.288,-9.283017958268045
782.594,-8.266843351618586
782.901,-7.884623994357543
783.207,-8.718152289212572
783.514,-9.650888853584975
783.82,-8.767832338820828
784.127,-8.762248653991753
784.433,-8.51576406613569
784.74,-8.809216828887473
785.046,-9.798491644496291
785.352,-9.377537832834525
785.658,-9.120190460838307
785.964,-8.984338277817352
786.27,-10.820785322820258
786.576,-8.748615219340158
786.882,-9.241144376880237
787.188,-9.992005286436408
787.494,-9.928385377147885
787.8,-8.755099346088006
788.105,-8.693813219327609
788.411,-10.36618235729307
788.717,-8.701575837512994
789.022,-8.324044788842974
789.328,-9.96316306397407
789.633,-9.17825621065953
789.939,-9.92264300383072
790.244,-8.948174402926005
790.549,-7.959702867487362
790.855,-10.257247611736114
791.16,-9.548084090244782
791.465,-8.606118978793948
791.77,-10.4192224734119
792.075,-10.16994911662129
792.38,-8.595635502461157
792.685,-8.426134490483227
792.99,-9.625284528866379
793.294,-9.003928527606472
793.599,-8.106018870097014
793.904,-8.623597666325887
794.209,-9.583782456195634
794.513,-9.746594267084847
794.818,-8.251116630331158
795.122,-8.597485760624936
795.427,-8.812003691844788
795.731,-10.54075111326889
796.035,-9.675521124030615
796.339,-8.390552022570965
796.644,-8.051792465408894
796.948,-8.491630522080902
797.252,-9.01625822951202
797.556,-9.667156681573738
797.86,-10.410518429337998
798.164,-7.8495419036465135
798.468,-8.39976680622952
798.772,-8.265399287517086
799.075,-9.264533262167266
799.379,-10.132659955128105
799.683,-10.459171900506103
799.986,-10.149076706946294
800.29,-7.26693477463015
800.593,-9.122403454042393
800.897,-9.223896418621429
801.2,-8.790027818768092
801.504,-8.536833320551253
801.807,-8.18188346558971
802.11,-9.003549887391431
802.413,-8.517367901736709
802.716,-9.267684646308473
803.019,-8.930974540144723
803.322,-9.16164717886113
803.625,-10.157903555873608
803.928,-8.113324687482011
804.231,-9.763276119647594
804.534,-7.969529073262367
804.837,-8.408198689225793
805.139,-9.425162852087878
805.442,-9.38114643467694
805.745,-9.66690939828867
806.047,-9.725018264668101
806.35,-8.483722918873903
806.652,-7.280582842422477
806.954,-9.766905795915338
807.257,-10.227836376513975
807.559,-10.11954589118508
807.861,-7.857597586591068
808.163,-9.078255715021982
808.465,-9.570884879601852
808.767,-9.518471720664403
809.069,-8.688564450107727
809.371,-7.46004421382834
809.673,-10.189202611501019
809.975,-8.7006971264157
810.277,-9.573992452336713
810.578,-8.334375077448604
810.88,-9.184134334452175
811.182,-9.446959594733839
811.483,-9.961105860547677
811.785,-8.10514466002143
812.086,-8.795225169514584
812.387,-8.718763459642215
812.689,-9.220948158330005
812.99,-6.9712613124786795
813.291,-8.613779443210168
813.592,-9.904884873910971
813.893,-8.918519461660436
814.195,-8.380204764666152
814.496,-10.815794500696118
814.796,-8.20784724285087
815.097,-8.292041376879771
815.398,-7.489265343717439
815.699,-10.006195017117125
816,-9.725932081109262
816.3,-7.702655549961979
816.601,-7.50880925420921
816.901,-9.506293980112698
817.202,-6.594146717738585
817.502,-9.490271505121157
817.803,-10.47798335814932
818.103,-7.763540026027184
818.403,-8.527475068916432
818.704,-7.0179653540496005
819.004,-7.815940811078052
819.304,-8.606834578814507
819.604,-7.192793502880476
819.904,-8.407346716765332
820.204,-10.010176161251161
820.504,-7.3388866185856765
820.804,-8.971642081206149
821.104,-8.357826067644263
821.403,-8.302025615192768
821.703,-10.286719145482756
822.003,-11.061459978622944
822.302,-8.114928871053365
822.602,-10.216943420459573
822.901,-7.924828030167703
823.201,-8.995341210964646
823.5,-10.342750596522421
823.799,-8.059023264562867
824.098,-8.390863179763445
824.398,-7.6702681700993125
824.697,-7.786837584598401
824.996,-8.319121815392231
825.295,-6.74205691353479
825.594,-7.70164527407506
825.893,-8.353016167181366
826.192,-7.81068387370267
826.49,-9.006015726060507
826.789,-6.672003194884852
827.088,-8.366132930095493
827.386,-11.683527226410249
827.685,-11.34582990168456
827.983,-7.808451997468144
828.282,-9.095505437615783
828.58,-7.707527359785053
828.879,-9.259133683457037
829.177,-7.824006184260587
829.475,-8.96772904934642
829.773,-7.902459202592724
830.072,-8.220841213565109
830.37,-9.716398639479138
830.668,-10.433626144744595
830.966,-7.683579850734972
831.264,-9.155344054525074
831.562,-9.612040888649029
831.859,-6.575506167035205
832.157,-8.443181118656405
832.455,-9.310366009312833
832.752,-8.5757550131026
833.05,-10.384934416873127
833.348,-9.113449035568433
833.645,-6.419485215975052
833.942,-7.440105042065713
834.24,-8.534351504846299
834.537,-11.000138669227296
834.834,-9.642822099142746
835.132,-11.593660155028767
835.429,-9.203987390399858
835.726,-6.981240571408549
836.023,-11.654689579016582
836.32,-8.969415274094569
836.617,-8.157547191094158
836.914,-9.052619868796285
837.21,-10.641155506706278
837.507,-7.424171669879884
837.804,-7.711229753349459
838.101,-9.792256374111407
838.397,-7.662161094767402
838.694,-9.280129524147048
838.99,-9.985695327999574
839.287,-5.420464001067832
839.583,-8.122983870117595
839.879,-7.082668033641858
840.176,-12.149064101138997
840.472,-6.689593795364125
840.768,-8.968205825995259
841.064,-9.503464888985507
841.36,-9.528006085259275
841.656,-6.446172392414787
841.952,-7.091569963282
842.248,-7.474619050184131
842.544,-7.184222799456711
842.839,-6.836105786625333
843.135,-8.2621543481398
843.431,-5.157694192632184
843.726,-7.642769282948541
844.022,-9.204208595341942
844.317,-9.370090713832841
844.613,-7.729646547299018
844.908,-8.266158034924704
845.204,-9.762098092872
845.499,-9.860393420734226
845.794,-7.840728821999839
846.089,-10.369353116828565
846.384,-8.637647503279698
846.679,-9.327936465205221
846.974,-7.612111241370696
847.269,-8.834838926521913
847.564,-9.093820383307351
847.859,-8.220086412343804
848.154,-8.217834843439329
848.448,-8.32206063400227
848.743,-8.214680426851157
849.038,-8.6804373000284
849.332,-12.498780679252842
849.627,-8.054950067698297
849.921,-9.486683737580337
850.215,-9.348243660213365
850.51,-8.56437104397525
850.804,-8.95806151587577
851.098,-9.048364613719931
851.392,-8.578586943994788
851.686,-8.739627908158873
851.981,-9.180700920575331
852.275,-10.188306241712201
852.568,-10.714579488195842
852.862,-8.689961445876682
853.156,-8.666370067341333
853.45,-7.883884573841188
853.744,-12.34046262323248
854.037,-6.844231036293215
854.331,-7.020816062639711
854.624,-7.672566983997873
854.918,-8.85515008327609
855.211,-9.258012269985409
855.505,-8.476485604313442
855.798,-7.54544095403811
856.091,-7.667617416365677
856.384,-9.89182545649629
856.678,-9.194837679918631
856.971,-10.371473963896344
857.264,-10.747556550000919
857.557,-7.164497562699792
857.85,-7.465327139358464
858.143,-7.560151114680649
858.435,-8.973050858952265
858.728,-9.386769207093044
859.021,-7.439276292351455
859.313,-7.417784515001021
859.606,-9.375952309650623
859.899,-7.245704013458807
860.191,-8.805001299710115
860.483,-9.408090531209576
860.776,-5.776790330564001
861.068,-7.994028843673852
861.36,-8.183832043913146
861.653,-9.834091281941626
861.945,-6.843502355525995
862.237,-9.758542447978396
862.529,-8.54214209700181
862.821,-7.6171217138036305
863.113,-9.931519687451395
863.405,-12.18902372669394
863.696,-9.686641786528645
863.988,-8.204429657389529
864.28,-7.055229211363947
864.572,-10.487306319703425
864.863,-5.2245703852287
865.155,-7.138395365892716
865.446,-10.32521679584213
865.738,-9.069948128376454
866.029,-7.342919067821341
866.32,-9.962096147439517
866.611,-8.173454144398356
866.903,-9.617545144478283
867.194,-7.385648979525292
867.485,-7.472547973938886
867.776,-4.246293602054321
868.067,-9.793890055894593
868.358,-11.45985694006887
868.649,-10.042587440194705
868.939,-6.42960328866726
869.23,-5.92343448468998
869.521,-11.391577154820904
869.811,-7.25138248718103
870.102,-11.440661560261818
870.393,-7.560248800220868
870.683,-8.092035363417642
870.973,-7.74514132915234
871.264,-7.249281217160445
871.554,-6.37206623963727
871.844,-8.621905657508297
872.135,-10.102207259507503
872.425,-12.404544582208558
872.715,-12.931452916453035
873.005,-7.696786892941568
873.295,-9.37829486316658
873.585,-9.85667957630143
873.874,-7.650252098915491
874.164,-2.1731503150429394
874.454,-8.513407656014447
874.744,-4.631719274976251
875.033,-16.39110724253509
875.323,-11.876037326419599
875.612,-8.436871036685856
875.902,-9.608713488648155
876.191,-6.93628534858571
876.48,-13.43677061889012
876.77,-6.150425138142146
877.059,-7.32666449778636
877.348,-13.029879800017723
877.637,-8.590179372888366
877.926,-10.883430100948555
878.215,-14.550466405062187
878.504,-7.898885463576828
878.793,-14.40863720954604
879.082,-8.572008405344945
879.371,-10.012699518934044
879.659,-3.7532483338345326
879.948,-8.61761903944825
880.237,-9.247122210592584
880.525,-13.524911787356082
880.814,-6.098210857896113
881.102,-16.663584496921256
881.391,-12.977482370916082
881.679,-41.25947287483278
881.967,-1.8451062222847296
882.255,-3.456096553158705
882.544,-10.443853361829158
882.832,-8.05468387199972
883.12,-7.554775835578128
883.408,-2.8401105180137844
883.696,-6.145417574416139
883.983,-6.884518234328626
884.271,-8.827965208952872
