153.834,0.0
154.224,0.4486024239858186
154.614,-23.021430141995953
155.005,7.173507929899754
155.395,5.698163389495015
155.785,-1.0210900204132243
156.176,-9.62739667904644
156.566,0.0
156.956,6.179518188067446
157.346,0.0
157.736,-0.3795158140499548
158.126,-2.062580992968572
158.516,1.5696232133228367
158.906,6.406495671794648
159.296,-1.5856437451233516
159.686,-2.3342593212703533
160.075,3.32219448996608
160.465,0.871897752314146
160.855,4.21319661215541
161.245,3.763713252559104
161.634,-9.463743571262048
162.024,0.3839324476302248
162.414,0.0
162.803,-2.7940651625489052
163.193,3.164898263146042
163.582,-0.9344492258947961
163.971,0.0
164.361,3.0125754779119878
164.75,10.992913243943613
165.139,-0.3010299956639812
165.529,0.5251102660894892
165.918,-1.6839490278794202
166.307,0.0
166.696,-4.06817576579926
167.085,12.094249414085054
167.474,-3.6299978940741697
167.863,7.6948089638009485
168.252,-3.792346980061427
168.641,5.741067955523333
169.03,0.0
169.419,1.1736198780392078
169.808,0.35490084845354414
170.197,4.661304953606525
170.585,1.0212953409412753
170.974,8.690067646310567
171.363,10.684772203569173
171.751,17.227086008469133
172.14,0.707547604430494
172.529,7.985135525117739
172.917,-3.2052218106208876
173.306,-1.820863244078007
173.694,2.476575816580558
174.082,0.0
174.471,-3.652259261034601
174.859,0.0
175.247,-2.4958640290499994
175.635,0.3000030072911069
176.024,-20.693917001784634
176.412,7.669461861580483
176.8,-2.238986527773957
177.188,-1.505149978319906
177.576,-1.4557440001394106
177.964,0.0
178.352,0.0
178.74,5.859861553877229
179.128,0.18473304472116572
179.515,7.5132633922287155
179.903,0.3748162098248999
180.291,-2.673571000450072
180.679,-1.5811421353419
181.066,-19.22461178352184
181.454,0.0
181.842,0.0
182.229,5.838287574798869
182.617,7.153165992860113
183.004,1.6816347128841536
183.391,1.6640025775487561
183.779,4.423086710199706
184.166,1.6253282227327126
184.554,-3.1821292140529986
184.941,6.703436546700086
185.328,-0.4106664348241861
185.715,8.894717384714335
186.102,-2.76843083655002
186.489,-12.100864972950594
186.876,0.0
187.263,-0.9431001328719956
187.65,-14.227138683098858
188.037,2.4011484461478205
188.424,1.7071252562388697
188.811,18.100945051710294
189.198,11.863703527756426
189.585,18.29739540874099
189.971,12.616444471255022
190.358,10.104935711256392
190.745,18.641137526652635
191.131,15.799227941188816
191.518,22.972117783700007
191.905,17.073163357996567
192.291,15.04217848514548
192.677,20.631678662116837
193.064,17.875044711223758
193.45,12.481885302271214
193.837,21.52829169381258
194.223,20.212510234392813
194.609,20.950098685464464
194.995,12.43747822361685
195.381,16.655936459063287
195.768,18.865958940181326
196.154,20.660128800847698
196.54,7.736089260817326
196.926,10.327229161082933
197.312,14.534483619410489
197.698,12.638260535456581
198.084,10.899451308149757
198.469,11.929879185557143
198.855,18.447237341140294
199.241,13.296415846986505
199.627,12.479753132309694
200.012,15.318747316271804
200.398,29.408387184488227
200.784,19.170466190192492
201.169,16.139743175946414
201.555,15.35957760311704
201.94,14.941719266064503
202.326,12.26535457162539
202.711,21.286968178456405
203.096,13.074015644485849
203.482,21.17752631201389
203.867,11.730577430740045
204.252,11.095243147010821
204.637,10.125355259697027
205.023,11.44449276745617
205.408,14.61654658845427
205.793,11.986636842927954
206.178,16.112269494685766
206.563,5.38770739672612
206.948,20.44087106107275
207.333,14.706897586965741
207.718,16.602686915416655
208.102,9.083369901754063
208.487,12.277262564301104
208.872,15.671984827496296
209.257,16.96866856796092
209.641,15.40985413335934
210.026,14.08174860173355
210.41,12.898104133145475
210.795,10.065479191067476
211.18,13.84312245318183
211.564,11.258792355645678
211.948,11.30949179963532
212.333,14.93173629893917
212.717,13.55537714132803
213.101,16.439572382707386
213.486,16.48194123203408
213.87,12.359697372978458
214.254,10.310865368979913
214.638,12.917313513764
215.022,19.681504441943535
215.406,14.34297872809975
215.79,11.192588529933886
216.174,22.69391666038225
216.558,12.328895071878721
216.942,14.648941294287624
217.326,13.458704369144597
217.71,14.10856963872595
218.094,18.13504552658917
218.477,10.250136978344063
218.861,13.301971885759524
219.245,11.597315043994161
219.628,20.966198312594585
220.012,16.972552829497758
220.395,14.01829955210957
220.779,16.313059466662583
221.162,15.888197038815441
221.546,11.186306108619636
221.929,9.265428240189687
222.312,15.210204653397081
222.696,9.096847421098248
223.079,14.391306306172014
223.462,15.848765260505932
223.845,11.226490076362571
224.228,14.970429245077671
224.611,7.04987615392277
224.994,15.655974814635043
225.377,12.305112329828308
225.76,19.276366777072205
226.143,15.417586752900288
226.526,12.481354997076593
226.909,19.30480849863696
227.292,24.99058179282067
227.675,20.307460993070013
228.057,10.145984132274327
228.44,14.606484143620992
228.822,15.43576495948577
229.205,9.767296501160919
229.588,15.041638377120183
229.97,3.210428639098617
230.353,16.98039840720579
230.735,20.02055087995302
231.117,8.096176328517817
231.5,8.214727797539876
231.882,13.564978622792648
232.264,9.980551601923958
232.646,16.91270595248202
233.029,20.80001723882131
233.411,6.385527948537467
233.793,13.045692614267791
234.175,11.04200727147751
234.557,9.032565104011814
234.939,10.593367110138434
235.321,14.640649306560904
235.703,14.63080527352233
236.084,14.22711155490198
236.466,12.673934973920076
236.848,15.268780431479959
237.23,15.265959320667369
237.611,8.685213604451437
237.993,11.148623014441506
238.375,21.184999363230396
238.756,20.878707063787008
239.138,11.38143458589946
239.519,12.902129379509423
239.901,25.206950156983012
240.282,10.06141967675326
240.663,18.698236911499045
241.045,27.870952545064313
241.426,16.21783956167177
241.807,10.592634167158272
242.188,16.699030630429895
242.569,12.534507305667677
242.95,19.91570393569661
243.332,8.541229081686398
243.713,9.500707601932673
244.093,17.478455763626613
244.474,14.744932171229133
244.855,5.272232674969665
245.236,17.604467270244783
245.617,18.525576519950945
245.998,13.119223865508378
246.378,14.383299529711508
246.759,16.7718990367809
247.14,17.27750296459399
247.52,12.758871454269595
247.901,11.61888543407149
248.281,18.260617758693947
248.662,16.865212501843747
249.042,13.133404109314473
249.423,19.03812612334914
249.803,9.235588660183012
250.183,18.509153589054613
250.564,11.429181684424513
250.944,17.42108277838885
251.324,16.267056621890525
251.704,14.117269230784645
252.084,10.278925879688789
252.464,17.46728234846184
252.844,17.819888865432194
253.224,16.605249483736518
253.604,20.323118642742415
253.984,25.97013601782519
254.364,11.262010220390813
254.744,20.03445760891952
255.124,14.330404254160769
255.503,15.870047117925573
255.883,15.824835537236055
256.263,21.300412298460817
256.642,16.49358524680497
257.022,13.751014831806009
257.401,10.51039249707503
257.781,3.4021814766107896
258.16,15.899752269239354
258.539,13.457008904259709
258.919,10.311904329424616
259.298,13.941521561880853
259.677,15.504971850087196
260.057,14.215051069387995
260.436,21.479663443880895
260.815,11.513769361488587
261.194,15.606828809174095
261.573,28.932832143667923
261.952,12.546157076440943
262.331,23.82993919674684
262.71,9.806791494681171
263.089,20.608600583669855
263.468,16.35897305636192
263.847,11.817219021685542
264.225,11.42195287349951
264.604,10.720487762262522
264.983,5.957856798886528
265.361,16.388429934318914
265.74,11.00451498238871
266.118,15.30421420528143
266.497,19.96935656187664
266.875,14.579078439685642
267.254,10.11343301197963
267.632,14.827957364138797
268.011,7.075803485448102
268.389,17.858958911894884
268.767,11.37082838728285
269.145,12.381791003706967
269.524,16.891722682357436
269.902,13.617963468648199
270.28,8.041036979954244
270.658,12.992878896015188
271.036,14.838950531748164
271.414,15.285844226200796
271.792,15.794341753287252
272.17,23.285590109957106
272.547,19.711577273142204
272.925,15.401197682206028
273.303,9.984814622611399
273.681,10.29953013783177
274.058,13.804902285104914
274.436,18.598277334227774
274.814,17.25175294613691
275.191,9.51622577056111
275.569,16.716438375451393
275.946,11.35346234271023
276.323,19.130065471757646
276.701,14.448195276611365
277.078,6.214583754688195
277.455,7.009754670083056
277.833,12.969282718493071
278.21,23.112562774342237
278.587,17.17267371944966
278.964,9.252604235236737
279.341,6.909500429136925
279.718,13.483026336050322
280.095,12.2331087150489
280.472,14.475051417270013
280.849,17.44610116726512
281.226,20.496061278702722
281.603,15.149678541158764
281.98,13.114690297040905
282.356,9.78405195207274
282.733,14.606958668120242
283.11,14.962406580205458
283.486,21.77616372319459
283.863,13.00895328061337
284.239,19.016332863365673
284.616,8.372989677830713
284.992,8.93105004090605
285.369,13.476719496396989
285.745,11.635720245756492
286.121,13.014968368628734
286.498,16.853747816794343
286.874,10.005669973240817
287.25,16.016923640732198
287.626,2.5841569654881167
288.002,21.401965114216917
288.379,25.327251534639277
288.755,17.47824356122101
289.131,19.531759196394873
289.506,10.047769652100136
289.882,16.467525624538357
290.258,17.768637187086117
290.634,12.440961149485876
291.01,13.91420656442122
291.385,17.61822218884768
291.761,21.55301598259323
292.137,15.140892489620331
292.512,12.539766337403647
292.888,25.468811594706647
293.263,21.4639558350465
293.639,11.177091660308491
294.014,17.260587294991648
294.39,10.603484869750828
294.765,13.45345773474436
295.14,19.890386461555646
295.516,13.501988678135888
295.891,11.71386224560938
296.266,9.237196634656659
296.641,16.627363910790724
297.016,17.144331867283125
297.391,10.616686610300665
297.766,23.974587974198435
298.141,15.530535831027304
298.516,10.89381536557379
298.891,12.286172421840098
299.266,17.697135977892177
299.641,7.528299963224796
300.015,13.888421216456091
300.39,13.275949606870153
300.765,15.410856390378084
301.139,11.034735148220552
301.514,15.967656133162192
301.889,14.407988526086559
302.263,19.608717653191
302.637,11.340472894811327
303.012,11.9468974994089
303.386,12.4412664994951
303.761,12.735778886673405
304.135,11.931601837845083
304.509,11.165819593617488
304.883,23.249135065660735
305.257,12.792658187446811
305.632,16.156438647983748
306.006,14.250547434982808
306.38,23.538504294290018
306.754,16.304367211813425
307.128,14.567347360697735
307.501,17.2128207746932
307.875,8.452100771911114
308.249,18.98907249494689
308.623,13.825688096951913
308.997,11.540840228232904
309.37,10.712178375015283
309.744,9.30291962097689
310.117,14.340188862582652
310.491,12.201503848863744
310.865,12.985032756759503
311.238,8.758935052349758
311.611,11.844846359468297
311.985,16.923413186326396
312.358,16.68782784941179
312.731,15.256010696193208
313.105,18.030330316315585
313.478,12.063349119745364
313.851,21.82572242867444
314.224,11.767993103068207
314.597,19.377717181201007
314.97,21.55134482033964
315.343,13.135389141811933
315.716,19.639782072520195
316.089,11.97952969625492
316.462,17.920667982195052
316.835,15.578415519756957
317.208,11.191451814556055
317.58,16.83237623285599
317.953,15.892450357808318
318.326,14.299291277520052
318.698,21.80374574819783
319.071,21.36884840891689
319.443,16.29823290307342
319.816,4.001607315680174
320.188,11.832285006917688
320.561,12.379928314410748
320.933,12.121613211139142
321.305,16.467092493933308
321.678,19.7382843352249
322.05,10.94170110870909
322.422,17.71534831871162
322.794,15.76374003884728
323.166,12.852573528961003
323.538,15.511416055102385
323.91,16.113134157326876
324.282,6.50984380700287
324.654,13.987390765746193
325.026,17.849519840962504
325.398,4.355710398323549
325.77,3.720454376728979
326.141,18.90319129843117
326.513,13.323594831753097
326.885,15.203339234447165
327.256,21.51547242375665
327.628,23.029577702225282
327.999,20.192797311281144
328.371,17.575466780467277
328.742,22.65111135376758
329.114,8.543555424985524
329.485,20.816919473407854
329.856,6.150198095185919
330.228,14.87504527542309
330.599,11.275925633531722
330.97,13.948135943210437
331.341,20.05144554056143
331.712,15.382651021822133
332.083,14.319611733449422
332.454,23.65723859887849
332.825,14.534787347274394
333.196,25.461857466870626
333.567,13.99549604992194
333.938,12.190546817282254
334.309,16.706983959197725
334.679,16.895955066210547
335.05,10.115282439586203
335.421,18.76167104637271
335.791,19.780131023106772
336.162,10.337512952570016
336.533,9.778916121153003
336.903,11.096528988575715
337.273,11.62803016335371
337.644,15.03787535109116
338.014,16.99674109270129
338.385,19.50729672403089
338.755,20.913154056522192
339.125,7.5678811785678075
339.495,16.284176548384146
339.865,10.479534044414688
340.235,17.805200122831575
340.606,22.794942442613173
340.976,11.017855953357603
341.345,15.747476974692919
341.715,14.126247745783111
342.085,17.068037553599822
342.455,15.088836849152779
342.825,12.427942717833602
343.195,11.722131213093746
343.564,19.030585056163137
343.934,13.582388648642121
344.304,18.224705285620274
344.673,14.821577127174073
345.043,19.19702066811245
345.412,11.488074273648964
345.782,10.234860817272939
346.151,11.723563253685361
346.52,18.546751424799563
346.89,18.002812676819662
347.259,16.000789202031765
347.628,14.626605561819064
347.997,19.28471778842223
348.367,11.978864480028582
348.736,22.899511287121417
349.105,19.505590416354224
349.474,14.60125118056277
349.843,17.935633000461856
350.212,6.258001525665307
350.58,13.101596928963286
350.949,18.460740144574295
351.318,15.51238822681457
351.687,15.24160336785436
352.056,13.989461666162804
352.424,11.726250061212808
352.793,14.741165734814482
353.161,15.888701306746096
353.53,25.41963017655939
353.898,18.334792089876863
354.267,14.754129504782666
354.635,5.1613181443178355
355.004,18.812792750733035
355.372,11.830004480184309
355.74,13.150314612533158
356.108,9.095828198345409
356.477,16.425366508719183
356.845,18.492673264701484
357.213,22.517777998951384
357.581,18.722765878133472
357.949,20.113519328768053
358.317,13.10958870711427
358.685,19.633997280819262
359.053,15.947211361291314
359.42,8.496891843373437
359.788,15.45805206142525
360.156,14.04588561680666
360.524,16.34164779220407
360.891,14.239496520018392
361.259,9.13820891450324
361.626,17.506829662251313
361.994,14.469128488902289
362.361,19.824780393360747
362.729,9.639814479690553
363.096,8.817072698332732
363.464,12.112297900617055
363.831,11.662230534062308
364.198,10.935332234445646
364.565,16.159480974155304
364.932,13.612609607712761
365.3,17.75240932126474
365.667,14.86894081894281
366.034,14.405121311419116
366.401,11.015308812052295
366.768,19.121090666192114
367.134,11.297688514563585
367.501,22.27023319274857
367.868,6.419284093833788
368.235,9.762863371895794
368.602,17.443827769290046
368.968,17.246602569718462
369.335,20.590479167028885
369.702,16.215318936356837
370.068,21.257539027915872
370.435,12.511751625344822
370.801,16.03253392528038
371.167,19.03427332811615
371.534,12.702341836900715
371.9,22.47111305473739
372.266,12.698800203008837
372.633,16.615461892400855
372.999,17.95343313407306
373.365,15.096047817742829
373.731,16.7937311178161
374.097,15.93789154099315
374.463,15.114186581025537
374.829,16.296652096160262
375.195,13.013767703689922
375.561,18.562457931858802
375.927,14.465069196366088
376.293,14.695208170896041
376.658,11.9316514634331
377.024,15.611909085459745
377.39,16.45155333631409
377.755,18.172662803604844
378.121,18.136064625043456
378.487,17.012385416252442
378.852,11.476602761594766
379.217,21.477071016538623
379.583,14.072970299952427
379.948,14.257459204584674
380.314,13.734396688659574
380.679,17.734766254101107
381.044,13.292919247818253
381.409,11.69484803275093
381.774,19.19732756609086
382.139,16.113362916181792
382.504,15.447134342763418
382.869,17.51235254112507
383.234,19.13869592001618
383.599,17.55342513948369
383.964,10.060349070089684
384.329,13.665566442981188
384.694,13.10349677653666
385.058,22.38108095196646
385.423,9.549715376275019
385.788,15.58039235733655
386.152,15.536088118184674
386.517,15.374665412759905
386.881,14.552686773073809
387.246,16.000448676284677
387.61,19.765949765547088
387.975,8.950939541475666
388.339,16.16046534075959
388.703,15.962078441774366
389.068,13.238289750591894
389.432,21.851333139560438
389.796,12.766220553142732
390.16,15.504182082327137
390.524,9.69215170497108
390.888,11.378469480282732
391.252,16.028050853762906
391.616,17.878977979085885
391.98,18.367134807650984
392.344,13.983223339313223
392.708,19.111908231183477
393.071,19.27125161514124
393.435,13.033575395208375
393.799,17.425421980739635
394.162,18.41152843183029
394.526,13.57892652537359
394.889,19.97035614297991
395.253,17.780600089973046
395.616,19.67026232863076
395.98,23.050676213156954
396.343,23.563029135574382
396.706,14.786317067661528
397.07,14.793876620770027
397.433,15.969762411598618
397.796,18.598744504167286
398.159,18.417522930231673
398.522,17.07660866265596
398.885,19.82551927974613
399.248,22.445414818855134
399.611,14.818286394583449
399.974,19.513457553536263
400.337,19.339087111564123
400.7,21.089045592508814
401.063,16.58510015698019
401.425,18.058627687849988
401.788,20.864642094003454
402.151,14.036835381022621
402.513,17.092723684463827
402.876,17.50824057001444
403.238,15.129639161588871
403.601,13.056181748596494
403.963,17.815859737482015
404.325,17.32889866693857
404.688,20.596923660645015
405.05,16.400222104699928
405.412,18.46027180557575
405.774,16.590284150629603
406.137,14.520562666940412
406.499,17.85866521230505
406.861,12.592912841057025
407.223,16.613666396228684
407.585,15.798162995586054
407.947,18.4061917886461
408.308,18.915352564118358
408.67,19.951943777829143
409.032,16.94462162256319
409.394,23.1113823432284
409.756,18.627729547037816
410.117,19.316655016238823
410.479,21.49635261236464
410.84,18.670499851008124
411.202,13.98928475886113
411.563,19.158439653878887
411.925,18.875194651472324
412.286,21.033235864117213
412.647,16.424314096556945
413.009,24.62119152035185
413.37,20.759996934142706
413.731,19.93663823370496
414.092,19.3125141284009
414.453,25.122711001182026
414.814,24.37117013972853
415.175,23.272311644668104
415.536,25.794625517204928
415.897,25.883309955618813
416.258,27.22493612724083
416.619,25.38534194009223
416.98,26.404477013776102
417.341,24.64010955152127
417.701,26.32932304419855
418.062,27.00493298223148
418.423,28.58144202818739
418.783,28.56055175478406
419.144,28.74695910388115
419.504,28.70639867844944
419.865,27.884783306195615
420.225,28.83596005699732
420.585,27.805476706220418
420.946,27.06414146752293
421.306,26.980390720190982
421.666,28.672650039876714
422.026,28.239634651743845
422.386,27.623190225764482
422.746,28.186485497069246
423.106,27.93577613292938
423.466,28.914182040429942
423.826,28.382825943151033
424.186,29.121798942196985
424.546,28.08107092732489
424.906,28.986564966519087
425.266,27.44156115092369
425.625,27.573731301387014
425.985,28.226475006672814
426.345,26.975526833030123
426.704,26.923130690252393
427.064,26.43989122740281
427.423,26.616728409199727
427.783,26.191600311271873
428.142,26.83788263241356
428.501,25.957392320623175
428.861,25.661622203011188
429.22,26.253628740810285
429.579,25.328473317593684
429.938,25.180341313303853
430.297,25.315272158013073
430.656,24.92717831828671
431.015,24.330876428690235
431.374,24.04400464628987
431.733,23.968513728290194
432.092,24.029978060282104
432.451,23.555519699424796
432.81,23.32138212270765
433.169,23.153558107651087
433.527,22.817762449673378
433.886,23.398215698373857
434.244,22.709369585142706
434.603,22.715393290724986
434.962,22.31475692599178
435.32,21.90362539897132
435.678,21.660636260987243
436.037,21.838830704772644
436.395,21.25965438071545
436.753,21.398226707846618
437.112,21.24126791732652
437.47,21.265923033724103
437.828,21.20519994706953
438.186,21.179504127035475
438.544,20.9870488403096
438.902,20.427754394005653
439.26,20.688943948601963
439.618,20.663590080074666
439.976,20.493876869459065
440.334,20.442199170948694
440.692,19.965651038063584
441.049,20.223011451596403
441.407,20.232022951255455
441.765,19.614077455578734
442.122,19.705103942620383
442.48,19.495531805714556
442.837,19.740904847485204
443.195,19.188689381232294
443.552,19.36230996770033
443.91,19.04428494152007
444.267,18.955542049011694
444.624,18.866529991349093
444.982,18.54915191473299
445.339,18.96426673259582
445.696,19.023807891780283
446.053,18.59110616578653
446.41,18.299823348926846
446.767,18.048867372644093
447.124,18.2331122691397
447.481,18.086350904553232
447.838,18.080774600534937
448.195,17.900385089202658
448.552,17.827933055289737
448.908,18.235837049160228
449.265,17.941822899117007
449.622,17.97214444266376
449.978,17.99979749225322
450.335,17.640898784326826
450.691,17.787817227653676
451.048,17.812725846590254
451.404,17.477460971763353
451.761,17.728948773765715
452.117,17.341217069389376
452.473,17.36244605506283
452.829,17.03877207946795
453.186,17.503090153322752
453.542,17.23802620524538
453.898,17.41332419172169
454.254,17.290498773841225
454.61,17.073126598460117
454.966,17.232452583152483
455.322,17.106329457140685
455.678,17.55296901200728
456.033,16.92100875716085
456.389,16.697988696126398
456.745,17.099006784970175
457.101,16.997284935322718
457.456,17.161422193468283
457.812,16.784435563519228
458.167,16.876371111373924
458.523,16.94237278680342
458.878,16.926569957966404
459.234,16.67174189909217
459.589,16.68110483920504
459.944,16.910609005350622
460.3,17.284051622850377
460.655,16.69881660610272
461.01,16.66627281914035
461.365,16.699914055812872
461.72,16.53921977244122
462.075,16.774229760216034
462.43,16.604949138687118
462.785,16.610090912814208
463.14,16.523245084760934
463.495,16.86042359480446
463.85,16.634365485209504
464.205,16.34498017159605
464.559,16.4492611023297
464.914,16.379670549943597
465.269,16.269449734517693
465.623,16.30068492300038
465.978,16.424746923986635
466.332,16.52181914474488
466.687,16.620017632512575
467.041,16.071919366659287
467.395,16.38492853229521
467.75,16.51801234067633
468.104,16.166031898536236
468.458,16.088528703054934
468.812,16.0735073079022
469.166,15.916235081640588
469.52,16.195830383617533
469.874,16.12472862246722
470.228,16.180232744332184
470.582,16.096887924108024
470.936,16.15237399543747
471.29,16.1404953989934
471.644,16.48390546132607
471.998,16.070510316769226
472.351,16.199399226061605
472.705,16.337123795622745
473.058,16.059322236805237
473.412,15.920231223654294
473.766,16.001173747124888
474.119,15.90397605358351
474.472,16.10856700785608
474.826,16.040616772021714
475.179,16.25215083669756
475.532,16.065161242759373
475.886,15.974649373202173
476.239,16.301305574146316
476.592,16.009451334071265
476.945,15.798737047055823
477.298,15.946439924874792
477.651,15.897844660374924
478.004,15.818443903216572
478.357,15.717193277605363
478.71,15.595000667512632
479.063,15.568940905383037
479.415,15.744388681230985
479.768,16.128200214839147
480.121,15.629148608884199
480.473,15.725458373335485
480.826,15.971472549041977
481.179,15.757254597749483
481.531,15.577875403757272
481.883,15.652861460244294
482.236,15.887498601293284
482.588,15.965401348944024
482.94,16.13159984803129
483.293,15.494257109340758
483.645,15.283142985994294
483.997,15.750107440743076
484.349,15.83667451158662
484.701,15.808724481810971
485.053,15.807855226446337
485.405,15.548895546831405
485.757,15.66933611770694
486.109,15.447528066380952
486.461,15.78024248308246
486.813,15.684557145882993
487.164,15.83592469580964
487.516,15.609372677564274
487.868,15.420926179662409
488.219,15.68256958602411
488.571,15.745972132820903
488.922,15.875958756887687
489.274,15.676686702947325
489.625,15.458177735856255
489.977,15.385335614126422
490.328,15.249166009294086
490.679,15.539909210077862
491.03,15.450285096216147
491.382,15.457932925119309
491.733,15.611119383269248
492.084,15.19807307754541
492.435,14.919276147987784
492.786,15.356644329025194
493.137,15.288962731559526
493.488,15.138497308661979
493.839,14.917975931087598
494.189,15.05121751754518
494.54,15.211586841158281
494.891,15.505357454141784
495.242,14.946644168542784
495.592,15.302806453006168
495.943,15.031909700770042
496.293,15.293041029508919
496.644,15.416492736439418
496.994,15.02241304132905
497.345,15.183117272616043
497.695,14.764263221064702
498.045,15.254062374632293
498.395,14.800063197793053
498.746,15.315664491227027
499.096,15.01581025893522
499.446,14.912858211498078
499.796,14.769126011144614
500.146,14.732500329423642
500.496,14.643900908152894
500.846,14.994965455711215
501.196,14.952624162325222
501.545,14.688021076547674
501.895,14.945888260579691
502.245,15.075953801509092
502.595,15.062655044757827
502.944,14.95840239395656
503.294,14.790580490304633
503.643,15.038367300262701
503.993,14.709366880774363
504.342,14.874115061914482
504.692,14.950233293018092
505.041,14.75383353071237
505.39,14.816548230435913
505.74,15.01493411749141
506.089,14.653101122247868
506.438,14.837306514728596
506.787,14.130213998900041
507.136,14.810062069801475
507.485,14.520797172929868
507.834,14.795963992077835
508.183,14.786234154436658
508.532,14.914077664874538
508.881,14.944391569193073
509.229,14.28427664737407
509.578,14.557935902015615
509.927,14.808726912786366
510.276,14.470207532070036
510.624,14.639995719681039
510.973,14.409767258063635
511.321,14.365279196368565
511.67,14.908753480278882
512.018,14.366351735078242
512.366,14.687271093704306
512.715,14.431610194228032
513.063,14.339757334481469
513.411,14.636129396016829
513.759,14.367095523421037
514.107,14.276684346846471
514.456,14.338325250323507
514.804,14.396933272451498
515.152,14.473025593450803
515.499,14.156566746160427
515.847,14.513838187719948
516.195,14.182989913960611
516.543,14.33971117412787
516.891,14.186717109410148
517.238,14.125702161823549
517.586,14.111650798653358
517.934,14.208926564554696
518.281,14.216671961076782
518.629,14.286816875349611
518.976,14.378843090266642
519.324,14.14220883182709
519.671,14.170088414393767
520.018,14.097653857314697
520.365,14.010146363706786
520.713,14.155777346305015
521.06,14.105627339252575
521.407,14.144546799330003
521.754,14.097143465936314
522.101,14.081684294762828
522.448,13.969922592566654
522.795,14.363012772818983
523.142,14.279219358509465
523.489,14.363763359434575
523.836,14.404999895639321
524.182,14.375867674607107
524.529,14.477353958730145
524.876,14.091077946451485
525.222,14.098911480901732
525.569,14.179365019272256
525.915,13.841706941325763
526.262,14.046141668487072
526.608,14.12413357415041
526.954,14.08475670212265
527.301,14.071634890456684
527.647,14.138962969286471
527.993,14.041457145893245
528.339,14.094055752417429
528.686,13.899970175302727
529.032,13.892037244220488
529.378,14.023554662929355
529.724,14.27011526608549
530.07,14.333122757030589
530.415,14.256862118848433
530.761,13.952596322288166
531.107,14.251780498049179
531.453,14.11075201284871
531.799,14.150475434559885
532.144,13.94723766308527
532.49,14.292534189716894
532.835,14.003577037051103
533.181,14.071619855258668
533.526,13.756690044639829
533.872,14.032888255035088
534.217,14.073770298166556
534.562,14.011727972646955
534.908,14.034225344418758
535.253,14.150551433957878
535.598,14.069772652043335
535.943,14.138513083166579
536.288,13.953604572596149
536.633,14.098567627087478
536.978,14.061832791934503
537.323,14.346513262660581
537.668,14.044203935940153
538.013,13.919662585975146
538.358,13.916195389482189
538.702,13.932622839803464
539.047,14.06227882006489
539.392,14.106170394766533
539.736,14.085354470117444
540.081,14.078165815703208
540.425,14.270033581230916
540.77,14.177907600640538
541.114,14.190080461217295
541.459,13.982908552986304
541.803,14.086684734059904
542.147,14.183769859542599
542.491,13.87195110137134
542.835,14.033629418201189
543.18,14.125283486563891
543.524,14.172964571844922
543.868,13.97402678423084
544.212,14.102302358936202
544.556,14.215043741341375
544.899,14.154519956570521
545.243,14.197721238054159
545.587,14.184763762893864
545.931,13.946859224306007
546.274,14.177970196747097
546.618,14.20201177952655
546.962,14.078674535519067
547.305,14.029752649148506
547.649,14.068339817434634
547.992,13.906709631022126
548.336,14.08393646793148
548.679,14.204316931419562
549.022,14.508597250466877
549.365,14.101715407845042
549.709,14.204880788178707
550.052,14.331161490584076
550.395,14.124109298068861
550.738,14.367675950104584
551.081,13.899133945445989
551.424,14.262390221128916
551.767,14.167401265870236
552.11,14.252907322553927
552.453,13.602385913389101
552.795,14.086461495080481
553.138,14.051210113661611
553.481,14.098471934716022
553.823,14.211467715293825
554.166,14.136526461043633
554.508,14.256567357556806
554.851,13.84754361077705
555.193,14.096798677978363
555.536,14.18880615728277
555.878,14.063296209371414
556.22,14.171268951947624
556.563,14.200700928357811
556.905,14.09539855516137
557.247,14.12297776777829
557.589,14.415130520256142
557.931,14.042001821687657
558.273,14.24624074495657
558.615,14.231947911695032
558.957,14.007294778101047
559.299,14.09983588502554
559.64,14.18759956713267
559.982,14.56079528976595
560.324,14.266590935191493
560.666,14.341552205880019
561.007,14.131463979565003
561.349,14.01119140043326
561.69,13.907557547596868
562.032,14.22384002942156
562.373,13.852258414150382
562.715,14.041235344497064
563.056,14.316585938206014
563.397,14.181400449483814
563.738,14.355626843795271
564.08,13.958802440058006
564.421,14.28481224584964
564.762,14.196817953053738
565.103,13.957082266497634
565.444,13.890950360749887
565.785,14.12245143103177
566.126,14.23015272735075
566.466,14.383592301344606
566.807,14.15254809525204
567.148,14.00068724144144
567.489,14.095812563140305
567.829,14.00844645873329
568.17,14.128523455255376
568.51,14.276801906602733
568.851,14.144624236306061
569.191,14.307326869434922
569.532,14.179467433225334
569.872,14.0484218843025
570.212,14.329122402151535
570.553,14.512680291196416
570.893,14.440157930146981
571.233,14.37107570224519
571.573,14.198756786395814
571.913,14.191616687174118
572.253,14.319198062538879
572.593,14.230136367961524
572.933,14.173085166941428
573.273,14.271366420589551
573.613,14.193164848895227
573.952,13.983144301007334
574.292,14.229537646732558
574.632,14.27389295724024
574.971,14.111888293796376
575.311,14.43592463591022
575.65,14.316099959989828
575.99,14.436383678362176
576.329,14.408960047803694
576.669,14.008024689321015
577.008,14.106306719499594
577.347,14.291483104620209
577.687,14.309490232351582
578.026,14.40587492597157
578.365,14.231134807911078
578.704,14.328536503532524
579.043,14.373923839195863
579.382,14.219764704375798
579.721,14.14848557598364
580.06,14.361063524710465
580.399,14.583627761579416
580.737,14.084696689011821
581.076,14.264203425661455
581.415,14.064462078329306
581.753,14.417366193858031
582.092,14.111609006634435
582.431,14.632217996428311
582.769,14.295846248473179
583.108,14.370190622478617
583.446,14.284686782805807
583.784,14.433145868830179
584.123,14.310365489537382
584.461,14.492688033923201
584.799,14.35636291069776
585.137,14.5160518101928
585.475,14.090904027207774
585.813,14.261127058657257
586.151,14.444696437549071
586.489,14.159402169308786
586.827,14.46072373088406
587.165,14.313071993340722
587.503,14.389441987978607
587.841,14.460034341225175
588.178,14.231591291260665
588.516,14.57743042951009
588.854,14.29758046534375
589.191,14.59171449852554
589.529,14.437087419922264
589.866,14.928150474000171
590.204,14.693633129852339
590.541,14.581379689421361
590.878,14.653650228595772
591.215,14.510412222752834
591.553,14.736372439274758
591.89,14.807160710136147
592.227,14.389455914548444
592.564,14.608421266071892
592.901,14.630456527815797
593.238,14.844079345145383
593.575,14.58113961172125
593.912,14.703392117409823
594.249,14.868064604264815
594.585,14.649511791345626
594.922,14.971287815411024
595.259,14.74201837264952
595.595,14.77252429076329
595.932,14.58610886016171
596.269,14.772197516630944
596.605,14.677797510872988
596.941,14.740138247542705
597.278,14.551363436599333
597.614,14.520721145796418
597.95,14.52146946013916
598.287,14.690419472857823
598.623,14.64869333600052
598.959,14.661828473359327
599.295,14.647134806654767
599.631,14.657560075823131
599.967,14.574204218016948
600.303,14.35308671626729
600.639,14.603735895435769
600.975,14.336589195696861
601.311,14.836851241988063
601.646,14.68788285077184
601.982,14.423342997736938
602.318,14.913903085367886
602.653,14.599537991571136
602.989,14.596455604793768
603.324,14.3404621394114
603.66,14.505217338343787
603.995,14.361265952376392
604.331,14.655451123528543
604.666,14.580765155409992
605.001,14.58440613059785
605.336,14.150284651432733
605.671,14.738957800160408
606.007,14.627716785704829
606.342,14.65715746356051
606.677,14.586680574797938
607.012,14.92787147889229
607.346,14.808156035822009
607.681,14.823245316418621
608.016,14.797364018251873
608.351,14.677012266212332
608.686,14.477292691164164
609.02,14.405857326992102
609.355,14.757945700438956
609.689,14.869735528537472
610.024,14.790526091783752
610.358,14.75839003730955
610.693,14.293419749614264
611.027,14.594829356629358
611.361,14.62574915312847
611.696,14.649279314827968
612.03,14.804679760120669
612.364,14.906346095180988
612.698,14.716306836827133
613.032,14.912983979501556
613.366,14.602176786948446
613.7,14.488955699421403
614.034,14.592988592253194
614.368,14.855492441934581
614.702,14.59542601945672
615.035,14.91947412303828
615.369,14.574063633289908
615.703,14.823124759561525
616.036,14.86726883551599
616.37,14.472713050213255
616.703,14.927085313519509
617.037,14.69035611746803
617.37,14.723339452454068
617.704,14.58877880988199
618.037,14.747321084933377
618.37,14.774040496749409
618.704,14.696487242546718
619.037,14.970647057616322
619.37,14.581974604416597
619.703,14.674359530886989
620.036,14.90060671215666
620.369,14.838577290859895
620.702,14.994418102963047
621.035,14.81454808112758
621.367,14.690650813913114
621.7,15.023260261916018
622.033,14.960103202353125
622.366,14.738937591305945
622.698,14.632327948053389
623.031,14.583907068227502
623.363,15.08269072716895
623.696,14.859440780852552
624.028,15.112772536640424
624.361,14.968824352439576
624.693,15.055738373608401
625.025,14.783210521613453
625.357,14.768058520553442
625.689,14.908555067925379
626.022,14.82342787141794
626.354,14.789196730538176
626.686,14.83605784637524
627.018,15.021727898420934
627.35,15.09961647569373
627.681,14.651184827682544
628.013,14.876356589491204
628.345,15.037989452463293
628.677,14.709067949287032
629.008,15.018156216812747
629.34,14.346322310545574
629.672,14.830862601287643
630.003,15.016435348818744
630.335,14.723517498912704
630.666,15.017103432776855
630.997,14.807136762093535
631.329,14.704874776082404
631.66,15.124627479868739
631.991,15.303187686617342
632.322,14.787571235614102
632.653,15.019490675094136
632.984,15.256481294753343
633.316,15.071010269774941
633.646,15.045283392109381
633.977,15.096144793839061
634.308,14.85900296185223
634.639,14.79765238183372
634.97,14.847904795377788
635.301,14.906127889827852
635.631,15.063825561758161
635.962,14.95023470275848
636.292,15.074866015359543
636.623,14.93342201591828
636.953,14.78958143762241
637.284,14.803421453822198
637.614,15.235582267508265
637.944,14.90020419783759
638.275,15.015638439539213
638.605,15.23764856865624
638.935,15.240806751704307
639.265,14.943549118240837
639.595,14.904045559505827
639.925,15.237495732415335
640.255,15.066405199170843
640.585,15.082215705174017
640.915,15.167307671368793
641.245,15.1482485765
641.575,15.732861699944838
641.904,15.271201454168224
642.234,15.242236294801101
642.564,14.97476412253194
642.893,15.124296343224499
643.223,15.018852297820617
643.552,14.787706814727374
643.882,15.423966932134856
644.211,14.731013555150927
644.54,15.195204900325844
644.869,15.183144644643635
645.199,14.88149974693263
645.528,15.315666797770268
645.857,15.36052291607457
646.186,15.33064925303399
646.515,15.122656340038333
646.844,15.475360512984981
647.173,14.958606738205557
647.502,15.33109753102677
647.83,15.412747278532411
648.159,15.124849371874202
648.488,15.232196507370542
648.817,15.488742028791387
649.145,15.5817695933139
649.474,15.22151281475377
649.802,15.670129849109657
650.131,15.144151875618494
650.459,15.372721763634889
650.787,14.997638454069271
651.116,15.250266200616398
651.444,15.287080081758022
651.772,15.137125115153424
652.1,15.144555719862852
652.428,15.439487373321013
652.756,15.299210465948658
653.084,15.094235500766906
653.412,15.291068488787234
653.74,15.168360791620803
654.068,15.174552773020089
654.396,15.33976358668932
654.724,15.355924928610747
655.051,15.254623071713366
655.379,15.115729568602713
655.707,15.563573201316107
656.034,15.235556361325287
656.362,15.582004807117318
656.689,15.184667410435614
657.016,14.861422430352276
657.344,15.079012174557521
657.671,15.889964526348841
657.998,15.313308846660114
658.325,15.329841007348671
658.653,15.357491610256233
658.98,15.52791990961029
659.307,15.396961221411965
659.634,15.400247736511462
659.961,15.070478168607934
660.287,15.330250270612344
660.614,15.351874105257828
660.941,15.256746943083128
661.268,15.636566329661054
661.595,15.377222383013544
661.921,15.098266408261233
662.248,15.726489253109776
662.574,15.657733039304834
662.901,15.57186035523817
663.227,15.066089787714146
663.553,15.391003935995926
663.88,15.634575860895334
664.206,15.410150593802863
664.532,15.39025097154583
664.858,15.321152866783777
665.185,15.341697042183695
665.511,15.484636712858762
665.837,15.217576124355343
666.163,15.686917285240321
666.489,15.261535528103096
666.814,15.62204415190474
667.14,15.298053086763508
667.466,15.814588697141549
667.792,15.467589374211437
668.117,15.182185414825922
668.443,15.676175299033368
668.769,15.179231974194984
669.094,15.73122608858275
669.419,15.611708999084744
669.745,15.735481687450914
670.07,15.720033321521665
670.396,15.562558823990916
670.721,15.150024438565517
671.046,15.21144503120528
671.371,15.933067754130027
671.696,15.508253138781404
672.021,15.646953263715927
672.346,15.635529658585272
672.671,15.550367971224567
672.996,15.768834908201905
673.321,15.716571926325104
673.646,15.50566527392201
673.97,15.615689521147578
674.295,15.773940551758857
674.62,15.932254006240338
674.944,15.495064812180612
675.269,15.533402083802567
675.593,15.42288255890139
675.918,15.730018709431683
676.242,15.812194771287626
676.567,15.64827144336685
676.891,15.871908885422767
677.215,16.04248296905328
677.539,15.741228052745836
677.863,15.429193677780914
678.187,15.569659223092803
678.511,15.711626075119637
678.835,15.425462477689955
679.159,15.707819056490406
679.483,15.722986556166738
679.807,15.459620984335166
680.131,15.557099811061398
680.455,15.745198590306005
680.778,15.38850960811213
681.102,15.798121560040274
681.425,15.55372189240556
681.749,16.0774181104405
682.072,15.814665581903368
682.396,16.01071198498688
682.719,15.921343102838964
683.042,16.041591107233128
683.366,16.11816201356255
683.689,15.84200973563685
684.012,15.490695868533775
684.335,15.660645098203757
684.658,15.640639712286815
684.981,15.265068764470747
685.304,15.52147939222174
685.627,15.597055216977198
685.95,15.99216646272724
686.273,15.864980391634726
686.595,15.901938420558745
686.918,15.800420594306484
687.241,15.913391852608466
687.563,15.712366565161295
687.886,15.878350354579647
688.208,15.507101766733244
688.531,15.781053414882699
688.853,15.440938549748944
689.175,15.989089696961141
689.498,15.780875622027619
689.82,15.841208396095105
690.142,16.001158840741436
690.464,15.721579570317253
690.786,15.67347957185046
691.108,15.375656044223652
691.43,16.12114844508294
691.752,15.622373789199196
692.074,15.693116224600299
692.396,15.889890863659213
692.718,15.524627181432157
693.039,15.856159335929854
693.361,15.924574208890558
693.683,15.921180995777776
694.004,15.99763279475535
694.326,16.05290271828768
694.647,16.284328354242582
694.969,16.25234478543493
695.29,15.772895267266032
695.611,15.618203579019127
695.932,16.16460262675832
696.254,16.00761739140489
696.575,15.739256972536387
696.896,15.768871518213905
697.217,16.48249974196224
697.538,15.838596396646917
697.859,16.25139881089289
698.18,15.455252546545859
698.501,16.202018775494803
698.821,16.196512561451595
699.142,15.580421405849744
699.463,15.776808532565953
699.783,15.536030810397696
700.104,16.242334816567986
700.424,16.248465722657283
700.745,16.348024843487472
701.065,15.891996758493596
701.386,15.666320615262556
701.706,16.861618873715496
702.026,15.694493060429307
702.347,16.09205030659106
702.667,15.601467772589324
702.987,15.80435759384531
703.307,15.71676273470559
703.627,16.440548858794727
703.947,15.747515143438163
704.267,15.871017874745998
704.587,16.199121030266763
704.906,15.930393836109022
705.226,16.158603043090647
705.546,16.007810105666202
705.865,16.18824149001567
706.185,15.49590013070178
706.505,16.304928231197845
706.824,15.824901916718698
707.143,15.984353677589063
707.463,15.838741496561811
707.782,16.195782988754058
708.101,15.914534647974325
708.421,15.962421472403616
708.74,16.300254137041197
709.059,15.937885430398481
709.378,16.35327344897717
709.697,16.11310197686489
710.016,16.264071617351775
710.335,16.28437284510291
710.654,15.904501189816298
710.973,16.263835244014352
711.291,15.834374324116974
711.61,16.132722890933668
711.929,15.59684446187725
712.247,16.110326108303667
712.566,15.868821186786956
712.884,15.812261973115893
713.203,16.56526846404767
713.521,15.900542476766233
713.84,16.01734244264858
714.158,15.857349601950498
714.476,16.132994155760365
714.794,16.075535462382483
715.112,16.520971829563116
715.431,16.019520677184012
715.749,16.119617824815865
716.067,16.239087921555996
716.384,16.433040899415325
716.702,16.166340416847643
717.02,16.357059004160508
717.338,15.854500011924838
717.656,15.888922978984175
717.973,15.864907686013753
718.291,15.74771532963437
718.608,16.291595692417424
718.926,16.194121480248384
719.243,16.188691310092434
719.561,16.33409127610251
719.878,16.26449256238091
720.195,15.952445402021336
720.513,15.552728214475081
720.83,15.855529109629824
721.147,16.724995415927857
721.464,14.892325777161945
721.781,15.73209752333099
722.098,15.77160062647131
722.415,15.664878534092123
722.732,15.595949788515593
723.049,16.644297033103935
723.366,15.728573715878559
723.682,16.23870216656436
723.999,16.18119616215184
724.316,15.664266384725257
724.632,16.313324475178046
724.949,16.808724872624893
725.265,16.761290185529326
725.582,16.29369595640939
725.898,15.783673976751738
726.214,15.70029927830176
726.53,16.155359392789435
726.847,15.779077962934043
727.163,15.77728336047683
727.479,16.604453069851086
727.795,15.593082684223035
728.111,16.10769438950181
728.427,16.157978798942718
728.743,16.229172717059676
729.059,15.769102795396742
729.374,15.945905089614556
729.69,16.093471260539776
730.006,16.152793133698122
730.321,15.658383332218808
730.637,16.624410233404333
730.952,16.24982088176162
731.268,15.246305460621045
731.583,16.034022757309067
731.899,16.312717589722638
732.214,16.599105729465105
732.529,16.066182028218716
732.844,15.605872779258018
733.16,15.371773776648087
733.475,15.471547736700042
733.79,15.895352200657296
734.105,16.143059691711777
734.42,16.22623499534002
734.735,15.827608424077143
735.049,15.560157314611995
735.364,15.627493550376432
735.679,15.7663478075646
735.994,15.088055053035188
736.308,15.830763937036009
736.623,15.668256774958474
736.937,15.557375370280234
737.252,16.790694833363606
737.566,15.580368129591736
737.881,15.309853353421913
738.195,15.173110542843023
738.509,15.502444110178434
738.823,14.821057335593196
739.137,15.896270099848339
739.452,15.517863651010211
739.766,14.529577873755263
740.08,16.143648390141657
740.394,15.814456986462947
740.707,16.399918662531043
741.021,15.497215773295004
741.335,16.242952704552998
741.649,16.227981313924538
741.962,15.66777187804592
742.276,15.05893649640503
742.59,15.62325856500139
742.903,15.673931410157023
743.217,14.692882363980948
743.53,15.409084508970743
743.843,15.298848967558142
744.157,15.577825725833286
744.47,16.19314830147172
744.783,15.610938319451652
745.096,15.29080437136067
745.409,15.720126535995002
745.722,14.61300538875459
746.035,15.137059823159976
746.348,15.573843365723008
746.661,14.308680601041235
746.974,14.70117864549729
747.287,15.71373199892994
747.6,15.460971810360068
747.912,15.738868192710743
748.225,15.285239373359069
748.537,15.313276490698946
748.85,14.85814705547863
749.162,14.649292940046216
749.475,14.823671610958364
749.787,14.88557775359077
750.099,14.918390227092184
750.412,16.418654851158042
750.724,15.191897173973933
751.036,15.134433451405961
751.348,14.479279228795804
751.66,14.7546037813909
751.972,15.430221219951576
752.284,15.115881549825128
752.596,14.761859206343555
752.908,14.613912173559465
753.219,15.448339959608628
753.531,14.897610162354944
753.843,15.371044141687307
754.154,14.713456303038928
754.466,15.68583156959198
754.778,14.64422230058091
755.089,14.338980516726322
755.4,14.260362210818714
755.712,16.096388584914095
756.023,14.886915970936217
756.334,14.018850926456283
756.645,14.070436959278512
756.957,15.183532198846368
757.268,14.826037265041476
757.579,14.824143711272116
757.89,14.377075833273118
758.201,14.353156144335276
758.511,13.71357312323959
758.822,14.468569594914237
759.133,14.105330991201189
759.444,14.968799747235241
759.754,14.474769632618836
760.065,13.923126293523305
760.375,14.192584998612475
760.686,14.185135282758496
760.996,14.588617421612508
761.307,15.212534325961041
761.617,13.470336188653098
761.927,15.099923988650135
762.238,14.438950966868703
762.548,14.060881646105104
762.858,14.951165939040083
763.168,14.696436603435227
763.478,13.892081171074583
763.788,14.126967245195454
764.098,14.85163916883792
764.408,14.589668122507717
764.718,13.999944860858564
765.027,12.9987339550075
765.337,14.761777552178245
765.647,14.779385445299553
765.956,14.943474118382705
766.266,13.88689689764207
766.575,14.096402118544432
766.885,14.631034529380662
767.194,13.895619403465144
767.503,13.926630603984183
767.813,14.771723088793664
768.122,14.151758978145866
768.431,14.585562835182948
768.74,15.546746612108237
769.049,14.57980353756301
769.358,14.234868885281289
769.667,13.289093140409049
769.976,14.409552968846478
770.285,13.388491239669566
770.594,13.625287661354173
770.902,13.72974779578307
771.211,14.88816246732355
771.52,14.376440446268111
771.828,14.437681780780027
772.137,14.830204344655023
772.445,14.14624855338223
772.754,14.770330806675437
773.062,14.362234384566781
773.37,15.392383381596005
773.678,13.953293790942233
773.987,14.086645399369944
774.295,14.41379153664268
774.603,13.957639679913278
774.911,15.02420387659535
775.219,15.285160213672459
775.527,13.989595562250205
775.835,13.634190448758018
776.142,13.645667084446368
776.45,14.111743132063198
776.758,14.633812996177078
777.066,14.54502079038422
777.373,14.181289711382862
777.681,14.084704601256728
777.988,14.545319170351283
778.296,14.150138513480048
778.603,13.766159475649417
778.91,15.157405079927628
779.218,14.120932098055727
779.525,13.93509594769369
779.832,13.443964191467588
780.139,14.74051748098378
780.446,14.090305047460543
780.753,14.650912635800802
781.06,15.190693550387198
781.367,13.576326648060183
781.674,15.416376567637492
781.981,14.005294235357118
782.288,15.173871782521484
782.594,13.74887448811182
782.901,15.667379651485534
783.207,14.506799975474339
783.514,13.317258548162432
783.82,14.784168897819399
784.127,14.812492699115776
784.433,14.384098437647618
784.74,14.197050850643144
785.046,14.043019478163368
785.352,13.497013168546022
785.658,13.981950374859013
785.964,13.999239016068763
786.27,13.201691429968806
786.576,14.139235979087681
786.882,14.314689040088819
787.188,13.94775186195374
787.494,12.976471240022166
787.8,13.444582165654642
788.105,15.207021611853385
788.411,13.080321874275688
788.717,13.586444209993008
789.022,15.368317678805642
789.328,13.50779617021279
789.633,13.671427557519934
789.939,13.802404210687705
790.244,14.443007289669403
790.549,14.612412996160286
790.855,13.065436710924104
791.16,13.957140166515314
791.465,14.292548666430633
791.77,13.825607110222892
792.075,11.880026832086456
792.38,14.92810382815293
792.685,14.026632594684276
792.99,13.566681136115982
793.294,13.86578868688348
793.599,15.427406214739214
793.904,14.385983233059072
794.209,13.473489624156745
794.513,13.732653786593444
794.818,13.482658238972979
795.122,14.176769657349016
795.427,13.185830296702504
795.731,13.482186157951755
796.035,13.603336720161607
796.339,13.1677290894534
796.644,15.742247244027233
796.948,14.348581612198236
797.252,13.975393283608025
797.556,12.735094950522987
797.86,13.602319699006575
798.164,13.7448587865547
798.468,14.781686987329993
798.772,13.524541363066346
799.075,13.264777328732789
799.379,13.666378079140353
799.683,14.460879387214897
799.986,13.327460883481985
800.29,14.887613169342545
800.593,13.188175410784
800.897,13.766672158431197
801.2,13.718686415998922
801.504,13.564317795407531
801.807,14.716985695539126
802.11,13.348121132916207
802.413,14.670226673190172
802.716,14.051187027867158
803.019,13.377199187759478
803.322,15.18154266478851
803.625,12.69299961025067
803.928,15.032592047562726
804.231,13.85095689301968
804.534,14.668938004170647
804.837,14.366942013881783
805.139,15.68601714750543
805.442,13.038149668411165
805.745,12.407996361742965
806.047,14.580738946180897
806.35,14.076897455463635
806.652,15.020627634699025
806.954,13.290215643047127
807.257,11.089860101658786
807.559,13.09525257138352
807.861,14.31567313880316
808.163,13.310087403243571
808.465,12.248172992004866
808.767,15.001030881550523
809.069,13.58808576904807
809.371,16.243041448350628
809.673,12.648616486235344
809.975,13.961953117118075
810.277,12.807319878995052
810.578,13.613884832931664
810.88,14.519222638160715
811.182,14.042216019629429
811.483,12.39264143904764
811.785,14.324927031570667
812.086,12.963330123051437
812.387,13.18557984657017
812.689,11.383409963334394
812.99,14.711150114376519
813.291,14.092429265806967
813.592,13.668443497171847
813.893,13.408431629722372
814.195,12.554417040265523
814.496,12.006137070614056
814.796,16.637025728454176
815.097,13.044605803952313
815.398,14.839894581768654
815.699,13.460407530221428
816,12.78710433570005
816.3,13.445035561085737
816.601,15.401928699870322
816.901,14.711951046351505
817.202,14.55195413549934
817.502,14.417307992766128
817.803,12.591224602285573
818.103,12.760780513074035
818.403,11.46867046740915
818.704,13.106965451305394
819.004,14.859617410341844
819.304,12.885016391697762
819.604,13.306232100833423
819.904,12.921768178650867
820.204,11.936162774954898
820.504,15.093981213617003
820.804,13.097648342365009
821.104,13.535287859307646
821.403,13.535852744090164
821.703,9.909097430979719
822.003,12.022750010674608
822.302,13.001716065692172
822.602,11.00464884899906
822.901,16.270604141822446
823.201,14.713501824781776
823.5,15.29043289090494
823.799,13.55261451922518
824.098,13.437828895465666
824.398,15.332084407830825
824.697,13.69090445425739
824.996,15.268888112854713
825.295,17.847003227790204
825.594,14.643090103341759
825.893,14.339318257375961
826.192,14.730115584384368
826.49,12.920651742115322
826.789,14.06217566536157
827.088,13.931390023369916
827.386,9.602112778504573
827.685,11.56059784574822
827.983,15.008822590569507
828.282,15.988435882684948
828.58,16.652271744147974
828.879,17.097791708632446
829.177,14.495919104552634
829.475,11.977364030198874
829.773,12.848254387477397
830.072,13.20838090975276
830.37,9.986403347714546
830.668,11.339328697757809
830.966,12.104403451088318
831.264,13.174406621664147
831.562,10.56532914200467
831.859,15.708756775191548
832.157,14.431948739676871
832.455,10.44835012000627
832.752,17.820935311034603
833.05,11.334268878706146
833.348,15.339137814025639
833.645,15.092807736079385
833.942,13.586232866738829
834.24,12.647723547569695
834.537,13.821980113041056
834.834,10.677123055463829
835.132,13.52499026813703
835.429,16.936705741936883
835.726,14.001127235101816
836.023,11.627879190504933
836.32,13.50907137807438
836.617,12.559207703268223
836.914,14.6334677384947
837.21,10.765049836758932
837.507,15.709746120421675
837.804,16.07700655368913
838.101,12.556029713391949
838.397,12.898766041886539
838.694,13.354157854036394
838.99,11.491364276859986
839.287,13.861392230457206
839.583,15.057740662584665
839.879,13.73207943285548
840.176,12.544747446774846
840.472,14.519559731880127
840.768,12.812413067971367
841.064,13.542527860341634
841.36,12.859423651459295
841.656,14.387737921531864
841.952,13.496528586383995
842.248,13.56545649985381
842.544,13.197032161439125
842.839,15.526454832736665
843.135,8.332693076085157
843.431,13.666217412564801
843.726,15.134739013103946
844.022,13.242564105735125
844.317,15.109551198633206
844.613,14.137733710415866
844.908,16.108335530392814
845.204,13.408898169650973
845.499,11.37229276855738
845.794,12.872144412661045
846.089,11.336070445049785
846.384,13.733591804927872
846.679,12.402704055801584
846.974,12.021797462512707
847.269,16.38635403450939
847.564,14.53756739529192
847.859,15.680652369904092
848.154,12.3642873259634
848.448,14.476023632251634
848.743,12.616297486284168
849.038,14.197522653657433
849.332,11.882713742743878
849.627,12.839818444042553
849.921,15.745080881116058
850.215,16.006578670803652
850.51,13.70126767804198
850.804,10.947681587857145
851.098,12.262754732306135
851.392,13.743353581687373
851.686,12.408564853707398
851.981,13.387732133972044
852.275,15.513757359393026
852.568,11.1381075927975
852.862,12.987059199367776
853.156,14.28271687430791
853.45,13.38224560228725
853.744,9.948324797404787
854.037,14.801165699320833
854.331,15.259811439919387
854.624,13.039199871584733
854.918,12.02744540687404
855.211,12.681174305429973
855.505,13.27984860618478
855.798,14.70487776586455
856.091,16.017433786315163
856.384,12.285612272889153
856.678,13.257426723105551
856.971,12.836200968919306
857.264,11.187152796208105
857.557,16.4632325288138
857.85,14.994316161245203
858.143,12.232954775550377
858.435,12.349029691465889
858.728,11.881856196122767
859.021,13.549997276037493
859.313,12.909863941118733
859.606,13.628463010952325
859.899,15.335373513902988
860.191,11.973651040789221
860.483,12.241639801980714
860.776,16.524289955107726
861.068,13.348612739617275
861.36,15.110160379403423
861.653,12.610029720378424
861.945,14.220871290593285
862.237,12.993004380944681
862.529,12.286869171404442
862.821,12.88250066377173
863.113,12.913791847509797
863.405,10.64470243084072
863.696,14.795254736193506
863.988,11.784162897101446
864.28,14.292045337211242
864.572,12.06120684013341
864.863,18.052711234995453
865.155,12.837053945758422
865.446,14.160517601672401
865.738,12.247557235796044
866.029,14.295485144260006
866.32,13.840963890127036
866.611,17.299302569784356
866.903,11.298940563632328
867.194,18.481931175188585
867.485,16.51451490053279
867.776,14.211709431137722
868.067,10.968777389064089
868.358,11.724468671575066
868.649,15.289320343744436
868.939,15.15381081040291
869.23,10.482747143187433
869.521,9.913440372696702
869.811,13.896530702618907
870.102,8.345234675350323
870.393,10.410478996607376
870.683,12.265638755575534
870.973,14.975054982316628
871.264,19.749610390345993
871.554,14.46917228339361
871.844,15.640123542453798
872.135,17.98664639411639
872.425,16.218103868409884
872.715,5.9740136775884745
873.005,20.501214077371515
873.295,14.404737584276146
873.585,14.68363499057343
873.874,11.756245934613789
874.164,19.396279363959522
874.454,15.767143655522968
874.744,14.887855016130485
875.033,8.143269013991286
875.323,13.727501587237828
875.612,15.463545739962106
875.902,13.23490758174716
876.191,9.83353532396997
876.48,10.387970336634972
876.77,11.672565003237608
877.059,13.456516601344473
877.348,5.353190619634459
877.637,16.37117367510969
877.926,12.00765097046324
878.215,9.542411874257704
878.504,11.562438773917327
878.793,9.03492166389348
879.082,8.444219975639754
879.371,11.095433580807773
879.659,12.977145740300594
879.948,15.23434842446241
880.237,13.588525952176347
880.525,3.261836776188737
880.814,17.62451490677865
881.102,6.057121058040122
881.391,11.804139561988151
881.679,-15.333057320915715
881.967,20.401625404887454
882.255,17.94333863063604
882.544,2.6190364950222116
882.832,6.42778360404773
883.12,8.20939606441662
883.408,18.180878830577093
883.696,17.360020002554897
883.983,7.8671209035609575
884.271,12.93785645078057
