153.834,0.0
154.224,-0.09945756250145799
154.614,-19.699420518397535
155.005,6.992959836735791
155.395,4.590710549031114
155.785,-1.2972964323521732
156.176,-11.10863659510943
156.566,0.0
156.956,3.1478350409894613
157.346,0.0
157.736,-0.22115332195470516
158.126,-5.490385774638122
158.516,-0.17027899091173188
158.906,3.721131701627861
159.296,2.0992016165210607
159.686,-6.926391705069091
160.075,2.6039877375609364
160.465,-1.6394688662481012
160.855,2.265135398012569
161.245,2.182498162833846
161.634,-5.010513557286662
162.024,2.2361808324330155
162.414,0.0
162.803,-1.8168190843818253
163.193,1.9556160079307872
163.582,-2.3044363924516587
163.971,0.0
164.361,3.836651223081361
164.75,9.686978551029197
165.139,-3.6744018128452822
165.529,-0.707912553073354
165.918,-8.099554494398166
166.307,0.0
166.696,-0.6307857627946328
167.085,8.207188912556282
167.474,-7.087983781874547
167.863,7.496520071751294
168.252,-7.894334405173925
168.641,8.250080185077106
169.03,0.0
169.419,0.6020599913279624
169.808,-1.7587036563091936
170.197,3.41894953435837
170.585,0.9932666173410316
170.974,2.394787064929241
171.363,9.37536252884456
171.751,21.59955355235749
172.14,-0.9861002388951761
172.529,3.6156047881268516
172.917,-7.467534303165654
173.306,0.5419874918106886
173.694,-2.993813701107705
174.082,0.0
174.471,-8.08134231232806
174.859,0.0
175.247,-0.8710664356426825
175.635,0.6506801704051524
176.024,-13.225084978450877
176.412,11.505561710894243
176.8,-1.9345895482118167
177.188,-0.6020599913279624
177.576,-11.484860632747314
177.964,0.0
178.352,0.0
178.74,0.4288948041631684
179.128,-0.5510119077394016
179.515,5.924813067777489
179.903,1.6164549453852146
180.291,-0.3039828182868231
180.679,-2.2009460997535037
181.066,-10.815281454876219
181.454,0.0
181.842,0.0
182.229,8.58324978459487
182.617,8.255384381215684
183.004,2.688795809471305
183.391,2.2059900693594447
183.779,2.080664029377499
184.166,2.4247139111931024
184.554,-7.7816879509700785
184.941,8.550515860597216
185.328,-0.4017255062916255
185.715,12.052963171793445
186.102,-9.298773751990927
186.489,-8.756508404351194
186.876,0.0
187.263,-4.152461004303066
187.65,-19.190497533072676
188.037,1.7995526926854446
188.424,-2.1851556424528753
188.811,1.6287108177427012
189.198,1.0406443910940233
189.585,2.1504753732414383
189.971,1.2649952917474603
190.358,-4.132884683098513
190.745,5.389693421569597
191.131,2.7429152100822187
191.518,9.555204116779747
191.905,2.8321553257668426
192.291,0.925178296344995
192.677,6.275774802495977
193.064,2.83196298273107
193.45,-2.204916337362787
193.837,3.6842769526270915
194.223,2.2210908775209925
194.609,4.7925611460947435
194.995,2.0483468946532946
195.381,0.9517569225375201
195.768,1.1016639979704093
196.154,4.200732103604424
196.54,-2.974328942819854
196.926,-2.9286372191141554
197.312,3.647522484204042
197.698,-0.23144174895615216
198.084,5.757203322163664
198.469,1.1995583153657987
198.855,4.937178641045704
199.241,1.080144265165063
199.627,2.9899287923003777
200.012,-3.233978453669975
200.398,1.4606703352221704
200.784,2.908832406908541
201.169,0.20673103124572076
201.555,1.4672908123495965
201.94,3.573781170617846
202.326,-4.636958028946261
202.711,6.968787308527886
203.096,-1.198990915011436
203.482,5.01728127871591
203.867,2.9379407982717245
204.252,3.628100604204432
204.637,0.6254002511487304
205.023,-7.366130765565447
205.408,5.249215818588477
205.793,-0.42075465478755786
206.178,3.393025796068665
206.563,-3.2525112818526205
206.948,3.3840627073268488
207.333,-1.5099342555678124
207.718,-1.740369918788831
208.102,-0.3428003465558095
208.487,0.9189086967792237
208.872,0.6680881934043236
209.257,6.07700245602929
209.641,3.9564703833236936
210.026,1.69108862212827
210.41,4.055904552111402
210.795,-0.20217919452022035
211.18,3.1576306781183296
211.564,-0.0865349067258372
211.948,-1.296321829358577
212.333,2.476634273484096
212.717,-0.1458784919424064
213.101,3.307667793885662
213.486,3.1466581721131925
213.87,-3.7728158302387804
214.254,-7.881841034447266
214.638,1.007965619984749
215.022,6.868095759883838
215.406,2.9276497338412626
215.79,-2.3290765428061015
216.174,5.098548538268107
216.558,-1.2438150277472673
216.942,3.5740563718870835
217.326,-1.8077039246122233
217.71,0.12160966973371323
218.094,5.148604414374427
218.477,-0.7364441169797977
218.861,2.1352154124332525
219.245,-1.0484713737703957
219.628,10.52036616566095
220.012,2.1447207476345183
220.395,-0.5287015889739856
220.779,-1.202625088971916
221.162,1.275894079746714
221.546,-0.12776557689139595
221.929,-2.5879535465810544
222.312,4.51465636273725
222.696,-1.7564133229649264
223.079,1.8946145639953538
223.462,2.067241689196931
223.845,2.8008940499121846
224.228,2.7883987868306908
224.611,-2.6290118741275452
224.994,1.8987155954309465
225.377,-3.1181230821236845
225.76,5.73091838794329
226.143,1.8457100117773109
226.526,2.376548420024019
226.909,1.6286331551139703
227.292,7.682498290130563
227.675,1.2996512476746767
228.057,0.29652830696554144
228.44,2.1233447530499263
228.822,3.1128205833172853
229.205,-2.8908050043432874
229.588,0.1599597753609166
229.97,-10.116180096319253
230.353,1.4711935715641922
230.735,5.896793952805584
231.117,-5.539621691524146
231.5,-3.988250157173942
231.882,1.3203219262582633
232.264,-1.2866977590664912
232.646,0.636163994230142
233.029,2.9802169976693875
233.411,-1.795771729936427
233.793,0.3800647656248358
234.175,0.820408233666996
234.557,-0.7176674709962173
234.939,-1.7192518452017338
235.321,4.361859314497254
235.703,1.2741160039137895
236.084,2.65268539526767
236.466,2.7890480571713767
236.848,-3.9291378037998834
237.23,3.9796697049886185
237.611,-1.393259809707073
237.993,1.4570746615760264
238.375,8.327398285369277
238.756,5.06131078261338
239.138,-2.021046505035656
239.519,0.6115128031059769
239.901,7.479044544548609
240.282,-3.8195826391460206
240.663,3.4844609746996995
241.045,5.388277360771534
241.426,4.154941076211022
241.807,2.7868340432723695
242.188,4.045318746237085
242.569,0.393805262459606
242.95,6.429369031201876
243.332,-2.805971297357096
243.713,-4.8226669558207105
244.093,-0.7733632475790077
244.474,-0.8881363241147704
244.855,-3.1110951348481426
245.236,2.317363375191907
245.617,5.147732238628169
245.998,3.3605084587470855
246.378,-0.6898264524078819
246.759,3.0968834707917803
247.14,3.7039652263263894
247.52,-2.9542261462907207
247.901,1.8551176638094662
248.281,4.462753438521955
248.662,3.7397299908535393
249.042,0.25414388756576484
249.423,6.672447253390373
249.803,0.28967832037323793
250.183,3.812536452709962
250.564,-1.3317865145313283
250.944,2.347565354680822
251.324,3.9578971646847667
251.704,-2.494803761515566
252.084,0.6136294926256219
252.464,3.9545517233896996
252.844,2.2394644115736315
253.224,4.8550291541973385
253.604,6.102544578574506
253.984,8.778497953637352
254.364,1.642397697896594
254.744,6.769429655222651
255.124,3.3231430030921962
255.503,4.749142581725257
255.883,2.9995788032650683
256.263,5.495273536433482
256.642,3.5121613019459033
257.022,1.7827901560689643
257.401,-0.529305997598742
257.781,-7.646925135992184
258.16,4.523595540108611
258.539,0.9671198417920148
258.919,0.13380987903686953
259.298,-3.636988365867596
259.677,0.30453337546877846
260.057,3.8859769388788417
260.436,6.9961516093664615
260.815,2.451366051322197
261.194,-1.1040061738341815
261.573,10.554467795768337
261.952,1.5979170041620778
262.331,5.280084466904319
262.71,-2.035912527291064
263.089,2.2023530803611844
263.468,0.7788240374447015
263.847,0.4407404941434751
264.225,2.1971362488378174
264.604,-1.9393768892653258
264.983,-11.11586871403023
265.361,2.6395470194341746
265.74,-3.859325335662955
266.118,-0.7443355426859549
266.497,1.955892505388023
266.875,1.8981551332222335
267.254,-0.7056523459034238
267.632,3.4386233632226957
268.011,-2.1203041817869033
268.389,7.134412851613612
268.767,0.8035453097360072
269.145,3.4365010729854046
269.524,5.445224470676853
269.902,3.4845976290620215
270.28,0.7165535401078788
270.658,2.4316572268192043
271.036,0.04221507971010979
271.414,4.968064263330113
271.792,6.084770244658875
272.17,3.9525659881044977
272.547,5.893792521123683
272.925,1.215361709080562
273.303,-0.9108064846308183
273.681,0.48939241429939506
274.058,2.167904607973556
274.436,6.321844092518401
274.814,2.8438488976328227
275.191,-3.0044495488167193
275.569,6.217778145168614
275.946,4.179326498470761
276.323,6.95085622604759
276.701,0.14943446752715733
277.078,-3.6858260001260956
277.455,-2.191304577539219
277.833,-2.167927455377462
278.21,1.792304983364731
278.587,3.76442048006511
278.964,-1.3989383097613801
279.341,-10.10759313153806
279.718,2.059724698543699
280.095,-0.6552234870803695
280.472,2.561725675682297
280.849,3.582388232417351
281.226,3.443374276001169
281.603,0.3196095581009232
281.98,-0.22136883515372463
282.356,-3.5955190560496195
282.733,1.8206919894588698
283.11,-2.4030176714605522
283.486,7.27213919069849
283.863,-0.26213071543128197
284.239,5.096935642045175
284.616,-2.3462772952517055
284.992,-1.0892763506372067
285.369,3.5366028422528717
285.745,1.4466211630943377
286.121,0.5583523516867649
286.498,5.4876662494523325
286.874,3.3258816102856676
287.25,5.38669283697186
287.626,-6.630448870705625
288.002,5.133875859710592
288.379,6.701497064807813
288.755,5.022921848863484
289.131,2.2354274160191907
289.506,1.776088219344468
289.882,3.4143441720437218
290.258,2.4505646256064915
290.634,0.41033056843605054
291.01,0.39197804960341
291.385,1.1851747607946848
291.761,1.509298332821569
292.137,3.436482568201724
292.512,2.7008368684137296
292.888,5.7467314567809495
293.263,4.335507133051455
293.639,2.5304467109419946
294.014,2.9983008050774345
294.39,-2.508146968377033
294.765,-0.924974082823725
295.14,4.789070550279578
295.516,0.8547986547713132
295.891,0.960068297283259
296.266,0.21582381430566966
296.641,-0.17338148257917002
297.016,2.2305604966077404
297.391,0.021056978282721097
297.766,4.110796090881058
298.141,1.2305949720388454
298.516,1.2928854971865726
298.891,2.070224654609261
299.266,4.123220586910389
299.641,-4.329741187260966
300.015,1.0865770679343743
300.39,-0.08256723426490231
300.765,-1.324825840119214
301.139,0.1513505432738899
301.514,1.5862146061882563
301.889,2.9064947427059593
302.263,4.072699645114653
302.637,1.1109378723614114
303.012,1.4118974732043759
303.386,2.392917228521121
303.761,2.1583237245289335
304.135,1.8433787156724513
304.509,4.193247742614676
304.883,3.0728610088519304
305.257,3.4471447688959733
305.632,0.779850843874445
306.006,-0.040203054091453486
306.38,2.3299255296710113
306.754,4.965067400717193
307.128,1.369735583470779
307.501,-0.12490088942637612
307.875,0.43977857040670343
308.249,3.084717280809918
308.623,-0.46648332057664277
308.997,-0.4650554086535677
309.37,2.5296460240444407
309.744,-1.266533462872242
310.117,1.9430839300332936
310.491,1.7104489895847474
310.865,-0.10105623329670299
311.238,-0.32048701315732964
311.611,-4.086079934865215
311.985,4.305090156945255
312.358,3.9855204498446537
312.731,4.302237133287317
313.105,3.6743602675056555
313.478,3.3821367109552143
313.851,5.368645429035094
314.224,1.345758234767561
314.597,5.224713621597126
314.97,3.20185700715562
315.343,5.066238481174922
315.716,5.6698666674610685
316.089,-1.7167478513594152
316.462,1.4541072164272697
316.835,3.02208862477176
317.208,1.0324035528244706
317.58,5.1189778149806795
317.953,-0.10888198716090515
318.326,2.2341564304126704
318.698,7.69566920114075
319.071,3.4087912815524968
319.443,2.421352554308929
319.816,-14.85526597593592
320.188,1.7743754206714497
320.561,0.251450600751264
320.933,-1.582691849487977
321.305,4.056014498857929
321.678,6.195048091573929
322.05,-1.801963452968787
322.422,5.84390500460896
322.794,2.2615410102990654
323.166,2.4431938100521227
323.538,1.671793198164346
323.91,0.7077142929521774
324.282,-0.44360667166836204
324.654,2.9246311583276263
325.026,2.0079169512645048
325.398,-7.596569777709231
325.77,-4.917101056751451
326.141,2.7068179171748277
326.513,1.6741429970726833
326.885,0.4110322687536022
327.256,5.367559725929719
327.628,7.959501752806457
327.999,4.109370038229075
328.371,1.7953327425297807
328.742,4.715529541464711
329.114,-3.6609302487458457
329.485,5.429774978771924
329.856,-3.528295200058841
330.228,1.4895331277926953
330.599,2.451218464798738
330.97,1.5029501929237241
331.341,1.073409766232752
331.712,-0.34809995573587227
332.083,-2.4831938517997507
332.454,5.795563659209197
332.825,4.703353482020755
333.196,8.195039048650846
333.567,3.9159982157296045
333.938,2.21274868503965
334.309,2.9337456442366596
334.679,4.4199168701334415
335.05,0.12032350383402238
335.421,1.9751937672854427
335.791,3.4037503697305906
336.162,0.0024174014094659885
336.533,-1.0833144535607935
336.903,-0.6057324210747889
337.273,0.794783609511867
337.644,1.8196323880204985
338.014,3.5261936541619203
338.385,4.314405548341724
338.755,1.2723301902662392
339.125,-6.241970503492482
339.495,5.069090571334251
339.865,1.3693599146653457
340.235,5.467023617734929
340.606,7.053067031889872
340.976,-0.1789472577390797
341.345,0.5822049380030646
341.715,0.8352938445883884
342.085,4.779728437119318
342.455,2.8202338485859557
342.825,0.014587476576258362
343.195,0.8383626821350434
343.564,2.5121752343807917
343.934,2.0565550936697483
344.304,3.2538865464369695
344.673,1.0158498380985712
345.043,4.199621506107762
345.412,-4.114212678899348
345.782,-2.5393919284622557
346.151,0.9111977285889548
346.52,-1.4872851808548508
346.89,0.04645539954901623
347.259,-0.19298973046451218
347.628,-0.22287895941717814
347.997,3.120205503181857
348.367,-4.27551749655111
348.736,2.5537490459514136
349.105,2.2592319884450958
349.474,3.787246008768988
349.843,4.969761967971576
350.212,-1.8881767164018004
350.58,2.9057436238464445
350.949,3.068724805566528
351.318,3.107794297970312
351.687,0.6377373393054897
352.056,2.460488334061135
352.424,2.0239448734932552
352.793,1.5162081326411658
353.161,-0.8921061990760151
353.53,4.788845762432902
353.898,6.216348517653021
354.267,4.033183231306145
354.635,-6.11502221902114
355.004,-0.016570198039443415
355.372,0.36524443163352827
355.74,1.1442594645134692
356.108,-1.2788685991466981
356.477,1.3437713692415103
356.845,1.894980552239942
357.213,2.829490992204805
357.581,-0.1701573503043019
357.949,6.228047245537298
358.317,1.811641861678634
358.685,1.453431486201672
359.053,-1.1402686156769544
359.42,-0.6179103437970095
359.788,4.129605957183857
360.156,-0.2104743933974296
360.524,3.0413566921266777
360.891,2.53943565346169
361.259,-0.40488008069449555
361.626,1.5074519720793726
361.994,2.2106270546777846
362.361,7.402061704128292
362.729,-0.21343306638908405
363.096,-3.009476357597846
363.464,0.18988990845881432
363.831,0.9006185791903591
364.198,1.559144317910989
364.565,1.1645350874702478
364.932,-0.6885075547319146
365.3,-2.3009733296211095
365.667,1.3973443728833954
366.034,1.9494506017551125
366.401,-1.2321923320477504
366.768,5.888824285596266
367.134,-1.4072649543094542
367.501,6.117797498841762
367.868,-4.760018348714325
368.235,0.4204472692626827
368.602,2.9419884577483373
368.968,3.489299836823286
369.335,4.279269462468368
369.702,2.2649745271450965
370.068,6.554481886312167
370.435,-0.3981474328371544
370.801,2.658441756699194
371.167,-1.071684453191622
371.534,2.8221383058500313
371.9,3.996791223279952
372.266,0.7340505356491851
372.633,1.8513538819722823
372.999,5.022924977456796
373.365,3.1017285912562635
373.731,4.950094960961792
374.097,4.310129163756864
374.463,1.957638565382609
374.829,4.9523164910928
375.195,-1.5206769182128672
375.561,2.3971549876043907
375.927,2.4888903662513377
376.293,2.9752963544150677
376.658,2.3476223367467313
377.024,3.015992233676962
377.39,6.255464078499807
377.755,3.361673929306195
378.121,3.6856306197646704
378.487,4.9237694799559595
378.852,2.0600226971666453
379.217,5.974174001610657
379.583,-1.4810235954873516
379.948,3.8435707062999063
380.314,1.648766847023719
380.679,-0.6456995710468879
381.044,2.0406776941265528
381.409,-1.2141848146877763
381.774,3.1005505300429785
382.139,3.6869442798975665
382.504,1.319495766539788
382.869,5.545974810539202
383.234,5.081560190775989
383.599,4.565163196141684
383.964,-0.4580508831188135
384.329,2.681656010576288
384.694,1.3472456558745227
385.058,5.0690940643413835
385.423,-1.211329522045573
385.788,3.8126668403506114
386.152,0.40284771595998164
386.517,3.2840961583683876
386.881,1.9731483173487512
387.246,1.0780302521062644
387.61,6.153764863114705
387.975,-1.8908633030562803
388.339,1.6815192186786112
388.703,1.5272784007716536
389.068,1.8546197221821792
389.432,6.411762953573048
389.796,1.6548593363587496
390.16,3.840390484156723
390.524,-0.9866798802087539
390.888,1.663030328741243
391.252,3.5871676355338207
391.616,6.235479516063967
391.98,5.5793152601356875
392.344,1.7134233132019576
392.708,6.551637394108877
393.071,5.559539662683029
393.435,0.8883318192612323
393.799,1.2356744529315937
394.162,4.844322064886367
394.526,0.9863940920782415
394.889,4.423649698645315
395.253,4.953610850811333
395.616,4.474808339584856
395.98,7.837140780270401
396.343,6.222273416599827
396.706,4.071943393763079
397.07,1.8243872240448598
397.433,3.6474964238276693
397.796,5.017968749693947
398.159,1.7417204874229073
398.522,4.763244692595549
398.885,7.139747620080746
399.248,6.605660685632727
399.611,3.2532905886407093
399.974,4.965519614284888
400.337,4.813013409379785
400.7,5.845253053249126
401.063,5.816493411568905
401.425,4.784209566802457
401.788,7.573219471057135
402.151,2.922924553491945
402.513,5.464222613698583
402.876,4.989905746285854
403.238,2.839936210639436
403.601,3.0301310852641548
403.963,5.01930200671807
404.325,6.12569466806219
404.688,5.039869063074908
405.05,3.8922972389821537
405.412,4.918511171336508
405.774,3.9504677456135395
406.137,1.9006631521846558
406.499,4.171397771211175
406.861,1.5181249435952688
407.223,4.583068624334577
407.585,3.2025094448758296
407.947,4.264880981941417
408.308,6.800143328810525
408.67,6.81196276213638
409.032,5.153486774966455
409.394,7.196711697124964
409.756,6.327880734031091
410.117,5.885843428730955
410.479,7.619072050225349
410.84,7.644416249367024
411.202,3.320001383675964
411.563,5.574031400665141
411.925,6.322201084380641
412.286,7.609409420509128
412.647,5.091749803488816
413.009,8.121004973940776
413.37,8.543981634542426
413.731,8.661310926059453
414.092,7.94825549295377
414.453,10.773770806212077
414.814,10.908942155972566
415.175,11.022656239318097
415.536,12.977242935735884
415.897,13.660703220261933
416.258,14.347241445949471
416.619,14.043918721391636
416.98,14.319509143385906
417.341,14.14193272799859
417.701,14.640442736648474
418.062,15.94752410866952
418.423,16.519288434400895
418.783,16.977860773515154
419.144,17.03674768813291
419.504,16.887446121966725
419.865,16.759763031533748
420.225,17.565160785607297
420.585,17.06182979689465
420.946,16.85735593264806
421.306,16.308669863571193
421.666,17.59162396776964
422.026,17.315715557858347
422.386,16.764255104778094
422.746,17.238712573909897
423.106,17.164034295925546
423.466,17.748763351494137
423.826,17.238467864481137
424.186,17.50403513797489
424.546,16.76640818327914
424.906,17.262431932699055
425.266,16.121907629415077
425.625,16.126133484395293
425.985,16.47302701530789
426.345,15.51214899034551
426.704,15.397498241397532
427.064,14.946197461910335
427.423,15.018825544963281
427.783,14.59859852448714
428.142,15.112676509849742
428.501,14.247897199843225
428.861,13.937291903157845
429.22,14.415658293712065
429.579,13.510198458893798
429.938,13.365348501543444
430.297,13.191241375665555
430.656,12.910010928066532
431.015,12.31885084083418
431.374,11.934572844664618
431.733,11.704308802972086
432.092,11.725357988613451
432.451,11.33975774743073
432.81,11.128158506971895
433.169,10.741878589819715
433.527,10.258151901221959
433.886,10.832237054901057
434.244,10.28637891992123
434.603,9.941241759644466
434.962,9.6161438966381
435.32,9.459550472207109
435.678,9.08156481819795
436.037,9.118831226011299
436.395,8.433438757177584
436.753,8.570111638835417
437.112,8.485111829482864
437.47,8.336720155966404
437.828,8.245725119967272
438.186,8.036104946597156
438.544,7.785672231309149
438.902,7.494945186208569
439.26,7.408206850774613
439.618,7.464302599642298
439.976,7.2408523311033
440.334,7.026167406578587
440.692,6.725161271529903
441.049,6.7369153677393365
441.407,6.803355360854571
441.765,6.399979628604114
442.122,6.208172604672599
442.48,6.055221051290439
442.837,6.368260496225643
443.195,5.85322422314735
443.552,5.795658652234007
443.91,5.596492679686475
444.267,5.28831185226407
444.624,5.286222807750481
444.982,4.8578273748416345
445.339,5.210514603571421
445.696,5.318255708950449
446.053,4.919516906676875
446.41,4.604462104151414
446.767,4.219294954849447
447.124,4.386357153016477
447.481,4.211432477826408
447.838,4.087114827764228
448.195,4.136745639003115
448.552,3.996256889736829
448.908,4.214974538836275
449.265,4.025789035780824
449.622,4.007027736399973
449.978,4.096701258381633
450.335,3.853270337020671
450.691,3.84565827042217
451.048,3.828630471901841
451.404,3.4929822110991573
451.761,3.5955829995269823
452.117,3.439499561162951
452.473,3.446607800081625
452.829,3.100159997265585
453.186,3.390682604216575
453.542,3.0911237740787265
453.898,3.297780166647717
454.254,3.339655711674319
454.61,2.9434659625140296
454.966,3.0247194944060833
455.322,2.9036269255293585
455.678,3.3549634502944246
456.033,2.8027678722887215
456.389,2.509253287407677
456.745,2.9262656156796174
457.101,2.87360530597853
457.456,2.986345110177984
457.812,2.6635795267145235
458.167,2.813155659002814
458.523,2.687055841685143
458.878,2.834765831107613
459.234,2.604449096769609
459.589,2.385702970866625
459.944,2.7593426212394863
460.3,2.9558640579438773
460.655,2.4944528895520564
461.01,2.456813889968926
461.365,2.4566128548645265
461.72,2.288763004361911
462.075,2.444657277982805
462.43,2.2737328548639786
462.785,2.3513882389857446
463.14,2.2870716386652905
463.495,2.551456160539748
463.85,2.308497755375396
464.205,2.125821459641369
464.559,2.277452639339973
464.914,2.1066816358958307
465.269,1.9666769546066007
465.623,1.9928133789557316
465.978,2.0844843949647758
466.332,2.1901095920610048
466.687,2.251841800251361
467.041,1.8225434440741248
467.395,2.09303369742194
467.75,2.081487030177556
468.104,1.7274526971042263
468.458,1.8060681526498363
468.812,1.628839333131939
469.166,1.7005084870132066
469.52,1.8655990767111739
469.874,1.83167169109226
470.228,1.7887045567648994
470.582,1.7230021487282028
470.936,1.787379443766592
471.29,1.721512418112001
471.644,2.145067387634577
471.998,1.6525913436678665
472.351,1.8662094863983687
472.705,1.829404028126668
473.058,1.7131640599108542
473.412,1.4642838349684701
473.766,1.6636803198697059
474.119,1.558066691714439
474.472,1.5661617511306938
474.826,1.638840890299527
475.179,1.811972664311228
475.532,1.6227582788590524
475.886,1.6063039265009582
476.239,2.0459860823215825
476.592,1.53648404162429
476.945,1.5822040816067098
477.298,1.536381197013136
477.651,1.6007551726871274
478.004,1.5629556699947762
478.357,1.350566045502396
478.71,1.141581197533609
479.063,1.261935480973975
479.415,1.4099445596150393
479.768,1.8041699444789454
480.121,1.1459568176623995
480.473,1.4171866324434088
480.826,1.6826023065162687
481.179,1.428483574498778
481.531,1.336720476786536
481.883,1.3585937284831784
482.236,1.5361741623667189
482.588,1.5830282056416036
482.94,1.9119829512506143
483.293,1.1302449255668559
483.645,1.0549894401539257
483.997,1.554447222362889
484.349,1.5213354956110796
484.701,1.4954021466822047
485.053,1.370113813304409
485.405,1.2275873583374322
485.757,1.3582565170386505
486.109,1.0407048229346494
486.461,1.4588444316412594
486.813,1.4150378018332195
487.164,1.5876273798736373
487.516,1.2649041308629965
487.868,1.1600171235113523
488.219,1.3978613873457453
488.571,1.4717654545981054
488.922,1.6379440957265032
489.274,1.4123588796788276
489.625,1.2062218087371175
489.977,1.1807802274306702
490.328,0.9237346376876501
490.679,1.295191011525272
491.03,1.1648102265896059
491.382,1.2190696121784266
491.733,1.4446616269659733
492.084,1.0632599656588653
492.435,0.8578581221808174
492.786,1.1321894636308791
493.137,1.1132282175147368
493.488,1.0006561717528915
493.839,0.8490888266933342
494.189,1.055042109806195
494.54,0.9963938989940846
494.891,1.425540273751104
495.242,0.7185010104938229
495.592,1.0495332223630085
495.943,0.9777557335578538
496.293,1.0490563207434267
496.644,1.3962508603114
496.994,0.9338965809894376
497.345,1.0841847416410233
497.695,0.6142352050587887
498.045,1.1234721976001298
498.395,0.7757684849048646
498.746,1.1455740152038434
499.096,1.0997426032027382
499.446,0.9126586183937226
499.796,0.8255078385769213
500.146,0.780807750998339
500.496,0.6339543736513542
500.846,0.9174952131414226
501.196,0.914573009169156
501.545,0.7376696381737161
501.895,1.0098482611218058
502.245,1.1057734148870628
502.595,1.100882936237707
502.944,0.9755067905197806
503.294,0.9029521020197893
503.643,0.9722215413141992
503.993,0.8621409611710816
504.342,0.9475497669193123
504.692,1.01653075474958
505.041,0.7824732666228608
505.39,1.0277355996071946
505.74,1.1786320371230046
506.089,0.7778408130416654
506.438,0.9673689093192138
506.787,0.36405428337461226
507.136,0.884714444268149
507.485,0.6980126334918964
507.834,0.9381791466726511
508.183,0.9513760866126116
508.532,1.135003791069197
508.881,1.1868346453466365
509.229,0.5848142086787474
509.578,0.7917104125535124
509.927,1.0801047612605825
510.276,0.6594227241010593
510.624,0.9029729412388906
510.973,0.6393483839583013
511.321,0.652756589579318
511.67,1.2459135522972824
512.018,0.715018426454921
512.366,1.0013158492133318
512.715,0.7022787750181655
513.063,0.6532106920205131
513.411,0.9588266952911461
513.759,0.6301435507138322
514.107,0.5305770312937054
514.456,0.6781891189516108
514.804,0.7607551360480516
515.152,0.8499302244904953
515.499,0.5165125119706545
515.847,0.8757540509211865
516.195,0.5515891909784945
516.543,0.696371087076182
516.891,0.6442240638508442
517.238,0.577844079384551
517.586,0.5960670540285407
517.934,0.6694104931077075
518.281,0.6168802946482023
518.629,0.7133328705076786
518.976,0.8760559869542919
519.324,0.600230191177693
519.671,0.5445296929968964
520.018,0.5762664399931915
520.365,0.5617023628579088
520.713,0.5829204767569521
521.06,0.5883683465240565
521.407,0.5467343051833544
521.754,0.6057493146729496
522.101,0.5371574845068949
522.448,0.5115203830252391
522.795,0.8755177969626495
523.142,0.826413376269065
523.489,0.8581264923621224
523.836,0.925277297963218
524.182,0.8402622436948685
524.529,1.1200255230702962
524.876,0.7821016069829857
525.222,0.6685702504851176
525.569,0.6963557187476633
525.915,0.3959814660288659
526.262,0.6123998788851184
526.608,0.598202300426902
526.954,0.6092392875346787
527.301,0.6240785222298749
527.647,0.7512057254691721
527.993,0.7183738987224029
528.339,0.6683829106153829
528.686,0.4819997069653259
529.032,0.5538082404763754
529.378,0.6565427234824598
529.724,0.8425069445929855
530.07,0.9547887648608411
530.415,0.8285737690266077
530.761,0.5175258823176995
531.107,0.8025421244463025
531.453,0.7423642813994952
531.799,0.6979103114543344
532.144,0.46917102789550713
532.49,0.8289088987973736
532.835,0.5200579695484449
533.181,0.5665357841939311
533.526,0.40356675076418885
533.872,0.5903372072668238
534.217,0.6449943697527604
534.562,0.5982681498435688
534.908,0.673543622966233
535.253,0.6902527886350314
535.598,0.6375917317761612
535.943,0.7024974210364286
536.288,0.4901109108816078
536.633,0.5992272013471989
536.978,0.6029897477816335
537.323,0.8890278065069812
537.668,0.5824685218683643
538.013,0.4131739522592101
538.358,0.5166077170266926
538.702,0.512722457407809
539.047,0.576857878147822
539.392,0.6289377736481029
539.736,0.628754437594507
540.081,0.576636577301408
540.425,0.848644742994666
540.77,0.723107166549151
541.114,0.7289891934025807
541.459,0.5548833017019135
541.803,0.6671744840528915
542.147,0.7044289042443471
542.491,0.4753220897610474
542.835,0.5275472903300836
543.18,0.6966243575529124
543.524,0.7021771635463935
543.868,0.48690122567787236
544.212,0.6423888710133955
544.556,0.7214416469354162
544.899,0.6225064639290033
545.243,0.694009817569125
545.587,0.668130102913094
545.931,0.5202565544255737
546.274,0.6776699527053351
546.618,0.72688789383627
546.962,0.6564424711203396
547.305,0.6758027364628594
547.649,0.5876772024273096
547.992,0.4574237993594121
548.336,0.6488393003191689
548.679,0.682778777993438
549.022,1.0072308444488245
549.365,0.5926769191734348
549.709,0.6896900515321435
550.052,0.7629588208615885
550.395,0.6431918008914612
550.738,0.7012222015115859
551.081,0.3894910759200619
551.424,0.6993793385786199
551.767,0.687934283583654
552.11,0.6835757585946403
552.453,0.12038863934132073
552.795,0.5847733002151612
553.138,0.6240940797906837
553.481,0.5819510079842714
553.823,0.7098322283398802
554.166,0.5983351011887493
554.508,0.7399165832857836
554.851,0.3152109243088012
555.193,0.5630517433120023
555.536,0.6804411628947332
555.878,0.5657136136438564
556.22,0.7071962082217792
556.563,0.6643619095444692
556.905,0.5149019706025791
557.247,0.5982416388610089
557.589,0.8884431319938815
557.931,0.4047029538925597
558.273,0.7187564705734882
558.615,0.7231153025005934
558.957,0.595119092232303
559.299,0.49643643092653617
559.64,0.5135860906422969
559.982,0.9384941973818458
560.324,0.6477758334984498
560.666,0.7326607589026068
561.007,0.5735597623372137
561.349,0.4502545220828794
561.69,0.37185424536921835
562.032,0.676835068710517
562.373,0.32411456493301266
562.715,0.4676945704690737
563.056,0.7439564798956775
563.397,0.6099378338329301
563.738,0.6476703913007285
564.08,0.35920892847503433
564.421,0.674747562970941
564.762,0.5720736308525729
565.103,0.3601405129333302
565.444,0.3491491752646418
565.785,0.5539367095000831
566.126,0.6349123741819037
566.466,0.737936156795726
566.807,0.5292130996361253
567.148,0.37164648257724725
567.489,0.5017939144742346
567.829,0.360115101283691
568.17,0.4191997936158778
568.51,0.6719042882936935
568.851,0.5562808932633075
569.191,0.6806923101162489
569.532,0.559524358796682
569.872,0.41362030093823915
570.212,0.7390257078991654
570.553,0.8562106406257035
570.893,0.7520410152740064
571.233,0.7636592252530362
571.573,0.5045041655378327
571.913,0.47372121116166077
572.253,0.6267637247045932
572.593,0.6317925723037787
572.933,0.5048290811359949
573.273,0.5856096524849016
573.613,0.5283080756815243
573.952,0.3094191108692877
574.292,0.5480368754491663
574.632,0.6462303675131379
574.971,0.4253136815134338
575.311,0.7922607826143188
575.65,0.6759305598954648
575.99,0.66658120066264
576.329,0.7124388907106465
576.669,0.29539141537556163
577.008,0.3183089720513443
577.347,0.5371915522577994
577.687,0.646186379333277
578.026,0.5715358403693054
578.365,0.46658510556781285
578.704,0.5776628459027092
579.043,0.6298340503003197
579.382,0.5478565456104267
579.721,0.4725305370292922
580.06,0.6031914322505043
580.399,0.6796955465494762
580.737,0.31825139659022017
581.076,0.339879408693678
581.415,0.345950697694396
581.753,0.642614028946762
582.092,0.30590155455385787
582.431,0.8540877991092983
582.769,0.5481197697962331
583.108,0.6209409893581262
583.446,0.5777448119939789
583.784,0.5734739832051393
584.123,0.4674610345233751
584.461,0.8045073830452472
584.799,0.5031030871254333
585.137,0.715756160350594
585.475,0.2524618239089927
585.813,0.30252560883060925
586.151,0.6382448469348293
586.489,0.40683778553343947
586.827,0.5936570806447821
587.165,0.5406623393653988
587.503,0.5100014524119719
587.841,0.5497829130535244
588.178,0.30874322664085974
588.516,0.6921464291474797
588.854,0.3442606946036326
589.191,0.6633734175019428
589.529,0.5716915827117282
589.866,0.9138895059086475
590.204,0.683970998375815
590.541,0.637460002220272
590.878,0.6720212524419462
591.215,0.5163468680756531
591.553,0.7261117126360764
591.89,0.7654405548150434
592.227,0.4374125959095908
592.564,0.6183483485042484
592.901,0.5883701365633918
593.238,0.7540732207885755
593.575,0.5671624699148264
593.912,0.6817798885021015
594.249,0.8777547442330499
594.585,0.6294644317524726
594.922,0.8799584233056581
595.259,0.7078749849244587
595.595,0.7452471524558286
595.932,0.584127521697874
596.269,0.6993656149294905
596.605,0.6195622327478225
596.941,0.7991990489568459
597.278,0.5613263207167627
597.614,0.5910309203593144
597.95,0.4994147596738412
598.287,0.6345285170574194
598.623,0.6207233502122365
598.959,0.5460087969888627
599.295,0.47796165040225225
599.631,0.5961930035421535
599.967,0.43403046783749705
600.303,0.3082505627384518
600.639,0.4990911440585809
600.975,0.22148345204592965
601.311,0.7430087952944577
601.646,0.677264485099908
601.982,0.3298457088421503
602.318,0.8418908621364585
602.653,0.4979846456853783
602.989,0.46709246619629036
603.324,0.2935254256310382
603.66,0.4422280798391754
603.995,0.2296696972641237
604.331,0.5394430017544345
604.666,0.42942957651109365
605.001,0.4232486065348258
605.336,0.03240881222858344
605.671,0.6123226662806198
606.007,0.504845070485135
606.342,0.5045684761024419
606.677,0.4317297976958018
607.012,0.7670023778064549
607.346,0.6464060311995432
607.681,0.6873146785945627
608.016,0.5590895370287534
608.351,0.5446611034608833
608.686,0.2832774505809901
609.02,0.2533589179816514
609.355,0.5045912105742909
609.689,0.6427588330293429
610.024,0.6259144336915266
610.358,0.5454637032978799
610.693,0.11214965634933897
611.027,0.4247326094283695
611.361,0.4660594074840504
611.696,0.4139318219955293
612.03,0.5884004363959291
612.364,0.7231701312975845
612.698,0.45607961436324473
613.032,0.6420441485543349
613.366,0.28615027759276235
613.7,0.2302885124734426
614.034,0.2521966132440525
614.368,0.45120080546340324
614.702,0.37530623403181035
615.035,0.5885096399865627
615.369,0.31032309934900526
615.703,0.5544861549912007
616.036,0.5168994688154516
616.37,0.17047339063022254
616.703,0.6042950172996872
617.037,0.49601572709985214
617.37,0.4667574627176709
617.704,0.286167328399143
618.037,0.29626204718817556
618.37,0.407965472342116
618.704,0.37875439746604905
619.037,0.6769964040135936
619.37,0.2911401957112321
619.703,0.2617638509692325
620.036,0.46160171554795715
620.369,0.4181367299811029
620.702,0.5370698771925738
621.035,0.4580418211854754
621.367,0.2019708113234489
621.7,0.6127193395518093
622.033,0.5359449614130358
622.366,0.3452266490972493
622.698,0.200678879618548
623.031,0.17738289568528304
623.363,0.6672078546611835
623.696,0.36930153015164685
624.028,0.636756960425493
624.361,0.4243467163912163
624.693,0.6055741765636884
625.025,0.34035238769930315
625.357,0.34179875801666987
625.689,0.42259120726512744
626.022,0.46734109391106177
626.354,0.37253004013624896
626.686,0.2909738267078619
627.018,0.5309471412982673
627.35,0.5803179417779004
627.681,0.2721252853914542
628.013,0.4063487444575203
628.345,0.4668897386009627
628.677,0.1326495153989618
629.008,0.47264002997364846
629.34,-0.12964628307661236
629.672,0.3059213606666099
630.003,0.5257202538455626
630.335,0.22962527666104116
630.666,0.43827188278052565
630.997,0.3447802185415766
631.329,0.1807325110156246
631.66,0.5898377845565672
631.991,0.6763317411305131
632.322,0.30461809269903645
632.653,0.4135588150774675
632.984,0.6593075803637425
633.316,0.4944944120358722
633.646,0.3818515410728119
633.977,0.46958208586878913
634.308,0.18160966144078763
634.639,0.10351660771168865
634.97,0.33937691121136326
635.301,0.1637943939723961
635.631,0.37219323882576066
635.962,0.3177412060746255
636.292,0.41920990519688217
636.623,0.44787528799861315
636.953,0.15635074446576258
637.284,0.2596045495121215
637.614,0.5302370774290994
637.944,0.17109963326664118
638.275,0.34049514333317155
638.605,0.34748190260198003
638.935,0.4541662188306255
639.265,0.23137289732328134
639.595,0.2998074354253422
639.925,0.6097104230553395
640.255,0.26059277737597525
640.585,0.3451996555702873
640.915,0.3941794804505629
641.245,0.2637523310153628
641.575,0.9714672941792535
641.904,0.47087323814746473
642.234,0.4868297893509419
642.564,0.21016490722902942
642.893,0.34245145632915264
643.223,0.3458931497872454
643.552,0.03905145490236911
643.882,0.6398677190420604
644.211,0.10614796342061894
644.54,0.4495492649074728
644.869,0.32258672749474326
645.199,0.10221001154608896
645.528,0.48653830077034294
645.857,0.5680943345394358
646.186,0.5030210471195813
646.515,0.33252339433437395
646.844,0.8506224265685205
647.173,0.10463066484208768
647.502,0.38558584403709467
647.83,0.4213294392155845
648.159,0.24049643387079941
648.488,0.4793710509722296
648.817,0.628685422805744
649.145,0.583569900038954
649.474,0.2932445570788082
649.802,0.6440019590395897
650.131,0.3339367704321543
650.459,0.3676006797185036
650.787,0.16187034974863687
651.116,0.35485875604333755
651.444,0.43880509167131493
651.772,0.33245967663625603
652.1,0.1126422969859165
652.428,0.30825060399560783
652.756,0.45977666438297216
653.084,0.17200054357180194
653.412,0.31348464926321606
653.74,0.12055444085361978
654.068,0.17012319321083316
654.396,0.3241949457044624
654.724,0.27389374481058765
655.051,0.4692803671880367
655.379,0.2024163327129051
655.707,0.49699955006534663
656.034,0.23712132877616535
656.362,0.5328378741272675
656.689,0.09628951868504496
657.016,-0.033375401197928097
657.344,0.014854996000412827
657.671,0.8028312582281394
657.998,0.1681835925948807
658.325,0.21868522311761063
658.653,0.2290547974810099
658.98,0.35846120832291983
659.307,0.19715813399311546
659.634,0.2511502302578202
659.961,0.05508090481194446
660.287,0.24068025927030737
660.614,0.26309426196140184
660.941,0.12335073937394253
661.268,0.4661614169686943
661.595,0.2153677133584161
661.921,0.07861130607063438
662.248,0.6680207026469311
662.574,0.5375866350043317
662.901,0.5267606134364079
663.227,-0.0187268099168483
663.553,0.2422232141297152
663.88,0.4237725757249955
664.206,0.37977939202123756
664.532,0.2661740810188897
664.858,0.3035702077635075
665.185,0.14647567187091937
665.511,0.24144652355811821
665.837,-0.046638233053066136
666.163,0.41185542905501527
666.489,0.14073801936310057
666.814,0.3674354301241802
667.14,0.13992898522130295
667.466,0.5479059282666434
667.792,0.2895015663409235
668.117,0.068139678472506
668.443,0.3996891003975133
668.769,-0.11318217925952366
669.094,0.5312531629018834
669.419,0.44604481567155213
669.745,0.6361069771388507
670.07,0.47505162232631226
670.396,0.35875112156885147
670.721,0.019818816525636183
671.046,-0.09247197026602824
671.371,0.7227482624081002
671.696,0.23911264432022722
672.021,0.3324404312729695
672.346,0.2398048024901619
672.671,0.3029519026165089
672.996,0.46970280119308755
673.321,0.5008136914296113
673.646,0.21318040135195618
673.97,0.2502717941594748
674.295,0.5568488914212072
674.62,0.6268602424508466
674.944,0.23293486491488194
675.269,0.2103627553617416
675.593,0.20219246156341503
675.918,0.29510680154453917
676.242,0.2199223110247934
676.567,0.3804902816533717
676.891,0.39902082432991737
677.215,0.5917490884331941
677.539,0.511729966863923
677.863,-0.03851618111742749
678.187,0.2210509639714053
678.511,0.32734966935743787
678.835,-0.011508947407333152
679.159,0.22121688530900238
679.483,0.3693070784377161
679.807,-0.007396806560926424
680.131,0.20731505614197493
680.455,0.29483534990228993
680.778,0.018211791248224283
681.102,0.22412663469352426
681.425,0.1526018983389212
681.749,0.5515874653210543
682.072,0.38102773893097414
682.396,0.5883045290243255
682.719,0.3307483696961394
683.042,0.5453250289663047
683.366,0.44411675139802015
683.689,0.34609302685871757
684.012,0.07232198826168444
684.335,0.2497095759177864
684.658,0.16888298487896988
684.981,-0.1627616804362553
685.304,-0.00240700904682485
685.627,0.14078897175257632
685.95,0.3692750762547418
686.273,0.43269328062744866
686.595,0.30302620370923256
686.918,0.4225351347954102
687.241,0.3620882476568285
687.563,0.2614003304460035
687.886,0.48887543943698114
688.208,0.031430959334661446
688.531,0.20347617828462294
688.853,-0.07747959511801206
689.175,0.4595386669510706
689.498,0.3244194309800426
689.82,0.4673102802199544
690.142,0.43640746897910215
690.464,0.30367340487173916
690.786,0.25298181520497254
691.108,-0.06419748522976097
691.43,0.462386212093541
691.752,-0.10802700642395417
692.074,-0.08086545667690866
692.396,0.343031032120655
692.718,0.07921451332177182
693.039,0.37613562013588164
693.361,0.26960102588211093
693.683,0.3264762255653679
694.004,0.411802663782344
694.326,0.4222113865170547
694.647,0.6855889034158699
694.969,0.4648431943717864
695.29,0.2552216577165037
695.611,0.1020766533107738
695.932,0.6714116001657705
696.254,0.21210206857503666
696.575,-0.011817335880744144
696.896,0.02415373169812575
697.217,0.534090077403355
697.538,0.3198498391972876
697.859,0.7272381676117439
698.18,-0.3714910325146499
698.501,0.5489443763995714
698.821,0.37659403131175956
699.142,-0.2901379291257991
699.463,0.04417019463529688
699.783,-0.20287538189531
700.104,0.6606765551023001
700.424,0.4329818381785061
700.745,0.7084803333142934
701.065,0.010765592269181763
701.386,-0.0833817497103611
701.706,0.8693802176364206
702.026,0.0762209188760799
702.347,0.20099349199852962
702.667,0.021093413274052508
702.987,0.17626142874398343
703.307,0.07681636041751816
703.627,0.5159141082290959
703.947,0.1995883977440723
704.267,0.020522188489039306
704.587,0.42558850013123967
704.906,0.19194780664890754
705.226,0.2731124676304704
705.546,0.21714748912223808
705.865,0.3283498240543894
706.185,-0.24844868248917934
706.505,0.40662627825140263
706.824,0.23787448273488046
707.143,0.16957455454774845
707.463,0.22137255563996516
707.782,0.49471013486370863
708.101,-0.07801401532113218
708.421,-0.08614005363895402
708.74,0.4827490479825827
709.059,-0.044867619982099816
709.378,0.4838629256057114
709.697,0.18343677085798135
710.016,0.5532520289471923
710.335,0.435287642240358
710.654,0.24599432436356142
710.973,0.4772644100452347
711.291,-0.09657799370644138
711.61,0.3800064619911844
711.929,-0.23837717916636758
712.247,0.24215819689607823
712.566,-0.05239755801853161
712.884,-0.10532939873786731
713.203,0.4855430406279408
713.521,0.11808337177220368
713.84,0.40204591693131053
714.158,0.12039975132406715
714.476,0.23140708741120317
714.794,0.28881844442910837
715.112,0.658212820680105
715.431,0.40184505094763
715.749,0.20165486058206464
716.067,0.4542156338286158
716.384,0.18806737512088023
716.702,0.2664009650866924
717.02,0.29391282556816084
717.338,0.049842193961424176
717.656,0.38724096055467677
717.973,-0.09892152658956678
718.291,-0.06085562983794486
718.608,0.37359785148046876
718.926,0.3788189560883053
719.243,0.21994356026644354
719.561,0.4606785783704449
719.878,0.23358945128711592
720.195,-0.035652994637631955
720.513,-0.21424711703164595
720.83,0.0991772168981134
721.147,0.9136089825831248
721.464,-0.8973573752008476
721.781,-0.15656483971378624
722.098,-0.07175853413519279
722.415,-0.035270943227508275
722.732,0.2549990571916678
723.049,0.5228771468595496
723.366,-0.10166240856610648
723.682,0.18944429402366592
723.999,0.04341808103664681
724.316,-0.15465915617978127
724.632,0.6963850729604704
724.949,1.1433544436003489
725.265,0.3642642226581315
725.582,0.42767752690673233
725.898,0.17885563044735303
726.214,-0.01746326298835421
726.53,0.5384154552022219
726.847,-0.06511620446099123
727.163,0.0400227845971106
727.479,0.4760656863418609
727.795,-0.3171437716047791
728.111,0.35169379442639326
728.427,0.5132166912998561
728.743,0.21832541082423118
729.059,0.3843896804754838
729.374,-0.07759949497870618
729.69,-0.1652957376781275
730.006,0.1180115379078865
730.321,-0.2466290441589445
730.637,0.462196404953151
730.952,0.023898958006875484
731.268,0.03273500275297282
731.583,0.3882129064071868
731.899,0.5818620061252868
732.214,0.7007019272534499
732.529,-0.03973048347069383
732.844,0.010950497054889936
733.16,0.03863702133419712
733.475,-0.2930043547232697
733.79,-0.16279368695593344
734.105,0.027856463439902186
734.42,0.6754871054094913
734.735,0.1748199620312041
735.049,0.16623961346893593
735.364,0.10333090224150338
735.679,0.028374229827112137
735.994,-0.4586867441666144
736.308,0.250112139442811
736.623,-0.029477325762868215
736.937,0.2694275305368747
737.252,1.2239196554338088
737.566,0.49145930420641026
737.881,0.2737649543125701
738.195,0.19186917459452602
738.509,0.23728574215031076
738.823,-0.23884358729189242
739.137,0.5726607722430923
739.452,0.3843572724040567
739.766,-0.24726803379876436
740.08,0.9598641173636365
740.394,0.46755083776137607
740.707,0.06572231027029748
741.021,-0.36473513990616674
741.335,0.9836315234668864
741.649,1.0492166590629952
741.962,0.08769393137354235
742.276,-0.09901934410499298
742.59,0.2521626022295062
742.903,0.56686342619951
743.217,-0.4505914336863613
743.53,0.07091628534407471
743.843,0.397116678366238
744.157,0.34060386435256207
744.47,0.756654732628294
744.783,0.5778782070584446
745.096,0.26532688932954973
745.409,0.034754962767046406
745.722,-0.5033142474225295
746.035,-0.01160639711229979
746.348,0.06506991864171076
746.661,-0.7150661331095124
746.974,0.23702472167154756
747.287,0.2569531872396322
747.6,0.652143472548371
747.912,0.7993565399694449
748.225,0.21398142327752
748.537,0.24007001646698004
748.85,-0.08291797184187591
749.162,-0.0021943014961759164
749.475,0.05726662494754252
749.787,0.12424830674650894
750.099,-0.2196678093844582
750.412,1.1617536155087562
750.724,0.3778944438459109
751.036,0.8160856730197737
751.348,0.01388109397745629
751.66,0.41597990193120177
751.972,0.2582722130656984
752.284,0.2475903389754308
752.596,0.2522449842878483
752.908,-0.32635245112835154
753.219,0.618714507865101
753.531,0.14070184515645873
753.843,0.5904907869338941
754.154,-0.2522023700407147
754.466,0.69101226559341
754.778,0.5393155336979157
755.089,0.22020287361468813
755.4,-0.3124659303826106
755.712,1.174805269710034
756.023,0.30623927643224136
756.334,-0.4381986707632417
756.645,-0.1973926904606157
756.957,0.45496639089809837
757.268,0.05039775609206117
757.579,0.25516745470412344
757.89,-0.11024388959422861
758.201,0.14122810379116035
758.511,-0.7052932053039205
758.822,0.05032488314013471
759.133,0.1857953746774037
759.444,0.44559589420923845
759.754,0.37350229523656747
760.065,-0.25553237953922453
760.375,-0.20066947733769105
760.686,0.01802679546289809
760.996,0.8873388896063357
761.307,0.6827919878698455
761.617,-0.6656081121211513
761.927,0.5065100254673615
762.238,0.22195765777512275
762.548,-0.6435684864666389
762.858,0.28133948634347244
763.168,0.2398092899508386
763.478,0.11702377481533839
763.788,0.30525794492388086
764.098,0.17590145994754378
764.408,0.5109788677949046
764.718,-0.47578144868984557
765.027,-0.8752366898076177
765.337,0.5128679643502329
765.647,0.8658877510730455
765.956,0.9043047770183948
766.266,-0.053508656765868065
766.575,-0.23914778362253392
766.885,0.6126686525138478
767.194,-0.5457642529167283
767.503,-0.23767376063317946
767.813,0.3597437724857566
768.122,-0.2597280675449452
768.431,0.3039909458016149
768.74,1.139942242196763
769.049,0.4037055532107357
769.358,0.29937513970505036
769.667,-0.5887315899956231
769.976,0.6433017482626904
770.285,-0.6152747700413003
770.594,-0.3438263061189006
770.902,-0.9386000797819656
771.211,0.27685119904002503
771.52,0.5365532660078685
771.828,0.4828880427215335
772.137,0.6514516840706039
772.445,0.25458507397325436
772.754,0.6956538749314037
773.062,0.19561849682992613
773.37,0.826615603520806
773.678,0.08317487617958534
773.987,-0.20997080931181777
774.295,0.2604269115440529
774.603,-0.14304939482908868
774.911,0.5554218326254532
775.219,0.7508470274630701
775.527,0.023812119201830254
775.835,-0.45022228883067783
776.142,-0.6647809978325552
776.45,0.23600403523698232
776.758,0.3947999518247383
777.066,0.4857129074829132
777.373,0.15688263921280377
777.681,-0.25989111609278126
777.988,1.1414150658212416
778.296,-0.26040317768887605
778.603,-0.17147157561674697
778.91,0.8520566912220356
779.218,0.8045885900631856
779.525,0.041261547523800644
779.832,-0.21385030716902745
780.139,0.12894445488977407
780.446,0.2651860782284774
780.753,0.8467465327088428
781.06,0.8283354847714846
781.367,-0.442481613870585
781.674,0.5573381419230086
781.981,0.37193807219205094
782.288,0.2699550521957374
782.594,0.5843911624426557
782.901,1.283738016025381
783.207,0.44858506720788077
783.514,-0.4812564076364665
783.82,0.44090510681249256
784.127,0.662410288905023
784.433,0.6263773033206905
784.74,0.35809973795225836
785.046,-0.5159393879960311
785.352,0.08496917728316744
785.658,0.12815002519245244
785.964,0.31728135465797735
786.27,-1.3978267571477105
786.576,0.40717774136076257
786.882,0.20990665072096285
787.188,-0.4411361587221759
787.494,-0.6405754305932769
787.8,0.24326002715930944
788.105,0.7301990977831135
788.411,-1.092417923400166
788.717,0.3334406515452575
789.022,1.0636875443494378
789.328,-0.5251586368517457
789.633,0.21327686535007748
789.939,-0.7084078310922193
790.244,0.33841306594904297
790.549,1.277624620718446
790.855,-0.8618918771330842
791.16,-0.20786064823698447
791.465,0.821605639882166
791.77,-0.7986067901462003
792.075,-1.1883841553747776
792.38,0.8168125316372115
792.685,0.5764091385858475
792.99,-0.2468162638328903
793.294,0.3026772874953845
793.599,1.243983819125904
793.904,0.737937846461177
794.209,-0.08998754596867854
794.513,-0.37548638947577817
794.818,0.6484831980608924
795.122,0.6773303037088956
795.427,0.4176880024439615
795.731,-0.6079744832046601
796.035,-0.09310641023620668
796.339,0.3934000577648066
796.644,1.605274531260609
796.948,0.8348104459532866
797.252,0.35019688923227177
797.556,-0.40155355046008673
797.86,-1.1339929718543735
798.164,1.031893971573235
798.468,1.2002311619603072
798.772,0.7604546897509382
799.075,-0.16158717621639784
799.379,-0.5965347210571372
799.683,-0.7577479906521397
799.986,-0.5624128638259899
800.29,2.1864452020752214
800.593,-0.22738251387927294
800.897,-0.013375293408026206
801.2,0.34072565740386623
801.504,0.7924314932742813
801.807,0.9834679397249105
802.11,0.160428044560756
802.413,1.0826392735566492
802.716,-0.10358202239882752
803.019,0.14599544677883294
803.322,0.07948081669041233
803.625,-0.8359801026191966
803.928,1.372820934600353
804.231,-0.1059608947921723
804.534,0.9400380993420488
804.837,0.7371403618074849
805.139,0.5137914097918487
805.442,-0.27575054040680397
805.745,-0.4048065633638179
806.047,-0.38215429117583916
806.35,0.9143042767945263
806.652,1.7404382738561972
806.954,-0.5078053250866383
807.257,-1.256510392288637
807.559,-0.5658687794208836
807.861,1.2248643926904592
808.163,0.0460427565386288
808.465,-0.6893703090480804
808.767,0.2653646124475101
809.069,0.4034095633242484
809.371,2.0422609949597
809.673,-0.8823608421412906
809.975,0.4711874967594275
810.277,-0.3968506405439827
810.578,0.7676201896692423
810.88,0.25195927159462367
811.182,-0.03699187709505989
811.483,-0.669367321335841
811.785,1.2810689643133624
812.086,0.25715505322855137
812.387,0.4399606452605923
812.689,-0.577001083716566
812.99,2.167602469303007
813.291,0.7459377125853965
813.592,-0.3210817560898076
813.893,0.3369777696541728
814.195,0.5679465234035401
814.496,-1.7220741257288164
814.796,1.5085955126202335
815.097,0.5736448099559222
815.398,1.5778815104362884
815.699,-0.4711827890665845
816,-0.3584227548680877
816.3,0.9926808522227427
816.601,2.0754385966692652
816.901,0.06541120761410028
817.202,2.2323237456119425
817.502,0.27830607191116524
817.803,-1.3231700228527443
818.103,0.778900242283278
818.403,0.03854694270021867
818.704,1.6943882662926093
819.004,1.6685939702021768
819.304,-0.09476757246794934
819.604,1.4088369497324986
819.904,0.5778827395041207
820.204,-1.0824264925342792
820.504,1.8990651762205337
820.804,-0.01808169556433758
821.104,0.8396156255642938
821.403,0.6586063464349693
821.703,-1.5555766837117244
822.003,-2.3317821529295157
822.302,0.7659815525345155
822.602,-1.1900145217800562
822.901,1.6349301875766815
823.201,0.37934244346850265
823.5,0.16560350539833013
823.799,0.6851615259375011
824.098,0.7791825965725668
824.398,1.8911918051449201
824.697,0.9112055264005217
824.996,1.5142355288155995
825.295,2.613858496740349
825.594,1.3321262208921028
825.893,0.9710540898809671
826.192,1.1278670526592156
826.49,-0.0909226264345626
826.789,2.114803497594558
827.088,0.7233665605791701
827.386,-2.759955576847289
827.685,-1.9968878723447472
827.983,1.3630555775842106
828.282,0.599910285071635
828.58,1.846768015339081
828.879,0.7936096155533833
829.177,1.0632714133518804
829.475,-0.058440511164703265
829.773,1.344566933984692
830.072,0.6808637946692121
830.37,-1.265204096301064
830.668,-1.5011246871882926
830.966,1.2730648096889126
831.264,0.6047661792208925
831.562,-0.7471555174952641
831.859,2.607381515186388
832.157,1.056315100101214
832.455,-0.9218448531820632
832.752,1.5405121232708903
833.05,-1.4060412743285458
833.348,0.4244081259129056
833.645,2.67351133346851
833.942,1.1617810590643591
834.24,0.5323391539403896
834.537,-0.9610608739633026
834.834,-0.9937935610789722
835.132,-1.7656496043977365
835.429,0.7616558510088458
835.726,1.7574714354483738
836.023,-2.0963868860117865
836.32,-0.08643838983470453
836.617,0.19833240680630812
836.914,0.5735321682766926
837.21,-1.8341486078743356
837.507,1.685908605156861
837.804,2.1263754367527485
838.101,-0.47573874910409
838.397,1.6981863631716356
838.694,-0.002524380461551493
838.99,-0.6724067375555091
839.287,2.8615343487394176
839.583,1.065457619003207
839.879,1.9985476461188594
840.176,-2.648301828026811
840.472,2.14077437146142
840.768,-0.14905087652464544
841.064,-0.31576903632982917
841.36,-0.1782687668159102
841.656,2.3629966510461644
841.952,1.553479957351667
842.248,1.747155202276774
842.544,1.8658396021549106
842.839,3.0665467683196113
843.135,-0.5194485249187021
843.431,3.247591371275093
843.726,2.2072323727054846
844.022,0.7252573967692522
844.317,0.7555841385443169
844.613,1.344008251484114
844.908,1.1964889501526392
845.204,-0.23369853948538788
845.499,-0.6964312691217193
845.794,1.1920911244940375
846.089,-0.7271896085651491
846.384,0.044460450503590224
846.679,-0.46664792539132666
846.974,1.2146926804578966
847.269,1.1087482412063798
847.564,0.36652372923280707
847.859,1.700400334031574
848.154,0.815328948991885
848.448,1.0151203449570176
848.743,0.8571643848578073
849.038,1.0209781537280918
849.332,-2.753251409408798
849.627,1.1651758314846345
849.921,0.6496095731868342
850.215,0.8297753744978438
850.51,1.376941149726719
850.804,0.1999853367087767
851.098,0.470285803769279
851.392,0.9333702201074127
851.686,0.5425032312412488
851.981,0.1266786407325394
852.275,-0.37814782709519185
852.568,-0.895805570879454
852.862,0.9265702460726521
853.156,0.6853638872332861
853.45,1.2119785532171417
853.744,-3.2579296853273263
854.037,2.211886474604827
854.331,2.1493567640005655
854.624,1.1479804044103672
854.918,-7.028991413723235e-05
855.211,0.09658280662322791
855.505,0.9603073334222388
855.798,1.7672441568085813
856.091,1.6894890140630487
856.384,-1.017092446173296
856.678,-0.2452150830284855
856.971,-0.9306516337319725
857.264,-1.7647649131634309
857.557,2.0602531323270954
857.85,1.1427890235349174
858.143,0.39685388521183274
858.435,-0.38168797358838935
858.728,-1.1212696495162386
859.021,0.7131361740986053
859.313,0.7197560274971204
859.606,-0.6037220446521139
859.899,1.270378958213313
860.191,-0.6641954455663502
860.483,-0.7978085405239405
860.776,2.818996967419966
861.068,0.44643814443078
861.36,0.507296108722838
861.653,-1.078654418640298
861.945,1.6071554163154673
862.237,-0.8846050697739369
862.529,0.18241684524227664
862.821,0.7454446264136148
863.113,-0.7782990993009369
863.405,-3.1640013615932756
863.696,0.05492014760409078
863.988,0.13447904424447843
864.28,1.8379158227013637
864.572,-1.0056819220290423
864.863,4.107404497843423
865.155,2.1801785824512083
865.446,-0.45874793412100345
865.738,-1.129704960834028
866.029,1.9321424495083894
866.32,-0.4513530585362894
866.611,1.9687705458369957
866.903,0.27736020833636044
867.194,2.853391202580163
867.485,2.1094386950170985
867.776,4.182570968359709
868.067,-0.5222986349059462
868.358,-2.074436211900631
868.649,1.01897409510078
868.939,2.9175321510601617
869.23,1.6727475060773862
869.521,-2.0945257270916096
869.811,1.7472291347421598
870.102,-2.0156471642556384
870.393,0.17177726258409703
870.683,1.0960947193943922
870.973,1.3202564902002623
871.264,4.350101617433337
871.554,2.2629843285476254
871.844,1.2494197038235284
872.135,2.3908618558170716
872.425,-1.4345970962207106
872.715,-4.1041116906497095
873.005,2.689426839770858
873.295,-0.8974019565764618
873.585,0.14364887017466188
873.874,-0.054924801817207936
874.164,6.837722645242365
874.454,1.7555060746856013
874.744,3.5276475928272264
875.033,-4.358813786761496
875.323,-1.0947982435556571
875.612,2.1523265844195603
875.902,-0.024531806799492725
876.191,2.605260600435782
876.48,-3.2117176788967843
876.77,2.181117626622342
877.059,1.7385389769484016
877.348,-4.865458397570521
877.637,6.258307374148036
877.926,1.8151323882828736
878.215,-4.728817980298557
878.504,2.1319792640543977
878.793,0.6470345018426027
879.082,6.874509914311384
879.371,-0.6636757990695281
879.659,4.365094650237912
879.948,2.9524052714160405
880.237,3.3353796458886533
880.525,-5.828101830031336
880.814,3.863890110121791
881.102,-6.90334450475884
881.391,-0.26674617370344145
881.679,-30.109747177063937
881.967,14.807069115472475
882.255,6.2431928810124715
882.544,-3.888314789743012
882.832,-1.1952944808448391
883.12,-0.144601632805962
883.408,7.110726250703162
883.696,5.9937312158221445
883.983,-0.02325055203416812
884.271,3.1673038999999474
