153.834,0.0
154.224,-0.06947913300080455
154.614,-21.308303687989905
155.005,5.509160727381093
155.395,-0.4882128719374207
155.785,-0.829946695941636
156.176,-12.129799782514594
156.566,0.0
156.956,3.7083954797836576
157.346,0.0
157.736,-0.8140847180841536
158.126,-1.3992203169207178
158.516,-0.056115111953633945
158.906,3.9935628654723674
159.296,-2.220200069213963
159.686,-4.228877809528348
160.075,1.5150634616113703
160.465,-2.5388361805757103
160.855,1.4480508754753456
161.245,1.680893579529445
161.634,-7.780760298044914
162.024,4.042124762632758
162.414,0.0
162.803,-0.06173067049160119
163.193,2.966807516700882
163.582,0.5120052218690446
163.971,0.0
164.361,2.122092272090161
164.75,8.69655970307333
165.139,-2.334453751150931
165.529,-2.4352569704796947
165.918,-5.526525136147805
166.307,0.0
166.696,-2.8525085633395393
167.085,10.432874044138492
167.474,-6.3307052484701565
167.863,10.344940436019725
168.252,-5.71186466882516
168.641,7.535046607203194
169.03,0.0
169.419,0.27470105694163205
169.808,-2.2854720784789198
170.197,5.090274558232841
170.585,1.2942966130050129
170.974,7.0376958582852565
171.363,7.535728188652285
171.751,13.52737380236579
172.14,-1.6604027730837443
172.529,-0.08621859979981138
172.917,-6.796572345094888
173.306,1.3078050071206067
173.694,0.7531561325216126
174.082,0.0
174.471,-9.63212034216566
174.859,0.0
175.247,2.974193137384849
175.635,-0.849820275395943
176.024,-18.356399999206033
176.412,4.9554373809716665
176.8,-4.557553285989151
177.188,-8.937769715305706
177.576,-7.753588824077519
177.964,0.0
178.352,0.0
178.74,2.4411053192660064
179.128,1.2198707733340541
179.515,7.405445090925593
179.903,-0.12437198197461696
180.291,-3.5500921788419473
180.679,3.3713622729165365
181.066,-12.611416038950386
181.454,0.0
181.842,0.0
182.229,6.384022544041733
182.617,9.859010689894681
183.004,7.48655922416696
183.391,0.4400055498244719
183.779,7.759023244680513
184.166,3.869992646908202
184.554,-4.138933940256924
184.941,14.115122089858387
185.328,-0.5420709792068423
185.715,7.761976985294193
186.102,-4.9932633738861245
186.489,-11.096459452636442
186.876,0.0
187.263,-1.884833799799184
187.65,-21.681905848609798
188.037,4.326282798552176
188.424,-1.5499618539088102
188.811,24.598465094148917
189.198,18.72226855615959
189.585,27.06557307005358
189.971,15.210804552297715
190.358,15.035370379640066
190.745,24.364475962743267
191.131,20.678382065863538
191.518,27.76203755443027
191.905,23.17641279170695
192.291,23.3110248901033
192.677,27.547759045926156
193.064,23.54392649307788
193.45,15.173711523726835
193.837,13.081026874931988
194.223,22.22839596660619
194.609,23.842282206958494
194.995,15.194488002887468
195.381,24.586999780329556
195.768,22.608492845582976
196.154,23.010019617833336
196.54,10.541378310292883
196.926,13.586574850709937
197.312,26.66680019147683
197.698,17.01853115726826
198.084,5.177791043933576
198.469,17.40559115408438
198.855,25.53625166766134
199.241,17.559159970803215
199.627,16.161006029045055
200.012,17.28863675760841
200.398,17.306890792102777
200.784,18.80821401545027
201.169,21.634033346718354
201.555,19.163101425755634
201.94,20.666400765631302
202.326,13.927009953336444
202.711,26.97360485054707
203.096,19.207159332844135
203.482,21.916293070887548
203.867,14.477875940133073
204.252,15.759940104852411
204.637,13.414695971836327
205.023,10.576759360739606
205.408,18.233318564054127
205.793,19.63341077252094
206.178,21.781618545564104
206.563,9.879970577013127
206.948,28.472859633804063
207.333,19.058545184429363
207.718,21.413792971228577
208.102,13.931222264687905
208.487,19.96586144805734
208.872,20.823567287201808
209.257,15.223033125375293
209.641,24.04975075059295
210.026,20.493235524128266
210.41,16.187522408622716
210.795,15.942462120466988
211.18,23.129712054201562
211.564,13.58132838337381
211.948,16.409289415518113
212.333,21.590230947247843
212.717,19.82233410158978
213.101,22.6163395170708
213.486,24.148832224800426
213.87,16.699641964833887
214.254,16.49462324546241
214.638,17.36811890711429
215.022,25.64058119579396
215.406,21.284944002824997
215.79,15.758132227286065
216.174,13.072852050281313
216.558,16.290624546084622
216.942,19.66507985507607
217.326,17.7263041426685
217.71,18.256845423920165
218.094,26.179805868137443
218.477,17.652785310437306
218.861,17.60266717646181
219.245,18.392846645295133
219.628,25.68702825331674
220.012,26.11919265484616
220.395,14.639239014161449
220.779,20.579823723783594
221.162,21.661284716702664
221.546,17.232358775970223
221.929,16.50141560614869
222.312,18.27941519080316
222.696,17.337511790260994
223.079,20.982811282390095
223.462,18.822367271512032
223.845,13.945153547880544
224.228,22.63109154416971
224.611,12.001007992339769
224.994,22.587443247071725
225.377,16.51891382628124
225.76,27.427779679364917
226.143,24.373856308515695
226.526,17.9581149474846
226.909,25.89215469787835
227.292,16.622272165161764
227.675,21.742235956470676
228.057,15.206435929032605
228.44,19.446553295844097
228.822,20.29105734696065
229.205,14.385389340209585
229.588,20.207836115132114
229.97,9.29583386347667
230.353,24.107922588818987
230.735,23.387752672558126
231.117,16.34510919647244
231.5,13.161545034474216
231.882,20.283996396504065
232.264,18.263758530399617
232.646,15.857579430862886
233.029,25.538170145728685
233.411,10.478116771405512
233.793,19.14136922594133
234.175,16.872764984737312
234.557,14.434146073759058
234.939,22.06422345374402
235.321,21.332356857476885
235.703,19.34010374788259
236.084,20.012836169946638
236.466,18.033202983519168
236.848,17.168493494409507
237.23,22.155157431543277
237.611,13.6607825921657
237.993,17.332842431028507
238.375,23.30112335841764
238.756,17.615926362628045
239.138,19.03749353817025
239.519,15.246654211834947
239.901,29.310213280536434
240.282,14.603675383453854
240.663,24.155348607755784
241.045,18.94852003553656
241.426,23.393548046660754
241.807,13.123391867628836
242.188,22.066210680316438
242.569,22.695527471956215
242.95,22.977494951871883
243.332,10.71357265813868
243.713,14.962574826690263
244.093,16.413006250838542
244.474,19.535122899452823
244.855,9.924777866495365
245.236,25.25026537215102
245.617,26.041672299742224
245.998,17.900811648792065
246.378,18.886572848787534
246.759,21.85016520034362
247.14,22.70394790054873
247.52,18.504273801276007
247.901,17.15874227174746
248.281,22.72636304832971
248.662,25.050527277820162
249.042,19.974813755028897
249.423,25.92391743801248
249.803,15.333321148676504
250.183,23.344195696532374
250.564,17.799692443006776
250.944,20.90789075293537
251.324,23.911061429385644
251.704,19.879953753345724
252.084,14.709095893518086
252.464,24.03330908759263
252.844,15.86695482034974
253.224,23.20801085584194
253.604,20.166399462991656
253.984,22.621248632128417
254.364,16.727015921781565
254.744,23.999920733351427
255.124,21.54068530237827
255.503,17.248762902132977
255.883,21.179692832306113
256.263,26.2302064226604
256.642,20.253502316590758
257.022,19.9265747146928
257.401,17.983591978317794
257.781,13.280843585912523
258.16,21.63883920389863
258.539,19.602969214748043
258.919,12.789489080418873
259.298,16.93818342555994
259.677,17.44789337831938
260.057,18.887396118364762
260.436,25.205433995342453
260.815,17.5443088832046
261.194,13.30385375162327
261.573,31.122604220042138
261.952,16.427767177567688
262.331,20.412295930601278
262.71,14.540032596377657
263.089,18.40457409621372
263.468,19.488251710919364
263.847,19.646303215312255
264.225,17.997497448700372
264.604,21.81080506017925
264.983,12.654895059804698
265.361,25.975699227373468
265.74,18.105597722870968
266.118,15.004723039925052
266.497,25.994473253017606
266.875,20.91131342346513
267.254,14.527093665477
267.632,19.7239499959616
268.011,12.475271294748657
268.389,25.67344779506761
268.767,15.766669261139935
269.145,19.52466175764545
269.524,21.614910407343295
269.902,16.912325770824975
270.28,11.35640344140267
270.658,18.688387867188283
271.036,22.140356964803242
271.414,20.71211443697129
271.792,23.016786925904242
272.17,16.74628555738203
272.547,25.81173294699345
272.925,22.577632867187283
273.303,13.339532585958331
273.681,16.445584728815767
274.058,22.409669927775102
274.436,23.29992964885255
274.814,22.09884106743167
275.191,13.230175891525441
275.569,25.778371309613636
275.946,16.534016134576188
276.323,24.978314097482947
276.701,20.72844904976319
277.078,11.520041032233582
277.455,12.95333723872189
277.833,20.769510363850348
278.21,21.37905598398284
278.587,21.564149326061234
278.964,15.011906303383032
279.341,10.285470527522111
279.718,19.81836426226349
280.095,21.87538142116576
280.472,21.446342412602657
280.849,23.263578109712068
281.226,25.882804413230023
281.603,21.683245426724355
281.98,18.946593094807863
282.356,16.557355694735936
282.733,18.85597895658839
283.11,19.691936360628283
283.486,29.187498129710175
283.863,16.624504628421178
284.239,25.16808130100167
284.616,14.057272057419981
284.992,15.390637003482743
285.369,20.78076151823208
285.745,16.31866438202725
286.121,18.36236516221706
286.498,15.716033715673044
286.874,12.554804142950207
287.25,21.44469082411805
287.626,7.731690913696833
288.002,27.91684785103698
288.379,25.050722196545152
288.755,24.316329375450046
289.131,25.93329024958799
289.506,16.305248801546984
289.882,22.52040368943776
290.258,26.274344535181896
290.634,18.214850660256836
291.01,18.899372044369695
291.385,23.627530576976227
291.761,19.139262836208054
292.137,22.6917848528378
292.512,17.289041566040495
292.888,31.870555474463707
293.263,26.361478763286385
293.639,15.337192745611937
294.014,23.363979227088937
294.39,18.69503586991174
294.765,20.359080564356912
295.14,25.095786933939856
295.516,20.89059975228398
295.891,16.682499477128427
296.266,13.982783804395188
296.641,24.359368015116324
297.016,26.624533274301058
297.391,18.14593085723246
297.766,18.766925785376714
298.141,18.657992160426986
298.516,14.454465125599125
298.891,17.14247074046088
299.266,24.524350006443097
299.641,13.040987065730135
300.015,24.084234681825034
300.39,22.54238674167583
300.765,22.849736032943525
301.139,13.87432881903814
301.514,21.809277797668397
301.889,21.484589231354153
302.263,19.75104025993107
302.637,16.168385279089456
303.012,17.013055571247836
303.386,18.46095559389304
303.761,17.071141870981723
304.135,16.78388324430785
304.509,14.507662168516829
304.883,30.187424809647133
305.257,18.366905898002628
305.632,22.12262294625251
306.006,21.680119063017653
306.38,15.003519295381208
306.754,21.114094469145037
307.128,23.372315992608897
307.501,20.150181393539825
307.875,14.227271063155072
308.249,23.409783265827595
308.623,21.746455994371562
308.997,17.892035260840277
309.37,14.560685197538566
309.744,15.454228947195192
310.117,20.195793993121633
310.491,17.844485091088313
310.865,20.506172351509704
311.238,11.295311239665772
311.611,18.493568807309497
311.985,25.592874473827802
312.358,22.488152065556772
312.731,22.472990282820867
313.105,24.958039160268886
313.478,18.588846616436143
313.851,21.811709345847973
314.224,17.8047501568669
314.597,27.186100108449125
314.97,21.836667478216686
315.343,18.716887767675562
315.716,24.989446141637657
316.089,15.954338801558084
316.462,22.696599547944093
316.835,24.160864287005708
317.208,17.559740624183068
317.58,27.95582698878645
317.953,23.994446917956882
318.326,19.637175096137767
318.698,30.081465883686363
319.071,25.007637163555163
319.443,22.970039722754976
319.816,8.362177596935965
320.188,21.730685527347866
320.561,18.249214858984853
320.933,20.383417305564322
321.305,25.20329213468409
321.678,27.26913053821484
322.05,19.742095130500417
322.422,25.739069058953756
322.794,22.200767576715023
323.166,16.379667204812055
323.538,21.69992315726407
323.91,20.007667166269716
324.282,10.825330259395464
324.654,20.106224257128435
325.026,29.571850387228288
325.398,9.89437092014353
325.77,8.208295275090384
326.141,25.682660729063628
326.513,17.859465929374508
326.885,18.59171080455245
327.256,25.54043296659391
327.628,26.88350429040493
327.999,25.785721277209817
328.371,21.038955696846855
328.742,22.030391022206263
329.114,16.999565816792327
329.485,27.317976407865622
329.856,14.383858998596649
330.228,25.237889835902358
330.599,17.572015854041055
330.97,20.694095719869512
331.341,25.27319826976507
331.712,25.778895732913515
332.083,18.39956523421888
332.454,21.006597375817684
332.825,21.192196171403946
333.196,30.087957765652256
333.567,20.786537484933476
333.938,16.175443995091022
334.309,23.94920382267255
334.679,22.96513534925994
335.05,15.498812149251307
335.421,22.939232142876286
335.791,22.69035950391181
336.162,15.75285344897156
336.533,15.094352248575404
336.903,18.49981469715143
337.273,18.8654737622718
337.644,21.839713110737282
338.014,26.323871964455098
338.385,28.045582333114076
338.755,26.051598710139604
339.125,18.939368843418723
339.495,21.4388039368317
339.865,16.043994754148105
340.235,21.36291852858722
340.606,24.343224449981793
340.976,18.46683526515245
341.345,19.387154110997432
341.715,20.91605191142118
342.085,22.515260171348007
342.455,24.620464863274403
342.825,18.2815906328618
343.195,19.446501878687968
343.564,24.594159026056587
343.934,21.5368705072785
344.304,25.649885779340806
344.673,21.500592026009837
345.043,25.125266039771045
345.412,20.56274366067983
345.782,15.371661786076698
346.151,15.615829177948507
346.52,24.741624480938086
346.89,23.790094505199843
347.259,23.67890045450183
347.628,24.415473550215353
347.997,26.51971239492927
348.367,19.44832288363515
348.736,22.103330831075997
349.105,27.306345889417585
349.474,18.661003274995682
349.843,27.891742899265942
350.212,11.190814227320978
350.58,17.775678827516888
350.949,26.211224138879
351.318,21.531151556828526
351.687,23.896870144755905
352.056,20.4726647529008
352.424,16.129598761065274
352.793,21.61398826971081
353.161,24.292841694955392
353.53,29.206919930593735
353.898,25.29234486975881
354.267,20.627899322107375
354.635,12.916383659656185
355.004,27.031226248161335
355.372,20.649447984010163
355.74,24.725361537499886
356.108,15.402052035469724
356.477,28.00604413952503
356.845,28.035392899006712
357.213,27.028521032115304
357.581,27.475933157670458
357.949,28.18660171554924
358.317,22.40080942383258
358.685,25.227988412246276
359.053,21.594883382308833
359.42,12.219203467713328
359.788,24.52951716807738
360.156,19.012525760682575
360.524,21.44838162955693
360.891,19.90118942029054
361.259,15.266022463729916
361.626,22.981550158429563
361.994,19.0833226053351
362.361,30.954041546245
362.729,13.747898907455632
363.096,15.744102018035347
363.464,18.064409755179344
363.831,17.62949851236186
364.198,15.71614336196208
364.565,25.466408686522385
364.932,21.338647919917705
365.3,24.947063680208583
365.667,21.738355598409285
366.034,24.458059508983787
366.401,17.56014645177055
366.768,26.970299445850575
367.134,19.818620055906358
367.501,30.56895994617824
367.868,11.616861666108603
368.235,14.83322373413729
368.602,28.803303767725904
368.968,22.988151344659894
369.335,27.179524445652575
369.702,23.36510389122266
370.068,28.752067493991774
370.435,20.902669479111356
370.801,23.211801770091096
371.167,19.74067349205467
371.534,17.602866070779644
371.9,30.368690985951048
372.266,18.889842132268587
372.633,24.653481957045262
372.999,29.22325300784475
373.365,21.196875473991504
373.731,24.326063410319065
374.097,22.212769753255202
374.463,23.155216269829964
374.829,20.709412106196876
375.195,21.004399759295367
375.561,30.945908534716313
375.927,22.04457742393177
376.293,21.770793749655486
376.658,17.126465094528402
377.024,21.384218965698665
377.39,21.963406395165578
377.755,23.652148160478042
378.121,27.939197598582133
378.487,22.66903930945868
378.852,15.91783582162978
379.217,26.84719733378304
379.583,24.08020332168142
379.948,17.79504518747186
380.314,19.091621366537048
380.679,22.834823874429958
381.044,17.118134214238495
381.409,17.315946866535402
381.774,31.006071649417684
382.139,25.361056033912675
382.504,24.51877863078731
382.869,23.156182167405177
383.234,24.689745501732965
383.599,23.70100655967934
383.964,16.107529742740468
384.329,21.29600779355916
384.694,16.987430620981417
385.058,28.48647795957975
385.423,15.476973150275132
385.788,23.405700341561424
386.152,26.485808328309965
386.517,20.991617225245157
386.881,19.281434351746793
387.246,27.502139438974453
387.61,27.80791304329569
387.975,13.698646195322494
388.339,25.141332348163775
388.703,23.859098778510727
389.068,18.253092287463257
389.432,34.21896533515383
389.796,17.713269720287467
390.16,22.76652535077729
390.524,15.148342414672673
390.888,15.122560460125634
391.252,23.575598146153943
391.616,25.458611742479803
391.98,25.170859600795513
392.344,21.092010771941162
392.708,26.95867270683213
393.071,26.20674156216017
393.435,19.091552184068632
393.799,26.571056847974045
394.162,30.888639774181385
394.526,24.25732401737669
394.889,25.935131994110908
395.253,23.249824490967228
395.616,29.02488431157189
395.98,31.209856094488227
396.343,34.10758043213244
396.706,19.68458286380419
397.07,21.710908292743266
397.433,21.65453301345049
397.796,25.3338194646782
398.159,30.6608324805173
398.522,25.83118036695574
398.885,29.635820261221006
399.248,33.689587649019785
399.611,21.417003075606843
399.974,27.86346565186308
400.337,25.927150143951728
400.7,29.546886883072723
401.063,20.672009651650317
401.425,24.50921404413231
401.788,28.48081355050831
402.151,19.02725346555355
402.513,22.55940173374251
402.876,24.968747183642634
403.238,21.22795068536515
403.601,19.237617656845217
403.963,24.625839812405346
404.325,25.019554782217412
404.688,31.268619619735006
405.05,21.001755220850423
405.412,25.57205410085365
405.774,22.9486275413081
406.137,21.38631483173714
406.499,23.78513070211733
406.861,16.951316369171135
407.223,22.45303016761192
407.585,22.526413287596025
407.947,25.742761309321626
408.308,24.697381942089056
408.67,26.41754511525419
409.032,23.692205592603123
409.394,35.445526069479506
409.756,24.82257407593115
410.117,24.460618211308287
410.479,26.136583994565594
410.84,24.771697499902697
411.202,18.556953335164597
411.563,25.70816975788837
411.925,24.145689797001552
412.286,27.902110915060558
412.647,21.64581659833144
413.009,34.69267181162772
413.37,27.49524063168461
413.731,25.63365591993313
414.092,24.664188667536777
414.453,32.080044195813905
414.814,30.89285629227359
415.175,29.29146857607049
415.536,31.878904826435754
415.897,32.18238005627245
416.258,34.81462492257377
416.619,31.296039492245637
416.98,33.12597917300806
417.341,29.853176127968656
417.701,31.812339038248393
418.062,32.31899659946047
418.423,34.96730206883037
418.783,35.262393192989876
419.144,34.01037366187047
419.504,34.49168250997398
419.865,34.170074416093826
420.225,34.76728978457476
420.585,33.56916287239874
420.946,32.06769354673136
421.306,32.75157906141102
421.666,34.140432893423
422.026,33.58443356087084
422.386,33.378203657421935
422.746,33.34461821074524
423.106,33.24239441025484
423.466,34.494153438859044
423.826,34.54608321541544
424.186,34.89652126696657
424.546,34.03116018525841
424.906,34.784794048243285
425.266,33.16254373259657
425.625,33.305841759672674
425.985,34.21814027598649
426.345,32.840541709203166
426.704,32.77443501567885
427.064,32.30330661951881
427.423,32.282843084534115
427.783,32.07032611433484
428.142,33.00056476141645
428.501,31.716883668073837
428.861,31.30303619208081
429.22,32.12235605617696
429.579,31.26686963011064
429.938,31.241493811063886
430.297,31.41004713256957
430.656,31.079450953754176
431.015,30.245209505720506
431.374,30.197811980689334
431.733,30.150607275464292
432.092,30.370582321969497
432.451,29.882983176614825
432.81,29.67804111842115
433.169,29.389449853197796
433.527,29.395382713103967
433.886,29.70297607241845
434.244,29.081321338740914
434.603,29.18444092602877
434.962,28.935068950835614
435.32,28.334497997953147
435.678,28.413389497094222
436.037,28.133220899766346
436.395,27.696025476590258
436.753,27.879931556966127
437.112,27.716169671556212
437.47,27.886348459349282
437.828,27.80811525475058
438.186,27.898409401029085
438.544,27.687143523695156
438.902,27.15685707902766
439.26,27.29161429899296
439.618,27.256978274409025
439.976,27.268134836410088
440.334,27.040705093793424
440.692,26.747573360454606
441.049,27.04627150798739
441.407,27.090985299606213
441.765,26.54028886536456
442.122,26.50415594856901
442.48,26.383422257021664
442.837,26.570806375669967
443.195,25.767388627211133
443.552,26.09025897343096
443.91,25.918793475426387
444.267,25.72931820434613
444.624,25.699047951472792
444.982,25.42147190801493
445.339,25.78534528423516
445.696,25.82053923085429
446.053,25.511384299073637
446.41,25.235389011730764
446.767,24.929908253573814
447.124,25.09962160430988
447.481,24.822197392439577
447.838,24.95725668583009
448.195,24.580666064612736
448.552,24.549800725995777
448.908,25.02249170143136
449.265,24.619987625550927
449.622,24.90980030212838
449.978,24.935566897486208
450.335,24.4409645661085
450.691,24.566269164377882
451.048,24.711527615306842
451.404,24.30705761666419
451.761,24.44926306487975
452.117,24.181517769186517
452.473,24.046531838012918
452.829,23.728839631790056
453.186,24.318517299459273
453.542,23.99363892103083
453.898,24.20142231502933
454.254,24.044326633167273
454.61,23.743473834270702
454.966,23.894060691223793
455.322,23.818056519813215
455.678,24.212372024044136
456.033,23.583693813605606
456.389,23.40454402198836
456.745,23.825165126282528
457.101,23.733802692012812
457.456,23.828052221403052
457.812,23.536388189351506
458.167,23.544241752014937
458.523,23.625532397250282
458.878,23.618245799349765
459.234,23.161237391006523
459.589,23.31649398104907
459.944,23.52018489175886
460.3,23.79208363347594
460.655,23.33152770205481
461.01,23.17813249087752
461.365,23.253953570349516
461.72,22.921885943261312
462.075,23.09698893903713
462.43,23.03380396726657
462.785,23.080022064930805
463.14,22.982998005018718
463.495,23.12100683064884
463.85,22.826767442192
464.205,22.551183902032943
464.559,22.742064315201095
464.914,22.546391549930917
465.269,22.503748582454502
465.623,22.476145630968837
465.978,22.679199931340303
466.332,22.64602558397373
466.687,22.881024903820208
467.041,22.197632779328035
467.395,22.614618455342303
467.75,22.493611098374064
468.104,22.34384240303837
468.458,22.25149146309294
468.812,22.23670378358897
469.166,21.971650188588363
469.52,22.451105521616356
469.874,22.236194697884397
470.228,22.294615651062507
470.582,22.13926350803128
470.936,22.151361806422646
471.29,22.228057837010116
471.644,22.389211970956044
471.998,22.017743037045822
472.351,22.251605667285816
472.705,22.277249653391163
473.058,21.92270475290344
473.412,21.89100104397646
473.766,21.91129491078217
474.119,21.88785804890248
474.472,22.02088797267036
474.826,21.830613425392233
475.179,22.050543826070044
475.532,21.97200523550595
475.886,21.77953577604906
476.239,22.082736539258974
476.592,21.70881172181814
476.945,21.643842499260845
477.298,21.531929848678274
477.651,21.592170525243652
478.004,21.326105929287213
478.357,21.367510213418875
478.71,21.206661535158908
479.063,21.051456781188456
479.415,21.285900986942455
479.768,21.58683047984429
480.121,21.08061657983876
480.473,21.105385417654595
480.826,21.375437562574685
481.179,21.182607527392374
481.531,21.00351786704679
481.883,20.918504578226464
482.236,21.11561772700376
482.588,21.20424445227767
482.94,21.466036510544583
483.293,20.68270373941731
483.645,20.52101935531922
483.997,20.901992724719115
484.349,20.867840241423394
484.701,21.027426179463973
485.053,20.86990005455746
485.405,20.727490779722114
485.757,20.686462917919506
486.109,20.408873571912107
486.461,20.672476824630877
486.813,20.747770863673416
487.164,20.71151898979215
487.516,20.485432857398397
487.868,20.358124788064767
488.219,20.50122998011734
488.571,20.63432977498015
488.922,20.634807475877565
489.274,20.439664608375555
489.625,20.14145256399861
489.977,20.120752342172146
490.328,19.96347610321115
490.679,20.359490079965365
491.03,20.038698818312152
491.382,20.05832081324745
491.733,20.17693917542909
492.084,19.86464647152649
492.435,19.52284975847089
492.786,19.853358245273924
493.137,19.823304926256206
493.488,19.61649215527063
493.839,19.493338326192692
494.189,19.47292016426955
494.54,19.380331749434404
494.891,19.78052225955779
495.242,19.29919626521112
495.592,19.5774626591003
495.943,19.343873094088032
496.293,19.4280975332262
496.644,19.635519948433554
496.994,19.061669318653003
497.345,19.1595617467792
497.695,18.81939306160645
498.045,19.308581290541465
498.395,18.83450087851084
498.746,19.2625037510669
499.096,19.048976104555134
499.446,18.819787318832436
499.796,18.854344975924633
500.146,18.595920182684857
500.496,18.443936119336907
500.846,18.777369428235644
501.196,18.736737627533504
501.545,18.339485294090615
501.895,18.568864430185272
502.245,18.833376018711615
502.595,18.849715106073333
502.944,18.593403625712572
503.294,18.339660692354283
503.643,18.479507246468707
503.993,18.3387572995933
504.342,18.374191495497456
504.692,18.440044328326433
505.041,18.202966261164523
505.39,18.273084546630212
505.74,18.453385743270257
506.089,18.045833444802955
506.438,18.21369584807294
506.787,17.49162113352931
507.136,18.141186925091954
507.485,17.864355190332134
507.834,18.00411196515824
508.183,18.002910700115983
508.532,18.119420715001354
508.881,18.20198565124793
509.229,17.401865955410422
509.578,17.66717688946585
509.927,17.90121655499683
510.276,17.484793472080106
510.624,17.673429223214477
510.973,17.441602388983004
511.321,17.259637906278847
511.67,17.945126491973955
512.018,17.262514929081345
512.366,17.614741589509368
512.715,17.342682907765997
513.063,17.26099706243707
513.411,17.549566981230207
513.759,17.17646113811689
514.107,17.074335018291737
514.456,17.149193130305328
514.804,17.21174034661655
515.152,17.229538719439958
515.499,16.9198796091776
515.847,17.265684573873095
516.195,16.86149733716824
516.543,17.005194520154404
516.891,16.867543864338455
517.238,16.766546764490197
517.586,16.750491212798195
517.934,16.896330912197122
518.281,16.81965135294354
518.629,16.821129124378157
518.976,17.018814332183403
519.324,16.589349197498585
519.671,16.598850351967332
520.018,16.64720780859987
520.365,16.605149011166795
520.713,16.633754994461928
521.06,16.635213195382114
521.407,16.575293979208993
521.754,16.583154110717388
522.101,16.51238476128744
522.448,16.425254633852962
522.795,16.792727647292686
523.142,16.711115832235503
523.489,16.728148739799387
523.836,16.774007112199552
524.182,16.675734771140267
524.529,16.845124705281034
524.876,16.48662242502426
525.222,16.484273498816556
525.569,16.480183371723808
525.915,16.285314547037764
526.262,16.416416984734628
526.608,16.422944596733384
526.954,16.388291361760697
527.301,16.478225595584867
527.647,16.477565124860593
527.993,16.42774452265092
528.339,16.431924098800142
528.686,16.170666458550365
529.032,16.242158477161638
529.378,16.313878706485397
529.724,16.573575200371
530.07,16.724296950648554
530.415,16.589021244574003
530.761,16.301868152476374
531.107,16.617254543402368
531.453,16.4659573575905
531.799,16.388133495850127
532.144,16.1673096722602
532.49,16.571791069341124
532.835,16.37652942451562
533.181,16.29681546688117
533.526,16.122161674913457
533.872,16.413714681263876
534.217,16.460349565135274
534.562,16.422851135226438
534.908,16.44383826595944
535.253,16.648502078366672
535.598,16.524292299679473
535.943,16.589315018002694
536.288,16.29159258053447
536.633,16.470523253244455
536.978,16.490048440845083
537.323,16.781096944754005
537.668,16.45367919378888
538.013,16.264365895688936
538.358,16.34026445915908
538.702,16.360142520982432
539.047,16.49017535950216
539.392,16.525830970581712
539.736,16.508295441154676
540.081,16.48869529957967
540.425,16.709458653556425
540.77,16.60143752938634
541.114,16.50517335891148
541.459,16.418318979210294
541.803,16.50505916906123
542.147,16.54587055675358
542.491,16.31143061178998
542.835,16.397159802633645
543.18,16.492243843073865
543.524,16.55752330010968
543.868,16.34469195039095
544.212,16.510613895979155
544.556,16.59617458033704
544.899,16.526621705298012
545.243,16.65191828166725
545.587,16.621372302460916
545.931,16.408871615767698
546.274,16.57948979815665
546.618,16.66131915741496
546.962,16.561348348182875
547.305,16.61871385877535
547.649,16.550264524411052
547.992,16.363482424442058
548.336,16.516903506372415
548.679,16.6864249897786
549.022,16.95782234672098
549.365,16.5209000306819
549.709,16.725570881402806
550.052,16.798447431981593
550.395,16.701404979664417
550.738,16.848855400973733
551.081,16.427974190709328
551.424,16.777426519352446
551.767,16.7254770456934
552.11,16.741125725670116
552.453,16.191917455918095
552.795,16.579548532728758
553.138,16.6696239125302
553.481,16.642398312209846
553.823,16.79772855601852
554.166,16.71211216753324
554.508,16.812376747120602
554.851,16.44226175289055
555.193,16.67733279203023
555.536,16.783597085078174
555.878,16.64776384773947
556.22,16.779244766413203
556.563,16.755831583468996
556.905,16.662956219899662
557.247,16.766524747895065
557.589,17.090687532391534
557.931,16.660963143320753
558.273,16.9011357645302
558.615,16.940462142831937
558.957,16.749607064685723
559.299,16.763272438271382
559.64,16.744694520044035
559.982,17.27534315177774
560.324,16.921819796395823
560.666,17.022566085797493
561.007,16.803454711553865
561.349,16.677633805202856
561.69,16.63952530493455
562.032,16.933777382360397
562.373,16.65381025463094
562.715,16.77267281784754
563.056,17.08392679216675
563.397,16.95049553708818
563.738,17.086784902603583
564.08,16.7385552776698
564.421,17.05639111450679
564.762,17.0380514261623
565.103,16.753144035937062
565.444,16.717206362648845
565.785,16.91785352625068
566.126,17.071444752652013
566.466,17.17162591627024
566.807,16.99088464057583
567.148,16.899326974438516
567.489,17.004942417046053
567.829,16.940829384755283
568.17,16.999553321450403
568.51,17.24849747779252
568.851,17.160216134760418
569.191,17.28872810831309
569.532,17.219947267265947
569.872,17.055371814946504
570.212,17.336172375369152
570.553,17.487895196346976
570.893,17.354013334040253
571.233,17.394408556465482
571.573,17.173387460502845
571.913,17.286252303035074
572.253,17.29068902644935
572.593,17.383801787537262
572.933,17.213828588132674
573.273,17.28464801160134
573.613,17.20980043520808
573.952,17.022373637020873
574.292,17.24712401093894
574.632,17.389304180334033
574.971,17.26175179314915
575.311,17.545819428892056
575.65,17.484627496358247
575.99,17.49989903311409
576.329,17.606753615482223
576.669,17.210259471944774
577.008,17.209158708688033
577.347,17.471683122021343
577.687,17.445036059884035
578.026,17.636228529049465
578.365,17.367768663420787
578.704,17.59044003406289
579.043,17.69342580259929
579.382,17.578503771801266
579.721,17.415837393897156
580.06,17.597077123695712
580.399,17.795950454037072
580.737,17.289715384743754
581.076,17.492286543815254
581.415,17.38435471444362
581.753,17.704739725734274
582.092,17.358724829107622
582.431,17.86563866239134
582.769,17.642842561087516
583.108,17.6978690488256
583.446,17.60667076568438
583.784,17.746032259845386
584.123,17.77411200622441
584.461,17.95062480904231
584.799,17.713391251102735
585.137,17.94789027185594
585.475,17.5046721062494
585.813,17.600820473907348
586.151,17.857829966449465
586.489,17.59521581960676
586.827,17.96558354856524
587.165,17.824927180862733
587.503,17.937168337634606
587.841,17.973191744069705
588.178,17.815473453073345
588.516,18.06739740618061
588.854,17.844263460595286
589.191,18.153326903981185
589.529,18.187093751431654
589.866,18.681836434587538
590.204,18.280138286643755
590.541,18.23320610839588
590.878,18.28487018841889
591.215,18.26480687277929
591.553,18.51504976720284
591.89,18.57964891746566
592.227,18.15000452877138
592.564,18.30050176131223
592.901,18.404145787741736
593.238,18.625713343849704
593.575,18.241180212860478
593.912,18.503555572841737
594.249,18.723305204530277
594.585,18.594072035924196
594.922,18.804718588591395
595.259,18.532649447104717
595.595,18.605767467734836
595.932,18.470681526383455
596.269,18.592784776812238
596.605,18.574286996267016
596.941,18.64979243352371
597.278,18.504040027430495
597.614,18.52632263893272
597.95,18.528814036964157
598.287,18.720595787774506
598.623,18.680745798053483
598.959,18.739260185953537
599.295,18.720402674411467
599.631,18.791034154790054
599.967,18.566237342723657
600.303,18.43865723518591
600.639,18.58359708547973
600.975,18.484907818509328
601.311,18.99838493053083
601.646,18.812999985503097
601.982,18.5746791158688
602.318,18.982548159637183
602.653,18.8077008214475
602.989,18.741127504969786
603.324,18.54643874574533
603.66,18.78061322179901
603.995,18.628728633927178
604.331,18.826559209802888
604.666,18.7786743528755
605.001,18.7972445828421
605.336,18.437044700933654
605.671,19.011809664017374
606.007,18.817518536266963
606.342,18.94877309878913
606.677,18.88241286516182
607.012,19.32442815257007
607.346,19.139495105871863
607.681,19.268358495580973
608.016,19.121959347707623
608.351,19.052507750452765
608.686,18.832260494404935
609.02,18.967463090322962
609.355,19.331615936911547
609.689,19.232247213089227
610.024,19.36099020227817
610.358,19.2060897763748
610.693,18.810507889880512
611.027,19.273596941819893
611.361,19.193811486247395
611.696,19.18866467912456
612.03,19.37370480161643
612.364,19.621232398891102
612.698,19.430605759669863
613.032,19.67800780805344
613.366,19.266147570908235
613.7,19.17796728918203
614.034,19.249274486856333
614.368,19.73169407235119
614.702,19.500310291869063
615.035,19.831741694986405
615.369,19.42311482950011
615.703,19.881863488954203
616.036,19.66574867890285
616.37,19.334242803800887
616.703,19.7939917019647
617.037,19.62620590949186
617.37,19.666853582276946
617.704,19.50118398229616
618.037,19.769421002385222
618.37,19.775032474385768
618.704,19.79063799684861
619.037,20.124034761117194
619.37,19.751302491395414
619.703,19.87928053240683
620.036,19.979262487358255
620.369,20.104665990525568
620.702,20.244754728957133
621.035,20.01698690865699
621.367,19.833665753112808
621.7,20.334266211362984
622.033,20.284144010779773
622.366,20.03190933801581
622.698,20.047547495962153
623.031,20.012943913607742
623.363,20.39838412921668
623.696,20.19952772714104
624.028,20.534411347541493
624.361,20.359043718696398
624.693,20.575544159009304
625.025,20.173734357441877
625.357,20.274426127656962
625.689,20.487632162451007
626.022,20.35519440802592
626.354,20.345303660010142
626.686,20.436811200028746
627.018,20.60381892661238
627.35,20.617272751994346
627.681,20.374325168063688
628.013,20.444162580397123
628.345,20.70537259910432
628.677,20.362598787938033
629.008,20.611533984754075
629.34,20.077869302579916
629.672,20.55076820952307
630.003,20.765474637588916
630.335,20.458290433613705
630.666,20.80367894645464
630.997,20.58910210896219
631.329,20.521567367098175
631.66,20.974271310177635
631.991,21.19066649616858
632.322,20.599937322008795
632.653,20.858248520400732
632.984,21.068034274263205
633.316,21.03901866164744
633.646,20.95108902518699
633.977,21.028072023341167
634.308,20.937767021267145
634.639,20.791563917747375
634.97,20.773484393524857
635.301,20.971643906653767
635.631,21.0444760312663
635.962,21.15266092170487
636.292,21.305526476787442
636.623,21.070764085027996
636.953,21.000455258192044
637.284,21.172148960441834
637.614,21.485440504031697
637.944,21.10148208474262
638.275,21.35314323024005
638.605,21.481939430007547
638.935,21.571850192565346
639.265,21.4423981404116
639.595,21.12668793900192
639.925,21.569401796665346
640.255,21.335882675445305
640.585,21.605525727599638
640.915,21.69766461339806
641.245,21.55803485545214
641.575,22.399580989191772
641.904,21.737921809390656
642.234,21.69902724649241
642.564,21.599996441908644
642.893,21.76550875773458
643.223,21.76801768786349
643.552,21.322355012254963
643.882,21.976266623424152
644.211,21.3180433558043
644.54,21.89844938042437
644.869,21.846982962495552
645.199,21.743376165029822
645.528,21.975001629181055
645.857,22.03316694839022
646.186,22.14948734630527
646.515,22.021909793976448
646.844,22.30162212464308
647.173,21.760084937555824
647.502,22.157830702246113
647.83,22.262216463538877
648.159,22.09000837841793
648.488,22.166321695196995
648.817,22.332399431543436
649.145,22.500985460250025
649.474,22.300147134488213
649.802,22.594305995947604
650.131,22.242426999065568
650.459,22.390399227615003
650.787,22.048165960620075
651.116,22.316348202511023
651.444,22.515795268741908
651.772,22.204751376401628
652.1,22.15650551612885
652.428,22.656841582117895
652.756,22.576691325838425
653.084,22.425851006479096
653.412,22.46208856868183
653.74,22.452859709295836
654.068,22.37076764726049
654.396,22.60226975977834
654.724,22.607948274415538
655.051,22.559360661820058
655.379,22.502248351718364
655.707,23.042658605937522
656.034,22.3883904984934
656.362,23.300343327038703
656.689,22.75166176329642
657.016,22.40511068045398
657.344,22.59599276710301
657.671,23.51285362112573
657.998,22.9962775897837
658.325,23.045468044312354
658.653,22.983841369821914
658.98,23.245669013809735
659.307,23.146275510403957
659.634,23.27045280520773
659.961,22.819229823664017
660.287,23.13479450392607
660.614,23.144192283508048
660.941,23.025748445590665
661.268,23.446680170786447
661.595,23.202307797566537
661.921,22.850627663429275
662.248,23.510035060758913
662.574,23.45418623323782
662.901,23.276240356613492
663.227,22.87851137178053
663.553,23.209287835963668
663.88,23.428979242017434
664.206,23.163334654943483
664.532,23.22988740225294
664.858,23.17587594988199
665.185,23.093790417858045
665.511,23.230527102785977
665.837,23.201817930082647
666.163,23.67895513276103
666.489,23.24615749967941
666.814,23.396945580550693
667.14,23.12349964434364
667.466,23.825920455381162
667.792,23.4913318792974
668.117,23.197681854105465
668.443,23.686560914013004
668.769,23.141169358339493
669.094,23.83967607388163
669.419,23.596302420221456
669.745,23.719736937697707
670.07,23.750440307604492
670.396,23.58137234101581
670.721,23.30025999203091
671.046,23.39153402415774
671.371,24.18474987286239
671.696,23.53420849384716
672.021,23.944655459625967
672.346,23.840142184416806
672.671,23.53688018379201
672.996,23.77839864444391
673.321,23.967629834910767
673.646,23.64466558365456
673.97,23.876605653391525
674.295,24.080188362585893
674.62,23.992850692399095
674.944,23.83242773755638
675.269,23.807442757882615
675.593,23.703558173102504
675.918,23.961431342810652
676.242,24.1223048879101
676.567,24.125543169627495
676.891,24.28770524270638
677.215,24.52227662249564
677.539,24.189226270578274
677.863,23.97159101259579
678.187,24.12002942017682
678.511,24.1468036375511
678.835,23.947107679528987
679.159,24.29739374538686
679.483,24.506627369259792
679.807,23.952818616376003
680.131,24.14312610957583
680.455,24.210434099834835
680.778,23.94361349500449
681.102,24.506866567442433
681.425,24.354743952717776
681.749,24.859735142208233
682.072,24.50760027657573
682.396,24.627513567214002
682.719,24.686654086360825
683.042,24.620740767194853
683.366,24.977356113132483
683.689,24.66520392418851
684.012,24.47853631483165
684.335,24.227861489777744
684.658,24.463718289776686
684.981,24.016041883326338
685.304,24.27531473391697
685.627,24.512331484607014
685.95,24.692324460409072
686.273,24.643043364278974
686.595,24.885106983177437
686.918,24.689053631582155
687.241,25.04612785346644
687.563,24.568560761696872
687.886,24.732076347697657
688.208,24.463661992506875
688.531,24.762639011818365
688.853,24.338845846170194
689.175,25.048587904973534
689.498,24.75463930503173
689.82,24.658657566761754
690.142,24.8616718516322
690.464,24.899122945060505
690.786,24.616122171545086
691.108,24.424166342377465
691.43,25.30820632969026
691.752,24.87834157042582
692.074,25.006066561365756
692.396,25.057576034088274
692.718,24.72429337927417
693.039,25.086656199032507
693.361,25.333725718925514
693.683,25.17615064258895
694.004,25.025392955567547
694.326,25.13621590851145
694.647,25.442757385751893
694.969,25.67284988384321
695.29,25.049715938624328
695.611,24.73079549742618
695.932,25.487788668879936
696.254,25.5914370544339
696.575,25.222633001247175
696.896,25.174297073422817
697.217,26.070570019662178
697.538,25.14648156393557
697.859,25.73062112253807
698.18,25.017361962153448
698.501,25.738845747550787
698.821,25.929791277424727
699.142,25.169389934584885
699.463,25.12241399354928
699.783,24.772817556802092
700.104,25.492401198873832
700.424,25.64559825819729
700.745,26.043107054165848
701.065,25.817895542338874
701.386,25.185066726409094
701.706,26.998972817972746
702.026,25.256705022896416
702.347,25.969252325988123
702.667,25.32458228085605
702.987,25.658263981263715
703.307,25.443874566550697
703.627,26.122682712471192
703.947,25.32945347127045
704.267,25.427141141572015
704.587,25.875860773834784
704.906,25.358347983448738
705.226,25.82613819111603
705.546,25.516773763353427
705.865,25.99264256580186
706.185,25.033222696178456
706.505,25.825096283837002
706.824,25.388315425825386
707.143,25.832482297719622
707.463,25.196153963118213
707.782,25.782703278542346
708.101,25.606942153618512
708.421,25.76659743091854
708.74,25.62323152021559
709.059,25.451824991618402
709.378,25.68514285113891
709.697,25.78966505127348
710.016,26.126736173192292
710.335,25.953555650008273
710.654,25.394566857197958
710.973,25.69265575323415
711.291,25.435328760627332
711.61,25.6575880252611
711.929,25.275337890723836
712.247,25.885743685759273
712.566,25.840256003525948
712.884,25.456310187923837
713.203,26.74329179473259
713.521,25.35956352178621
713.84,25.56984406975633
714.158,25.51946073118379
714.476,25.739707969430583
714.794,26.037379633734737
715.112,26.30081542169588
715.431,25.690080047654607
715.749,25.428847711100452
716.067,25.833867965026315
716.384,26.327738452244954
716.702,25.816098460256043
717.02,26.703172355269224
717.338,25.3093610593274
717.656,25.5254859082773
717.973,25.50764206862294
718.291,25.46548562862208
718.608,25.978363911639608
718.926,26.0671073799117
719.243,25.54090392850707
719.561,26.13992851425899
719.878,25.848559991468527
720.195,25.639385192474336
720.513,25.24737833770117
720.83,25.531068457444434
721.147,26.293659437852252
721.464,24.7095963167829
721.781,25.200365549529337
722.098,25.34799668083214
722.415,24.785272022635166
722.732,24.82525035488591
723.049,26.01381694625203
723.366,25.010261462969897
723.682,25.96184466052674
723.999,25.496099310764926
724.316,24.975370811050073
724.632,25.34439069372337
724.949,25.528462106759545
725.265,26.104541420657192
725.582,25.45086642162436
725.898,24.700541296207806
726.214,24.89998851356634
726.53,25.590966199924672
726.847,25.003364921453404
727.163,25.01496292448246
727.479,25.895028097838487
727.795,24.820456316069762
728.111,24.910197262409046
728.427,24.71913298321374
728.743,25.265328592034404
729.059,23.929886423015013
729.374,24.756579786296726
729.69,25.231942465923183
730.006,25.16248992066197
730.321,24.28484291708746
730.637,25.793081640829758
730.952,24.978861794654353
731.268,23.38910498645911
731.583,24.765720231402067
731.899,24.93767697912595
732.214,25.295133555000096
732.529,25.065880884436684
732.844,23.925807420824764
733.16,23.382776806681942
733.475,23.534275121254442
733.79,24.4819840646805
734.105,24.24584804372201
734.42,24.59198747391785
734.735,23.606559776021243
735.049,23.617845626355624
735.364,23.978510262170424
735.679,24.264400843836576
735.994,22.717894207668333
736.308,23.494426324019777
736.623,23.579554374952977
736.937,23.836641148760837
737.252,24.466270114139338
737.566,22.6337361688319
737.881,22.72789511905013
738.195,22.81814368374402
738.509,22.74343314515763
738.823,22.080690106375183
739.137,23.512096680964213
739.452,23.21634602082045
739.766,21.769570107341952
740.08,23.43427158506447
740.394,23.5636290338253
740.707,24.481714063587624
741.021,23.054868187644402
741.335,22.97301005503117
741.649,23.460843421823487
741.962,22.74488740428727
742.276,22.326432657945187
742.59,23.053889989947635
742.903,22.783094310807343
743.217,22.1880614750172
743.53,22.36760359254283
743.843,22.47182696445279
744.157,22.37484305636288
744.47,22.991132877934657
744.783,22.533894955878587
745.096,21.862943712093404
745.409,22.612094297518485
745.722,21.28917018738803
746.035,21.48472186946119
746.348,21.745443214721217
746.661,20.668277605810136
746.974,21.121715476326635
747.287,22.064412809759254
747.6,21.64732068130291
747.912,22.21493933342734
748.225,21.499749253705964
748.537,22.054301773702207
748.85,21.053363852003887
749.162,21.057219608441372
749.475,21.174993489052888
749.787,21.265319874047016
750.099,21.23015177520413
750.412,22.89495117407769
750.724,21.52249137978156
751.036,20.48643115509399
751.348,20.557913059790287
751.66,20.407006873021988
751.972,21.738764854424677
752.284,21.161667930607017
752.596,20.050744669108298
752.908,20.678467028579146
753.219,21.060819633247036
753.531,20.629084461566585
753.843,20.844009421657095
754.154,20.45404190363569
754.466,21.367824844594615
754.778,19.835492805025467
755.089,20.061431020521816
755.4,20.369935611889797
755.712,21.82336439057505
756.023,19.883797200224127
756.334,19.704552402288737
756.645,19.21999589543763
756.957,20.326824825890533
757.268,20.34331910680241
757.579,20.410239961129573
757.89,19.559087065860247
758.201,19.36687725316696
758.511,19.091102718280524
758.822,19.597602788558337
759.133,19.327815716151786
759.444,19.747701985528256
759.754,19.684336488149626
760.065,18.89150549425776
760.375,19.250618128910016
760.686,19.37810565970371
760.996,19.208344627530654
761.307,20.398997957452565
761.617,18.364681282759317
761.927,20.129505391079004
762.238,19.319084896696953
762.548,19.180046102993312
762.858,19.700515069799106
763.168,19.662568741850922
763.478,18.8251970460997
763.788,19.1326958641805
764.098,19.815152169861697
764.408,19.075380177417088
764.718,18.894579101074743
765.027,17.61496750782642
765.337,19.357466454762893
765.647,19.37760509670335
765.956,19.682209667979237
766.266,18.38834817911492
766.575,18.792639733579893
766.885,19.292980630893375
767.194,18.072250671905874
767.503,18.452083716574137
767.813,19.423073370292254
768.122,18.687375073034975
768.431,19.24440572420724
768.74,19.77702959549182
769.049,19.319759484764408
769.358,18.810426461335805
769.667,17.771906202601407
769.976,18.667308874552827
770.285,17.979837307586575
770.594,17.262183473699555
770.902,17.691013394442155
771.211,19.257991101243217
771.52,18.339498119387887
771.828,18.411042459443806
772.137,18.776195888785974
772.445,17.711305460815943
772.754,18.770925766286613
773.062,18.279014585418665
773.37,19.7409751910115
773.678,17.823006196257783
773.987,18.083598295224455
774.295,17.794534767540018
774.603,17.74366218633043
774.911,18.87160343710446
775.219,19.430740338108606
775.527,18.05426423927986
775.835,17.46214178448647
776.142,17.346425176812925
776.45,18.138749532769364
776.758,18.573258804801675
777.066,18.13187379298567
777.373,17.60178453399024
777.681,17.87939336356797
777.988,17.935444396200268
778.296,17.96876758839572
778.603,17.46901359227074
778.91,18.893931715860802
779.218,17.55138501453503
779.525,17.803925163406852
779.832,16.78066200604461
780.139,18.44922272053122
780.446,17.54667106381228
780.753,17.784180326900184
781.06,19.218364451915946
781.367,16.97722929229244
781.674,18.889869408638905
781.981,17.28476180772894
782.288,18.940405322836757
782.594,17.296505061452066
782.901,19.50336367726913
783.207,18.219249161702237
783.514,16.413855312258267
783.82,17.39069847932855
784.127,18.41254113426216
784.433,17.625269524415902
784.74,17.225665030690294
785.046,17.7841163299744
785.352,16.965618655269477
785.658,17.525716594543297
785.964,16.963885862510732
786.27,16.479069310770026
786.576,17.082246023967826
786.882,17.645422882294117
787.188,17.465748277723
787.494,16.125515467024535
787.8,16.559787246648977
788.105,18.387208880332647
788.411,15.798008041601722
788.717,16.869569565948474
789.022,18.194895211636048
789.328,16.709946252466125
789.633,17.078100721817094
789.939,16.860786868021865
790.244,17.763043709455726
790.549,18.294926214313655
790.855,15.842047387315757
791.16,16.920986015156316
791.465,17.575053915761615
791.77,17.005285418346812
792.075,15.195171290172333
792.38,17.782042543571837
792.685,17.028175531440077
792.99,16.258097114503034
793.294,16.635691339435624
793.599,18.914770315278627
793.904,17.27529934148589
794.209,16.43602760102984
794.513,16.96338523177118
794.818,16.290960007428946
795.122,16.80810658713343
795.427,16.19570541009582
795.731,17.280871055082386
796.035,17.05996246757357
796.339,15.504542003246685
796.644,18.455685908780776
796.948,17.424841337218275
797.252,17.0276914240877
797.556,15.751018666290166
797.86,16.42477914931525
798.164,16.350797265385815
798.468,16.928022270759534
798.772,16.713832815491813
799.075,16.139010573089113
799.379,16.431323365898653
799.683,17.569557194507354
799.986,16.945930894078028
800.29,17.75761238560615
800.593,15.774221634688562
800.897,16.419673086360874
801.2,16.475232005364813
801.504,15.773009647407177
801.807,17.006248276527526
802.11,15.979632151788582
802.413,18.068449891334918
802.716,16.55018541824598
803.019,16.141335043293235
803.322,17.685744791928993
803.625,15.219218748674797
803.928,17.592033070588183
804.231,16.491297489300425
804.534,17.022266131907124
804.837,16.347542180494564
805.139,18.551205920368645
805.442,16.09053457929749
805.745,15.4279506866723
806.047,17.45807403536532
806.35,16.89165729784284
806.652,17.837695070178775
806.954,15.721692779457586
807.257,13.55613918088126
807.559,15.884683266501694
807.861,16.49504368404916
808.163,15.722118910881692
808.465,14.433253099911823
808.767,18.539072399190946
809.069,16.26600614094966
809.371,18.69862194933249
809.673,14.863940495699774
809.975,17.550529671905615
810.277,14.933162079894375
810.578,15.709722273110046
810.88,17.28514011944486
811.182,16.370275088546137
811.483,14.73960698433409
811.785,16.22267204984025
812.086,14.647352708426078
812.387,15.412916196339914
812.689,13.629135778369232
812.99,16.49220972939862
813.291,16.646029237949936
813.592,15.512767536169036
813.893,16.638690539243743
814.195,15.039629894179624
814.496,13.992465579662962
814.796,19.027427362466916
815.097,14.89616853218289
815.398,16.65529249169224
815.699,16.412364494161892
816,14.617467768800768
816.3,15.666812173678785
816.601,18.188383034514864
816.901,16.829389471708744
817.202,16.277935843837817
817.502,17.381534382706498
817.803,14.812167160052203
818.103,15.286382742350403
818.403,13.953757134501389
818.704,15.007686124661635
819.004,17.17662967326633
819.304,14.554520489265851
819.604,15.392390706569744
819.904,14.450477689897935
820.204,14.504809240848658
820.504,17.223271383077606
820.804,15.215387660323422
821.104,15.702061929997711
821.403,15.877129514338248
821.703,11.491305149060635
822.003,13.449742738565078
822.302,15.170892045739743
822.602,12.97867085442991
822.901,20.396725160699784
823.201,17.11470488453719
823.5,20.239923101701955
823.799,15.979139785237646
824.098,15.635362608484153
824.398,18.40493926827212
824.697,16.066916580200903
824.996,17.693299946259287
825.295,19.77011020889197
825.594,17.414939248987274
825.893,17.243406622306725
826.192,17.156431241039666
826.49,13.974866849055656
826.789,16.729175486837896
827.088,16.924653779792983
827.386,12.590665174753353
827.685,15.072220806264053
827.983,16.203263192206737
828.282,18.412427049723256
828.58,19.736320696131976
828.879,19.36069763511474
829.177,17.23478126466149
829.475,14.15319107743243
829.773,15.063505575994116
830.072,15.411500127619702
830.37,11.877124616266794
830.668,13.358180061169083
830.966,14.058410893086778
831.264,15.87896449741677
831.562,12.766824254018905
831.859,17.48001646030585
832.157,17.002297319695728
832.455,12.718993122103956
832.752,22.156121506165395
833.05,13.563160103852558
833.348,16.558894279490634
833.645,17.58731417918407
833.942,15.971741293320806
834.24,13.897943306528807
834.537,18.973832615422896
834.834,13.270635164216607
835.132,16.418722281421285
835.429,19.75926194063812
835.726,16.128953896648557
836.023,13.379227295816468
836.32,15.564202750385812
836.617,14.895915550561881
836.914,18.11163283189945
837.21,12.396491353351262
837.507,17.11167252826766
837.804,18.694830794649057
838.101,15.2875592312664
838.397,15.732266045466663
838.694,14.97501428897447
838.99,13.924892013646966
839.287,15.227529686413737
839.583,16.532638024101594
839.879,16.077984040197943
840.176,14.14427711201156
840.472,16.826500434779756
840.768,14.40436477889382
841.064,16.694554681053493
841.36,16.73605042958398
841.656,15.967949296441004
841.952,15.602721655397158
842.248,15.31172394037013
842.544,14.477377115165977
842.839,20.524579634244557
843.135,10.347156779036009
843.431,15.263269502404608
843.726,16.591996907138185
844.022,15.658568728124205
844.317,19.928168774978882
844.613,16.61234533300545
844.908,18.376523048241836
845.204,17.729579629075925
845.499,13.492377409059475
845.794,15.408285190733295
846.089,15.11274565623156
846.384,13.458380711940581
846.679,13.63830139254836
846.974,14.522602580359875
847.269,17.15397153536253
847.564,16.63507030964294
847.859,17.312699098274205
848.154,14.484662942266752
848.448,15.9090672793877
848.743,13.597554876199707
849.038,16.707504719898754
849.332,13.380368232722027
849.627,14.929138911470808
849.921,18.40772438653358
850.215,18.410905924315117
850.51,15.37202901865605
850.804,12.351324060190795
851.098,13.681420932418852
851.392,15.82723383562486
851.686,13.767015553399492
851.981,13.955975927988757
852.275,15.661406381806469
852.568,12.618349909717908
852.862,14.553207393368806
853.156,15.749377574660269
853.45,15.75180345062768
853.744,11.377636451741623
854.037,15.413573459732842
854.331,16.907315251068592
854.624,13.497471764912797
854.918,14.269393536275283
855.211,14.27333426879925
855.505,14.394263578340581
855.798,15.665503243664032
856.091,16.226078363062584
856.384,13.658152332277306
856.678,14.452259128808608
856.971,13.957408816978091
857.264,12.023073497734796
857.557,18.253125689327348
857.85,15.590824828569179
858.143,12.520194837223292
858.435,12.91026435187157
858.728,12.788492794762604
859.021,14.011503177146466
859.313,13.876800399943532
859.606,14.023034570972282
859.899,15.738488558217277
860.191,13.026333235490487
860.483,12.831886469244614
860.776,16.97449926290773
861.068,13.429422562206225
861.36,14.74806687393496
861.653,12.590442473186771
861.945,15.14864770724412
862.237,13.266300544767578
862.529,12.76358281083262
862.821,13.903883733426264
863.113,12.764106793279938
863.405,11.798790772874785
863.696,13.85964547273245
863.988,12.81814552607003
864.28,14.844243177863309
864.572,11.821413198449363
864.863,17.902622408890785
865.155,13.996401037059135
865.446,15.33929005090569
865.738,13.388064023736995
866.029,16.387282922982084
866.32,14.786704098004682
866.611,19.04321698000244
866.903,13.29283726464974
867.194,21.405564490736513
867.485,19.213638102341378
867.776,17.90219951861281
868.067,12.968655163409132
868.358,13.382700163768579
868.649,16.970013796433708
868.939,16.935883161196454
869.23,11.451136881320155
869.521,10.332567798140259
869.811,16.03544888980749
870.102,11.306388966273893
870.393,12.904057154806965
870.683,13.04535730335744
870.973,17.97761314163618
871.264,17.387881063028715
871.554,15.88166993249929
871.844,18.759484856683184
872.135,20.330709778079218
872.425,20.500677451554843
872.715,7.316812413105206
873.005,22.408175385125773
873.295,14.451591891510178
873.585,17.1371603800983
873.874,13.1525201044834
874.164,21.63358242500404
874.454,19.648030164290013
874.744,17.50722221374606
875.033,11.696824642500589
875.323,13.960807057491897
875.612,12.656405171666906
875.902,16.31154230943567
876.191,15.706093462697964
876.48,13.160539906718242
876.77,15.075187056246135
877.059,17.835231630649794
877.348,8.472008852527527
877.637,12.087863534566534
877.926,11.644421118610168
878.215,10.048956343373812
878.504,10.513149913220586
878.793,12.528743810123334
879.082,9.596582385183211
879.371,13.789133636286946
879.659,15.892289824770202
879.948,17.444132762855546
880.237,17.48597691260094
880.525,7.8011075488982
880.814,22.210944346275774
881.102,11.192583640676942
881.391,10.816048123030606
881.679,-9.66948744864334
881.967,13.015158250638867
882.255,16.348349805884553
882.544,7.081270305181493
882.832,11.577695214893856
883.12,11.625976220353504
883.408,20.16039395548382
883.696,21.670637729554613
883.983,10.400478661005643
884.271,15.354585504664193
