153.834,0.0
154.224,-1.4133345254466412
154.614,-23.04321479969834
155.005,4.938167595303531
155.395,7.200096546919741
155.785,-0.92551835817743
156.176,-8.604275903672196
156.566,0.0
156.956,4.202307978464474
157.346,0.0
157.736,-0.4141751165492115
158.126,-3.1281793694562343
158.516,0.15195221234482692
158.906,4.86228078430949
159.296,-3.1941602309417974
159.686,-2.779618274183874
160.075,3.4426197353259615
160.465,-1.6709113478521775
160.855,4.848303718741479
161.245,3.5149078472329984
161.634,-8.592875264730061
162.024,5.705678535941807
162.414,0.0
162.803,-2.6939348035424286
163.193,1.2806895706002075
163.582,-0.8220345906252144
163.971,0.0
164.361,3.1278900409763937
164.75,10.144002234029239
165.139,-1.8325089127062364
165.529,-1.869917787626375
165.918,-6.061476804831878
166.307,0.0
166.696,-1.4288790490842311
167.085,10.199147132861919
167.474,-9.171222499409112
167.863,7.476297265199153
168.252,-3.9226807485564334
168.641,7.712850273254292
169.03,0.0
169.419,0.8767610482695944
169.808,0.8986909289020826
170.197,5.482511410730167
170.585,0.7560843133037893
170.974,8.208749206134005
171.363,13.284021952222968
171.751,16.13778389464907
172.14,1.0833940407396498
172.529,4.472139305397896
172.917,-4.93423968660186
173.306,-0.11578019363209724
173.694,0.022310846983747246
174.082,0.0
174.471,-3.6325601108387704
174.859,0.0
175.247,-0.4542319481531849
175.635,-0.06271418235937293
176.024,-19.51625978585744
176.412,8.951553138412061
176.8,-1.9256804617893986
177.188,-0.6020599913279624
177.576,-13.08342502276814
177.964,0.0
178.352,0.0
178.74,0.8983235286535889
179.128,0.38496335048770136
179.515,9.22940334070633
179.903,1.935380712234682
180.291,-4.0604860608048075
180.679,0.0030830471542944715
181.066,-19.05759582474113
181.454,0.0
181.842,0.0
182.229,6.821519399527811
182.617,9.55586527610808
183.004,1.7499998416458575
183.391,2.9744842862138876
183.779,2.468844200760381
184.166,2.7801241408471196
184.554,-4.5876857146057
184.941,9.942977096711987
185.328,-0.5272603919048631
185.715,8.60001010629574
186.102,-4.0402724430865185
186.489,-13.60741426439648
186.876,0.0
187.263,-1.5986048407884412
187.65,-18.750019913339745
188.037,1.449248644697
188.424,-0.8601114406239965
188.811,-10.290818935600276
189.198,-7.514440953650505
189.585,-8.695509476908533
189.971,-7.958935292902157
190.358,-13.036154746930297
190.745,-5.479194501168894
191.131,-6.2125571955108745
191.518,-3.0714938196129227
191.905,-6.221117236538938
192.291,-8.657175803613248
192.677,-3.944932466448278
193.064,-6.74360376982503
193.45,-12.377516829367151
193.837,-9.222922322992147
194.223,-8.781299062082223
194.609,-5.635147467907259
194.995,-6.116198223793878
195.381,-8.586048880070992
195.768,-10.36082237203389
196.154,-6.296152541948572
196.54,-10.581015689189076
196.926,-11.748289996997961
197.312,-7.158445320908424
197.698,-10.37168187442988
198.084,-11.350838363120618
198.469,-8.254622888198039
198.855,-5.325442700361538
199.241,-7.65857419763888
199.627,-5.854690241517103
200.012,-14.400499458524843
200.398,-11.691373376749286
200.784,-7.079077596891193
201.169,-10.603977935592367
201.555,-8.615414271740544
201.94,-6.331941349643422
202.326,-16.50137097823035
202.711,-3.4308142788210603
203.096,-9.825379021853555
203.482,-4.626451113079826
203.867,-5.238367737194578
204.252,-4.230771604292342
204.637,-7.4378211018787885
205.023,-20.705619825124217
205.408,-2.496601731786229
205.793,-10.832050779246009
206.178,-5.471347099695165
206.563,-11.743372853587628
206.948,-8.862320196622305
207.333,-11.335547561648017
207.718,-13.028211136410668
208.102,-8.281902195963502
208.487,-8.864221861579585
208.872,-9.322866237876108
209.257,-8.011316671568023
209.641,-5.74167375170814
210.026,-8.290127173072266
210.41,-3.7594034533077645
210.795,-9.540717724914698
211.18,-6.519034646710767
211.564,-8.950854483659738
211.948,-10.802971452660927
212.333,-8.44103967828949
212.717,-10.026162389348594
213.101,-5.645148356379567
213.486,-6.567936112827628
213.87,-15.483737606294323
214.254,-19.15945563977146
214.638,-7.755338164868556
215.022,-3.1267415768184943
215.406,-5.482436757524179
215.79,-12.380293458417993
216.174,-7.7859411793206545
216.558,-10.97223222808278
216.942,-5.288766230355394
217.326,-11.477381680952812
217.71,-9.09856412227444
218.094,-5.056892348035857
218.477,-9.389141202253551
218.861,-6.387403859744925
219.245,-11.347448041072752
219.628,-1.0657842102529371
220.012,-7.558387268680405
220.395,-13.244807781310756
220.779,-11.977150808579259
221.162,-8.801660704643455
221.546,-9.914582068530615
221.929,-11.67785864884325
222.312,-3.162808423931659
222.696,-10.410065669554559
223.079,-7.461107810541245
223.462,-6.380380355824469
223.845,-5.854639461219363
224.228,-6.853436255854359
224.611,-10.337346975283326
224.994,-9.555414127776896
225.377,-12.330262134850337
225.76,-4.917655602088073
226.143,-7.919668380281696
226.526,-5.836267472048986
226.909,-8.651688521472787
227.292,-4.6950967396300225
227.675,-9.255999658617464
228.057,-9.450512177348694
228.44,-7.538577311874312
228.822,-7.014379646128355
229.205,-11.443857210180425
229.588,-10.763174155992026
229.97,-19.811348675755276
230.353,-9.019400355198975
230.735,-3.4661022330700884
231.117,-14.97358375459672
231.5,-13.031490140927536
231.882,-9.153946982551938
232.264,-11.683595578852042
232.646,-12.45936767562095
233.029,-6.785651597671662
233.411,-8.627063657618857
233.793,-8.592125163009273
234.175,-7.707284646570741
234.557,-9.282390455344258
234.939,-12.059882791886881
235.321,-5.547999085637001
235.703,-8.537493518523558
236.084,-5.859310567372856
236.466,-4.741269477940741
236.848,-13.844715067804062
237.23,-5.888283133894974
237.611,-9.438647276599987
237.993,-7.466330860548958
238.375,-2.9416995118168607
238.756,-7.056598226445336
239.138,-12.177272790370873
239.519,-10.677885427341895
239.901,-4.0627645215304025
240.282,-15.433108746571527
240.663,-8.818130011124389
241.045,-6.899743136590793
241.426,-5.277138336449266
241.807,-5.19381715521153
242.188,-5.643788834834817
242.569,-9.259550961938187
242.95,-4.574549270824321
243.332,-13.123230815581648
243.713,-17.722734539051434
244.093,-14.450729641428396
244.474,-10.689625540858833
244.855,-10.499104517007758
245.236,-7.9927113948488495
245.617,-5.545244029440016
245.998,-5.625005706339851
246.378,-11.303799247933568
246.759,-7.339470585243754
247.14,-6.396728836800637
247.52,-13.8350244732146
247.901,-7.003420533175405
248.281,-6.0885450331626005
248.662,-5.5558080962133225
249.042,-9.221552367633086
249.423,-2.7400097365855496
249.803,-7.434346281339973
250.183,-6.154496962730304
250.564,-11.941039052797787
250.944,-9.317083638553923
251.324,-4.892238584151031
251.704,-14.993594864136014
252.084,-6.979593074065787
252.464,-6.7684966705820795
252.844,-10.584560695644486
253.224,-3.825221699929181
253.604,-4.338920130360181
253.984,-3.0570229308873245
254.364,-7.690828898425012
254.744,-4.545402499004285
255.124,-6.80954971066008
255.503,-9.102759667702434
255.883,-6.202881127441546
256.263,-4.9656251822575745
256.642,-6.358407201170765
257.022,-7.672365004915521
257.401,-9.119275948456828
257.781,-18.2987654036246
258.16,-5.146306097275758
258.539,-9.757425181524175
258.919,-8.606562220423
259.298,-15.200156661972981
259.677,-12.34239683344691
260.057,-5.307433491202457
260.436,-7.106321417029694
260.815,-5.899485624634762
261.194,-13.161312751245408
261.573,0.273098799551058
261.952,-7.018070373539721
262.331,-7.690600478229351
262.71,-10.47380920896479
263.089,-8.827250613439693
263.468,-10.407414433588457
263.847,-7.9298940169055125
264.225,-6.776389136198903
264.604,-10.56204048783763
264.983,-23.002683645559713
265.361,-6.59180113998527
265.74,-14.595539931599072
266.118,-13.521984336008904
266.497,-9.322966424370113
266.875,-7.373724861748457
267.254,-8.96952610847554
267.632,-5.92053349070934
268.011,-9.862853312997856
268.389,-3.111542582588329
268.767,-8.805943565122563
269.145,-5.88631034839471
269.524,-4.4800585788571174
269.902,-5.037196244592568
270.28,-6.8138554170380825
270.658,-5.185511398681695
271.036,-12.891868714582555
271.414,-4.587282371700522
271.792,-4.216892672562501
272.17,-9.367620556436043
272.547,-4.959971282043147
272.925,-9.988596734794708
273.303,-9.210749457295249
273.681,-8.6189121843632
274.058,-5.947457350874286
274.436,-4.8297261894690156
274.814,-7.1770794760287675
275.191,-11.65630449826373
275.569,-3.607008451923346
275.946,-4.537814855937768
276.323,-2.5340057723832468
276.701,-9.677516666264966
277.078,-12.774541255985154
277.455,-10.672348957630884
277.833,-11.617942684173764
278.21,-8.447464350205564
278.587,-4.9666783657851745
278.964,-9.10244937593496
279.341,-22.668305731731706
279.718,-7.352818068784933
280.095,-10.706278467878196
280.472,-5.798057502009981
280.849,-6.388720001353011
281.226,-7.199521318408201
281.603,-8.960776825280082
281.98,-9.684445093113103
282.356,-12.416685511534359
282.733,-8.248272953719432
283.11,-12.642018546337757
283.486,-2.7533387241563045
283.863,-9.979358455033429
284.239,-6.414889193473158
284.616,-10.829577632230603
284.992,-8.805305546528572
285.369,-6.442439456920322
285.745,-8.754564029044088
286.121,-9.07109061546409
286.498,-7.602613612005515
286.874,-3.060849679577715
287.25,-4.211612095180631
287.626,-13.17639918022585
288.002,-3.8675185151301634
288.379,-4.730898109476524
288.755,-5.421340376335281
289.131,-8.895887248874418
289.506,-7.055189357646993
289.882,-6.112153896291189
290.258,-8.071886949429361
290.634,-9.025785720274593
291.01,-9.25503583347773
291.385,-8.729617486330838
291.761,-9.12754863974063
292.137,-6.519073581580879
292.512,-5.73309570842791
292.888,-5.381880481849868
293.263,-7.3020786716705075
293.639,-5.530240199430554
294.014,-8.05373428463975
294.39,-12.048721057127523
294.765,-11.78294445769641
295.14,-6.3818324441758145
295.516,-8.13932956155244
295.891,-8.541326432006626
296.266,-9.070579408525669
296.641,-10.729119074136637
297.016,-8.410608337841358
297.391,-8.96189594829051
297.766,-9.411662245230646
298.141,-10.845395792253525
298.516,-7.651169625059346
298.891,-6.77276952378764
299.266,-5.846695276370224
299.641,-14.18261187861584
300.015,-8.550768388241988
300.39,-10.16487637543517
300.765,-10.932752978179174
301.139,-8.067099266473981
301.514,-8.866003630704585
301.889,-8.229134726606068
302.263,-8.19093843858447
302.637,-8.937905655768471
303.012,-7.518027611972726
303.386,-6.003442602127159
303.761,-6.675824234783978
304.135,-6.250638459927006
304.509,-2.7970242177426274
304.883,-8.287597167481186
305.257,-4.860841122379692
305.632,-8.049452518777992
306.006,-10.104688669045572
306.38,-10.953283454535274
306.754,-4.242427677281785
307.128,-8.754965918146176
307.501,-12.150736285389158
307.875,-7.372374936356229
308.249,-7.394105058710488
308.623,-10.64071287986561
308.997,-9.876003730157972
309.37,-6.29550448248957
309.744,-10.848984022772981
310.117,-7.851783489156492
310.491,-7.654867992295767
310.865,-10.815628972005777
311.238,-8.68973233532572
311.611,-15.616936935884345
311.985,-4.682826701613763
312.358,-5.228957459233993
312.731,-4.576291543566754
313.105,-7.299452737843779
313.478,-5.799573440025234
313.851,-7.090338465702316
314.224,-7.6107646330078875
314.597,-5.371097365348384
314.97,-7.08973121122682
315.343,-3.641469589374167
315.716,-3.519969895209049
316.089,-11.253368411307642
316.462,-9.780944663962277
316.835,-6.44373493625387
317.208,-7.459384286063592
317.58,-4.574615589718175
317.953,-11.486374917816768
318.326,-5.236621935704825
318.698,-2.4082946645775727
319.071,-6.96260720583794
319.443,-9.453121810947923
319.816,-26.895373539293633
320.188,-7.7505131022406655
320.561,-8.623707525556597
320.933,-10.547411208512042
321.305,-6.035576783999262
321.678,-5.579816013114574
322.05,-10.177385174904307
322.422,-3.23806944123876
322.794,-6.936644748564871
323.166,-6.270434934248678
323.538,-9.382785379954896
323.91,-8.623587328990766
324.282,-7.767778430995919
324.654,-5.938411109694594
325.026,-9.805793354080743
325.398,-17.36786425547907
325.77,-13.25583420150978
326.141,-8.962731105642872
326.513,-5.81899877863487
326.885,-9.214974444549167
327.256,-6.17075083185703
327.628,-2.2784544264943345
327.999,-9.551273233937943
328.371,-8.99892109680855
328.742,-8.31712956113705
329.114,-15.712606515112023
329.485,-6.1844082122539845
329.856,-11.638412039542812
330.228,-8.728951058793001
330.599,-6.741030435999505
330.97,-8.212407800322065
331.341,-9.44032042662245
331.712,-9.502385551201908
332.083,-13.880308457674548
332.454,-7.6408394984953905
332.825,-4.289646586759253
333.196,-4.215989246857942
333.567,-5.019688455249949
333.938,-6.216938650950023
334.309,-7.277858670386728
334.679,-5.229523973863738
335.05,-8.624296097650628
335.421,-9.963480392724486
335.791,-6.218057051415686
336.162,-9.185901577878914
336.533,-10.75097405480337
336.903,-10.640904642511474
337.273,-9.106223256943927
337.644,-8.055962490076167
338.014,-6.113587937932252
338.385,-5.929167663537583
338.755,-10.261439894086692
339.125,-16.981284690478823
339.495,-4.158723767057705
339.865,-6.587346893120559
340.235,-5.4130897818326575
340.606,-4.481917702934913
340.976,-9.234249845346778
341.345,-9.709547182303808
341.715,-10.023613491270448
342.085,-4.849974464332542
342.455,-6.908656826675427
342.825,-8.398317469100862
343.195,-7.765289127507067
343.564,-9.305632041244253
343.934,-8.165487094210704
344.304,-7.782419997484225
344.673,-8.834568768804777
345.043,-6.378327171079943
345.412,-15.51531974422932
345.782,-12.160748865064459
346.151,-7.72982161753792
346.52,-12.10970562882519
346.89,-11.35122812363113
347.259,-10.648813787547962
347.628,-11.111537655325566
347.997,-8.06047473570864
348.367,-14.437271845083412
348.736,-9.921000312681407
349.105,-8.73814447757948
349.474,-5.216352995151135
349.843,-5.584246852916631
350.212,-9.763916058741664
350.58,-5.90297243580402
350.949,-8.548254922405286
351.318,-6.977238923400319
351.687,-9.481019127057658
352.056,-6.560006209409582
352.424,-6.974697321919002
352.793,-7.675192323116421
353.161,-11.973585068261704
353.53,-5.4085765099406125
353.898,-3.862737605180362
354.267,-5.521095199768605
354.635,-16.59648297807895
355.004,-11.435153672837984
355.372,-10.008400003401015
355.74,-9.935920111139387
356.108,-9.651632239750045
356.477,-9.488989857744482
356.845,-9.12585133261563
357.213,-9.79442160090228
357.581,-10.870819497093812
357.949,-3.1891632055604084
358.317,-7.612564624309486
358.685,-10.730590695385969
359.053,-13.25826505565135
359.42,-8.425143181132738
359.788,-5.328582141180649
360.156,-10.462941409199793
360.524,-6.479753818353225
360.891,-6.815865770724293
361.259,-9.555468564633786
361.626,-9.202316211743971
361.994,-6.53893080849107
362.361,-3.2241955201056696
362.729,-8.104255514550113
363.096,-12.248407972305454
363.464,-9.158296635678035
363.831,-8.197268202650998
364.198,-6.7020586650905365
364.565,-10.148405396818385
364.932,-11.033439249601972
365.3,-14.241202838360863
365.667,-9.105699917773444
366.034,-8.613027683105962
366.401,-11.590009668616263
366.768,-4.466041982985035
367.134,-11.288969842809784
367.501,-4.55632026144637
367.868,-14.166164720898427
368.235,-7.80632817499318
368.602,-8.025004602976233
368.968,-6.05466030900257
369.335,-6.201234019098203
369.702,-8.196810322179982
370.068,-5.741518935307616
370.435,-10.860967493382907
370.801,-7.461796847810331
371.167,-12.432393376571932
371.534,-6.805145628878264
371.9,-7.830901880249258
372.266,-8.866125046507396
372.633,-9.837756831956229
372.999,-6.071417963724166
373.365,-6.911444554544297
373.731,-4.959617497591264
374.097,-5.896703111775527
374.463,-9.13898468262846
374.829,-4.217985236774988
375.195,-11.70682025648383
375.561,-8.584369467665148
375.927,-8.53109466237974
376.293,-7.215602080908834
376.658,-6.368087009866809
377.024,-6.129544173695115
377.39,-2.95152447366821
377.755,-6.675021211984881
378.121,-7.310909057531485
378.487,-4.784147644345851
378.852,-6.741027382713709
379.217,-6.115284569123173
379.583,-12.43882249908111
379.948,-4.384328937689791
380.314,-8.47300594228997
380.679,-11.895654364776675
381.044,-7.002836414826543
381.409,-10.454403946321152
381.774,-8.277561650901548
382.139,-6.434241396635798
382.504,-9.305790637495875
382.869,-3.353778773214209
383.234,-5.238653391017696
383.599,-4.82032053473208
383.964,-9.345781888649244
384.329,-7.38292530552533
384.694,-7.777308274064369
385.058,-7.1026829405124
385.423,-10.570501879144471
385.788,-6.266516384126949
386.152,-10.711376312363026
386.517,-6.359883439241958
386.881,-7.809643641006112
387.246,-9.495987929814417
387.61,-4.353619716425375
387.975,-10.957454375729686
388.339,-8.477238879904395
388.703,-9.130289077037617
389.068,-7.6883385658094445
389.432,-4.77781876960656
389.796,-7.5620770614235235
390.16,-5.777915224054216
390.524,-10.71757731897834
390.888,-7.518012638061406
391.252,-6.519469347927297
391.616,-3.6661642984259446
391.98,-4.159116874293524
392.344,-7.3240500700502595
392.708,-3.958526534488683
393.071,-4.823275317310183
393.435,-8.92713022346924
393.799,-9.519375533923878
394.162,-5.85611112138646
394.526,-8.648810086603739
394.889,-5.789187649560489
395.253,-5.285770560842293
395.616,-6.024973662671328
395.98,-3.9830442343245562
396.343,-5.35307717009188
396.706,-5.178476538477104
397.07,-8.193355944368728
397.433,-5.90904047675296
397.796,-5.189571859415198
398.159,-9.744835918383886
398.522,-6.816267462936019
398.885,-3.1805285089400503
399.248,-5.011714115030529
399.611,-7.114155989197557
399.974,-6.187297218199418
400.337,-5.4518934186468435
400.7,-4.771009283031433
401.063,-3.805080774004644
401.425,-5.787289870448827
401.788,-3.711410173289245
402.151,-6.773045909433499
402.513,-4.24835898063523
402.876,-5.454604084802034
403.238,-7.749760907684872
403.601,-6.395089854933594
403.963,-4.905536062999443
404.325,-4.140930327432189
404.688,-6.542464561356414
405.05,-5.668838340741124
405.412,-6.149533431412591
405.774,-6.356324291720996
406.137,-8.477284763465422
406.499,-6.182168944959755
406.861,-8.08545983218455
407.223,-6.0568100476070885
407.585,-6.561290735587773
407.947,-6.7797196180937265
408.308,-3.3717889682086417
408.67,-4.126401469832896
409.032,-5.432544429305912
409.394,-4.276852074512432
409.756,-3.7616946095927446
410.117,-4.763449255281301
410.479,-2.656654149084448
410.84,-2.648100489683145
411.202,-5.9435113152834536
411.563,-4.821536663612977
411.925,-3.701707823841796
412.286,-3.1283244301799535
412.647,-5.033694725877334
413.009,-4.094433876065765
413.37,-2.170401869395296
413.731,-1.5948485517041853
414.092,-2.890710254362444
414.453,-1.2891051394019046
414.814,-0.8431551946531328
415.175,-0.3611943566311592
415.536,0.9115253307299884
415.897,1.8928148096102975
416.258,1.8343475012199437
416.619,2.388767532319282
416.98,1.9804677185443749
417.341,2.182605542198659
417.701,2.3008577266163517
418.062,3.7327017547252503
418.423,3.733991265770508
418.783,3.3225507589222474
419.144,3.800889020779321
419.504,3.7128681892540816
419.865,3.6200730245370973
420.225,4.138646254273161
420.585,4.003063703843987
420.946,4.074355731286298
421.306,3.3740696603831144
421.666,4.339188420536668
422.026,4.176577391064814
422.386,3.5915172404006093
422.746,3.935039930880579
423.106,3.8152897996993347
423.466,4.260195734130663
423.826,3.426953216889086
424.186,3.8635817921600792
424.546,3.0738060698185183
424.906,3.4674624616979397
425.266,2.7622827411549697
425.625,2.848352625015708
425.985,3.17284515140853
426.345,2.288604279963932
426.704,2.2668502066362892
427.064,1.7217532981975887
427.423,1.9328947416375108
427.783,1.6240054813701827
428.142,2.2443342873542114
428.501,1.385067392240094
428.861,1.370143106945992
429.22,1.7001389588245883
429.579,0.9352709085850479
429.938,0.756441997699133
430.297,0.6982140255866827
430.656,0.5203444168266601
431.015,-0.025277374498344603
431.374,-0.2727513032917149
431.733,-0.3569484627762269
432.092,-0.4683519405683986
432.451,-0.6866083094475712
432.81,-0.905242150326305
433.169,-1.127633343231046
433.527,-1.5668744512727417
433.886,-0.9617633575935588
434.244,-1.4126991965931637
434.603,-1.7305607328458552
434.962,-1.8465080682519468
435.32,-2.0201574317138027
435.678,-2.3000079784335603
436.037,-2.168601266360648
436.395,-2.7660509675479465
436.753,-2.7021246240591066
437.112,-2.67342986882358
437.47,-2.8081343547148983
437.828,-2.744663059556068
438.186,-2.9882236092550376
438.544,-3.243325199917414
438.902,-3.385358156196064
439.26,-3.5185788399885864
439.618,-3.3059066587120896
439.976,-3.589956649442588
440.334,-3.7308051347887727
440.692,-3.9911023415029003
441.049,-3.9356030455408764
441.407,-3.8429855113064413
441.765,-4.252292857103131
442.122,-4.328631334499143
442.48,-4.4394183813800385
442.837,-4.162728357414068
443.195,-4.499905600338589
443.552,-4.626612848261892
443.91,-4.750497160924327
444.267,-5.044809056180171
444.624,-5.05318699713491
444.982,-5.3436006867995784
445.339,-5.02861338913563
445.696,-4.932407984098499
446.053,-5.2996220297853425
446.41,-5.6687508158330715
446.767,-5.968375686824929
447.124,-5.752549238288069
447.481,-5.912473306490881
447.838,-6.007143776539552
448.195,-5.771657077698886
448.552,-5.953945651972423
448.908,-5.799149665761526
449.265,-5.985260337047976
449.622,-5.938257983183935
449.978,-5.86269993602333
450.335,-6.044067242627038
450.691,-6.053153753857956
451.048,-6.160272871013325
451.404,-6.32378100986029
451.761,-6.225885543010324
452.117,-6.401079527664174
452.473,-6.368999567582191
452.829,-6.66788626797915
453.186,-6.341782592069167
453.542,-6.740036310726298
453.898,-6.443678798093627
454.254,-6.4211730983431705
454.61,-6.807573730777007
454.966,-6.743897930793422
455.322,-6.791269988453827
455.678,-6.350009062609271
456.033,-6.85221802586874
456.389,-7.194364026497112
456.745,-6.771869004363863
457.101,-6.776628779548583
457.456,-6.731033616028592
457.812,-6.989078797439018
458.167,-6.8737108467863575
458.523,-6.942583835129652
458.878,-6.81316270445449
459.234,-7.040650576321826
459.589,-7.215276379309203
459.944,-6.853666482930351
460.3,-6.650843030463157
460.655,-7.123122268638045
461.01,-7.127588272989682
461.365,-7.215714701993071
461.72,-7.313797524650355
462.075,-7.184439885316839
462.43,-7.3264724612976035
462.785,-7.285818749017036
463.14,-7.289953640444966
463.495,-7.022804314996421
463.85,-7.2680040286655885
464.205,-7.349028061310631
464.559,-7.318380167728211
464.914,-7.377364564161005
465.269,-7.625547411394338
465.623,-7.589138267251574
465.978,-7.501300110636011
466.332,-7.406555574272571
466.687,-7.340356114389381
467.041,-7.687929559122628
467.395,-7.426231057509746
467.75,-7.365565589330145
468.104,-7.805006787995172
468.458,-7.71962567218545
468.812,-7.906238873030731
469.166,-7.81577424164353
469.52,-7.650102800222454
469.874,-7.61016996427224
470.228,-7.7365471888741295
470.582,-7.721415341154097
470.936,-7.7421556175257775
471.29,-7.69860507851908
471.644,-7.264263432887965
471.998,-7.768541863926856
472.351,-7.62240440786904
472.705,-7.608344496035454
473.058,-7.742155438869716
473.412,-8.01559855639973
473.766,-7.778361409124386
474.119,-7.917038792165596
474.472,-7.839219735542235
474.826,-7.747194795278504
475.179,-7.621251645774723
475.532,-7.681560057723319
475.886,-7.7928399559195345
476.239,-7.3673745557622885
476.592,-7.890122937769136
476.945,-7.79794895809903
477.298,-7.860560347826066
477.651,-7.820208879830038
478.004,-7.805343218071676
478.357,-8.081424744766014
478.71,-8.221779859148599
479.063,-8.106772681426293
479.415,-8.061811401522895
479.768,-7.593290369362338
480.121,-8.255016277779962
480.473,-7.93817341260935
480.826,-7.685884932962733
481.179,-7.938891740818792
481.531,-8.042551555470762
481.883,-8.00387994645988
482.236,-7.884269233251242
482.588,-7.80677978502142
482.94,-7.548107960518916
483.293,-8.289100167531076
483.645,-8.435026951344438
483.997,-7.829698405261419
484.349,-7.804599750641056
484.701,-7.854978618717394
485.053,-8.076701613502157
485.405,-8.17617780855091
485.757,-8.012231365723705
486.109,-8.317681801291936
486.461,-7.9198936674599745
486.813,-7.965714570598801
487.164,-7.839707881551122
487.516,-8.122609098133857
487.868,-8.202384538924846
488.219,-8.00716021502107
488.571,-7.880187902707979
488.922,-7.74156085415035
489.274,-7.957472728364708
489.625,-8.154540766079531
489.977,-8.23197425980712
490.328,-8.437471451639432
490.679,-8.115309404897955
491.03,-8.175029735219068
491.382,-8.130648898090763
491.733,-7.908509755576706
492.084,-8.26107121866576
492.435,-8.469084049774313
492.786,-8.272957854398934
493.137,-8.26234425307643
493.488,-8.369523101522878
493.839,-8.515515875099876
494.189,-8.298246291371422
494.54,-8.273550338803405
494.891,-7.994177914282795
495.242,-8.629607203035178
495.592,-8.350750561136909
495.943,-8.360590860480206
496.293,-8.376452018956305
496.644,-8.061796738629019
496.994,-8.459368940691412
497.345,-8.283243069294475
497.695,-8.81484495137139
498.045,-8.318945063705431
498.395,-8.648768068849767
498.746,-8.288343751465883
499.096,-8.37498094551549
499.446,-8.499991697899008
499.796,-8.526701082857102
500.146,-8.631572451571811
500.496,-8.780119802568018
500.846,-8.52396628917587
501.196,-8.505582158686735
501.545,-8.65969212945502
501.895,-8.336266335625359
502.245,-8.392207974122522
502.595,-8.320969434145834
502.944,-8.49514197163295
503.294,-8.537735917361848
503.643,-8.513876969829804
503.993,-8.654673235703239
504.342,-8.487261825066216
504.692,-8.448027519769568
505.041,-8.619542788324988
505.39,-8.417297704361754
505.74,-8.261818320544084
506.089,-8.649308018209116
506.438,-8.511882677279074
506.787,-9.096727878841769
507.136,-8.609740134474366
507.485,-8.799024702460441
507.834,-8.550323526064123
508.183,-8.569883501676777
508.532,-8.322073179443848
508.881,-8.289438213873696
509.229,-8.904039840545572
509.578,-8.700030462609218
509.927,-8.454649471227032
510.276,-8.8166387859755
510.624,-8.566860624229479
510.973,-8.8262698343415
511.321,-8.853501400744225
511.67,-8.263734241042085
512.018,-8.822852724989316
512.366,-8.506381790573299
512.715,-8.834754832391722
513.063,-8.876510219960183
513.411,-8.579921041450929
513.759,-8.972122024373444
514.107,-9.054170837382681
514.456,-8.858539918589353
514.804,-8.801422649060294
515.152,-8.742427048120627
515.499,-9.062192501146766
515.847,-8.709427502094707
516.195,-9.022243632870307
516.543,-8.888764530207506
516.891,-8.961143571410433
517.238,-9.046582230142318
517.586,-9.032786655826932
517.934,-8.968956813045908
518.281,-8.998224878017329
518.629,-8.962993120296993
518.976,-8.778820243315181
519.324,-9.044426458170019
519.671,-9.113823628351785
520.018,-9.109747385434453
520.365,-9.092825109721966
520.713,-9.046422589963694
521.06,-9.025633082613048
521.407,-9.09297359899635
521.754,-9.034062367372568
522.101,-9.130971739624142
522.448,-9.130625377906172
522.795,-8.742747498298737
523.142,-8.795117198173783
523.489,-8.805072400428328
523.836,-8.754907076580759
524.182,-8.789705955435137
524.529,-8.61396351702597
524.876,-8.843000292297077
525.222,-9.017182236034468
525.569,-8.947998663653149
525.915,-9.238914163794009
526.262,-9.015046348082102
526.608,-9.13963488147715
526.954,-9.087828385614902
527.301,-9.015481684618024
527.647,-8.894713191068348
527.993,-8.98230255512328
528.339,-9.06065938864812
528.686,-9.19647527529992
529.032,-9.109337018203265
529.378,-9.052622266244185
529.724,-8.860822835028522
530.07,-8.696704503568176
530.415,-8.7846182029054
530.761,-9.15182638694452
531.107,-8.886190967533336
531.453,-8.939656407986709
531.799,-9.001244677103259
532.144,-9.193241612593564
532.49,-8.883546027963538
532.835,-9.12125751726515
533.181,-9.146903928944043
533.526,-9.266203840062087
533.872,-9.073903883049107
534.217,-9.002309351486533
534.562,-9.066731166848172
534.908,-8.939197821180029
535.253,-8.964194362687824
535.598,-8.97462371278593
535.943,-8.91634461426025
536.288,-9.156845970474299
536.633,-8.998435833819324
536.978,-9.036667568897418
537.323,-8.737827451412606
537.668,-8.977141745077944
538.013,-9.146647370853296
538.358,-9.013194849562112
538.702,-9.085899635761894
539.047,-8.997488155834972
539.392,-8.976274977711327
539.736,-8.948931003072147
540.081,-8.944577282463644
540.425,-8.71816630063535
540.77,-8.831381154688163
541.114,-8.843242254221323
541.459,-9.044205699865467
541.803,-8.914047344491845
542.147,-8.867547989015451
542.491,-9.118892165028885
542.835,-9.07771512454338
543.18,-8.877417737229141
543.524,-8.898127165515305
543.868,-9.10027357307723
544.212,-8.954876688031653
544.556,-8.82823363761728
544.899,-8.97357753809583
545.243,-8.890458418591603
545.587,-8.940721792104368
545.931,-9.073455295148714
546.274,-8.894662563543283
546.618,-8.920364493950137
546.962,-8.979309736892771
547.305,-8.94692046352586
547.649,-9.035576943576537
547.992,-9.126050237336594
548.336,-8.956272889750325
548.679,-8.886223643889823
549.022,-8.59291127586225
549.365,-8.962177999411558
549.709,-8.888530190085639
550.052,-8.794820808770698
550.395,-8.940949182159672
550.738,-8.858855090481628
551.081,-9.18770136976819
551.424,-8.902654038402323
551.767,-8.91653733893433
552.11,-8.906720857623718
552.453,-9.511409288727839
552.795,-9.013250990336054
553.138,-9.001751937484832
553.481,-9.036819587300819
553.823,-8.916015933115094
554.166,-9.025984917422335
554.508,-8.860561254770037
554.851,-9.218458463722673
555.193,-9.05149235084422
555.536,-8.93382849503625
555.878,-9.010636227233249
556.22,-8.872311605021151
556.563,-8.968047912316703
556.905,-9.109909195142519
557.247,-9.027233575891687
557.589,-8.702365132538572
557.931,-9.164135393953567
558.273,-8.857597530246794
558.615,-8.912680470982203
558.957,-9.042357651210212
559.299,-9.148792418921905
559.64,-9.093432285739446
559.982,-8.660380575883798
560.324,-8.929857217654712
560.666,-8.851828823141402
561.007,-9.02243812947675
561.349,-9.14328510735656
561.69,-9.228236131228083
562.032,-8.949510720940337
562.373,-9.287117061532324
562.715,-9.163847596643144
563.056,-8.89706448479061
563.397,-8.972184969567298
563.738,-8.969153184756486
564.08,-9.236066136771134
564.421,-8.895094806941785
564.762,-9.039045638561861
565.103,-9.212299452512546
565.444,-9.20863010675847
565.785,-8.967637190469226
566.126,-8.918750433140204
566.466,-8.843276813741786
566.807,-9.059426868882761
567.148,-9.242152907165988
567.489,-9.066674636889811
567.829,-9.230849189132197
568.17,-9.092579629728245
568.51,-8.883116996780007
568.851,-9.01556071715719
569.191,-8.892195806276506
569.532,-8.945160289987449
569.872,-9.146341191851985
570.212,-8.858136657027705
570.553,-8.675196124963893
570.893,-8.76792801468703
571.233,-8.786030323569156
571.573,-9.041733625114045
571.913,-9.056730758263052
572.253,-8.9172950947471
572.593,-8.888811544646908
572.933,-9.030274490804464
573.273,-8.926918368361719
573.613,-8.993501139741959
573.952,-9.191841007454478
574.292,-8.947289968782504
574.632,-8.899835558280444
574.971,-9.119153142911886
575.311,-8.7166805999131
575.65,-8.875141726899209
575.99,-8.845467512438443
576.329,-8.79902362334081
576.669,-9.199042278510909
577.008,-9.220873047854301
577.347,-9.014355381889256
577.687,-8.924864186969534
578.026,-8.965992799360876
578.365,-9.076532954194906
578.704,-8.90004065108298
579.043,-8.8581508017284
579.382,-8.997125392633015
579.721,-9.068877046038416
580.06,-8.944142250987083
580.399,-8.810155292819047
580.737,-9.195879180672016
581.076,-9.167689386039612
581.415,-9.177516518615546
581.753,-8.904202363798245
582.092,-9.220201436036081
582.431,-8.65590425729315
582.769,-8.998470007959757
583.108,-8.861051340228588
583.446,-8.952634833554859
583.784,-8.959079521833043
584.123,-9.052653464194462
584.461,-8.720966272281245
584.799,-8.947002278010853
585.137,-8.729193906938898
585.475,-9.298320748754326
585.813,-9.147715232797122
586.151,-8.867947970102792
586.489,-9.116730348756567
586.827,-8.874036299551136
587.165,-8.945425889354409
587.503,-8.975674625029177
587.841,-9.012577228627903
588.178,-9.12615172586224
588.516,-8.835567438859098
588.854,-9.161860613179238
589.191,-8.92564733016278
589.529,-8.877992024272437
589.866,-8.512436945991865
590.204,-8.707908546130032
590.541,-8.824425385487963
590.878,-8.755831610269745
591.215,-8.92295931635262
591.553,-8.685268158453509
591.89,-8.639623269011073
592.227,-8.982416174924378
592.564,-8.752692361557994
592.901,-8.80923321950951
593.238,-8.627770094864132
593.575,-8.778058278720351
593.912,-8.672116826333276
594.249,-8.501440064305124
594.585,-8.815921907625277
594.922,-8.549568474001708
595.259,-8.709337614436135
595.595,-8.672663916111189
595.932,-8.834755407608286
596.269,-8.728795846249731
596.605,-8.735926578882617
596.941,-8.596422939896335
597.278,-8.850293770716418
597.614,-8.779965577832588
597.95,-8.89724302188857
598.287,-8.771228852238245
598.623,-8.755646504132555
598.959,-8.859158092467094
599.295,-8.89251016198566
599.631,-8.791097270687384
599.967,-8.987675316892897
600.303,-9.086689584905477
600.639,-8.871847609780552
600.975,-9.142830091024146
601.311,-8.674003307462673
601.646,-8.721762729715534
601.982,-9.063000605310139
602.318,-8.548974122496281
602.653,-8.882471060736876
602.989,-8.891088204958551
603.324,-9.13252569407589
603.66,-8.97160175465407
603.995,-9.107442772765243
604.331,-8.836422995111306
604.666,-8.945534915900277
605.001,-9.018620312736486
605.336,-9.3332962662263
605.671,-8.72123954522841
606.007,-8.863843988638097
606.342,-8.856158520788986
606.677,-8.909091733052916
607.012,-8.618996890684137
607.346,-8.757473916562217
607.681,-8.672952319195282
608.016,-8.79822449378752
608.351,-8.861348288941098
608.686,-9.074255338002267
609.02,-9.091111274376765
609.355,-8.901306771591935
609.689,-8.6809645753775
610.024,-8.673577795150836
610.358,-8.7908367270128
610.693,-9.201756956353297
611.027,-8.905139007791346
611.361,-8.830950627700716
611.696,-8.852194383002757
612.03,-8.798522951613263
612.364,-8.694091346447081
612.698,-8.867952012683986
613.032,-8.762652918271527
613.366,-9.067032617305019
613.7,-9.059572761348447
614.034,-9.06326249247616
614.368,-8.863567327775412
614.702,-8.926272159571385
615.035,-8.734724122513917
615.369,-9.018348882949585
615.703,-8.714346772987671
616.036,-8.79390807245125
616.37,-9.140055027039908
616.703,-8.657382358743986
617.037,-8.801845245192803
617.37,-8.842407499283782
617.704,-9.009332726093772
618.037,-9.035523349170875
618.37,-8.84242050349414
618.704,-8.99012108852712
619.037,-8.560804511446426
619.37,-9.00309179615367
619.703,-9.002188857318869
620.036,-8.78968958730562
620.369,-8.857239745188702
620.702,-8.683787600075714
621.035,-8.784084472842332
621.367,-9.005812091402866
621.7,-8.624385764847634
622.033,-8.70719004736707
622.366,-8.881387860821619
622.698,-9.057349416438269
623.031,-9.02051566121299
623.363,-8.596508871199983
623.696,-8.906555196337438
624.028,-8.607134984629566
624.361,-8.767125200431646
624.693,-8.653598424235394
625.025,-8.902184095450743
625.357,-8.894367298482653
625.689,-8.75395666946355
626.022,-8.763747263903287
626.354,-8.799531974003544
626.686,-8.871566465284447
627.018,-8.73134426219964
627.35,-8.665436838504412
627.681,-8.955561142252611
628.013,-8.813055316957266
628.345,-8.700574881614978
628.677,-9.087281755779038
629.008,-8.673287486201561
629.34,-9.310291848752286
629.672,-8.845051567690009
630.003,-8.711075695359806
630.335,-8.967470697550821
630.666,-8.743281490036349
630.997,-8.782710948735758
631.329,-8.983854575888667
631.66,-8.61302876194719
631.991,-8.483712717578245
632.322,-8.858838778354645
632.653,-8.777754184576391
632.984,-8.54143550349013
633.316,-8.705020480570756
633.646,-8.811203606072453
633.977,-8.783741812357407
634.308,-9.052612581524563
634.639,-9.107388109675814
634.97,-8.800057511681631
635.301,-8.981036165752533
635.631,-8.79002296631064
635.962,-8.882002376417752
636.292,-8.82405544261026
636.623,-8.72731628566133
636.953,-8.982473892818506
637.284,-8.914077997624805
637.614,-8.656025996978668
637.944,-9.024337556480802
638.275,-8.898009946751191
638.605,-8.862552375300528
638.935,-8.725544553187737
639.265,-8.95250232721718
639.595,-8.797301022893242
639.925,-8.595572685905635
640.255,-8.80907037825973
640.585,-8.814988321635811
640.915,-8.777502690217988
641.245,-9.002244164823152
641.575,-8.264558813886888
641.904,-8.740292538046427
642.234,-8.673339012994866
642.564,-9.025247678752676
642.893,-8.897970254923743
643.223,-8.817543597604752
643.552,-9.073180991200912
643.882,-8.554724215649774
644.211,-9.065000619743827
644.54,-8.690333323619052
644.869,-8.817579820826976
645.199,-9.093159414871284
645.528,-8.667575076481599
645.857,-8.540483546363136
646.186,-8.70080367965038
646.515,-8.815826887951411
646.844,-8.336353310068787
647.173,-9.017416028322245
647.502,-8.709287415942484
647.83,-8.690132249778838
648.159,-8.872013525738899
648.488,-8.64801609409052
648.817,-8.458266782013988
649.145,-8.521663474041281
649.474,-8.866452839311336
649.802,-8.475026564181924
650.131,-8.789024839833083
650.459,-8.747899810087237
650.787,-8.947857488320393
651.116,-8.736045627440378
651.444,-8.596770714820826
651.772,-8.831174635283835
652.1,-9.003928504072237
652.428,-8.815618547745801
652.756,-8.647928142640437
653.084,-8.909652765474242
653.412,-8.789492519749357
653.74,-8.997946582622507
654.068,-8.88755421375124
654.396,-8.782980187378074
654.724,-8.833170777056523
655.051,-8.63633117610114
655.379,-8.809655104308707
655.707,-8.65901728480592
656.034,-8.808309584028246
656.362,-8.564744798044009
656.689,-8.996740927163392
657.016,-9.068716432682974
657.344,-9.037532578051854
657.671,-8.298460251089658
657.998,-8.923076260727878
658.325,-8.802467308112075
658.653,-8.890883083387145
658.98,-8.701510730047499
659.307,-8.865127271417375
659.634,-8.84869470227238
659.961,-8.95096866629503
660.287,-8.807447501778796
660.614,-8.730972933831783
660.941,-8.843070249375996
661.268,-8.60360560614785
661.595,-8.77675480936624
661.921,-8.953967590309755
662.248,-8.34688426733461
662.574,-8.49613157132926
662.901,-8.542597246552672
663.227,-9.086022499466106
663.553,-8.79987602831667
663.88,-8.61344612086571
664.206,-8.616541296513399
664.532,-8.767593899942202
664.858,-8.718477275454909
665.185,-8.860023938740134
665.511,-8.76321616414865
665.837,-9.071959550043134
666.163,-8.543457680593647
666.489,-8.84515841301203
666.814,-8.658026157307054
667.14,-8.941528234006485
667.466,-8.553266227664095
667.792,-8.70485071103521
668.117,-9.008395714055958
668.443,-8.593713656298135
668.769,-9.128741246792435
669.094,-8.48724330044897
669.419,-8.552741275136391
669.745,-8.37572982425823
670.07,-8.522722176368138
670.396,-8.667931092911179
670.721,-8.936174366448709
671.046,-9.022786641741597
671.371,-8.295769896880993
671.696,-8.766112529167614
672.021,-8.74187784515157
672.346,-8.774843680396337
672.671,-8.671132522964779
672.996,-8.588242201206416
673.321,-8.496898189354487
673.646,-8.683639324807896
673.97,-8.655094268931164
674.295,-8.465871173038575
674.62,-8.310994616048381
674.944,-8.795394336594532
675.269,-8.73508468840471
675.593,-8.778191800912362
675.918,-8.63751090429472
676.242,-8.746252380803048
676.567,-8.592397481277082
676.891,-8.677855238632368
677.215,-8.417867915624905
677.539,-8.43766804349905
677.863,-9.006366400110458
678.187,-8.834708106448177
678.511,-8.594828858094985
678.835,-8.930364470895595
679.159,-8.813256823738255
679.483,-8.606918950452474
679.807,-8.976113103956278
680.131,-8.74776391770781
680.455,-8.683736975303603
680.778,-8.924367857153136
681.102,-8.683475354293654
681.425,-8.854870334479408
681.749,-8.428442181662563
682.072,-8.51298516304605
682.396,-8.295132087447275
682.719,-8.563127944034017
683.042,-8.369886695543645
683.366,-8.53158838969109
683.689,-8.601401492724952
684.012,-8.820559547469122
684.335,-8.64551345046527
684.658,-8.760577594762095
684.981,-9.096661751225804
685.304,-8.903398501180924
685.627,-8.771599031264746
685.95,-8.535033635083847
686.273,-8.54309656841223
686.595,-8.565450365985624
686.918,-8.487437005342008
687.241,-8.578955381723619
687.563,-8.709024566470061
687.886,-8.341498567781384
688.208,-8.791831923472873
688.531,-8.620829116400923
688.853,-8.933836839828935
689.175,-8.447657092813253
689.498,-8.58241314213957
689.82,-8.411907059400322
690.142,-8.459447103051193
690.464,-8.585807389842575
690.786,-8.657940962537428
691.108,-9.018339330598746
691.43,-8.43057482072027
691.752,-8.959249254497848
692.074,-8.944375487267864
692.396,-8.591560018740179
692.718,-8.8103430552901
693.039,-8.466804504124447
693.361,-8.650491869895863
693.683,-8.55745041785955
694.004,-8.436307862602458
694.326,-8.468040919656703
694.647,-8.183100230828044
694.969,-8.39164198429587
695.29,-8.703973565770092
695.611,-8.700606502129682
695.932,-8.116567999818326
696.254,-8.732097706652937
696.575,-8.837219314090948
696.896,-8.706689976491484
697.217,-8.374624173989298
697.538,-8.48863224617457
697.859,-8.071423499493092
698.18,-9.235687846261177
698.501,-8.29193114398355
698.821,-8.498857201987445
699.142,-9.064771549076385
699.463,-8.788016374399666
699.783,-9.076217958476052
700.104,-8.190216274767293
700.424,-8.427257799363085
700.745,-8.17858050466862
701.065,-8.91046318119828
701.386,-8.913411026323633
701.706,-8.03983816854092
702.026,-8.747137343500276
702.347,-8.643515827341671
702.667,-8.798100700370867
702.987,-8.686203840722708
703.307,-8.722037140154638
703.627,-8.366014380601017
703.947,-8.626340388416324
704.267,-8.69540937184838
704.587,-8.400957276872651
704.906,-8.623784358192593
705.226,-8.559731407418893
705.546,-8.482987788873714
705.865,-8.572144238803627
706.185,-9.163046033792469
706.505,-8.362733797967957
706.824,-8.50264594750988
707.143,-8.658126316861683
707.463,-8.554130053480321
707.782,-8.292280196520595
708.101,-8.8672213991145
708.421,-8.894190085724928
708.74,-8.343656375930468
709.059,-8.74634748083894
709.378,-8.259885366277121
709.697,-8.522985116423621
710.016,-8.069611580607518
710.335,-8.319168892404493
710.654,-8.49943460671871
710.973,-8.328930938118841
711.291,-8.702398278619373
711.61,-8.372978155147193
711.929,-8.885305292948818
712.247,-8.556722329941218
712.566,-8.78267342814468
712.884,-8.914961380310237
713.203,-8.332576539303052
713.521,-8.526649928195905
713.84,-8.350853446756362
714.158,-8.581460788486302
714.476,-8.455144148039368
714.794,-8.489850673940095
715.112,-8.14037662270127
715.431,-8.344134037370198
715.749,-8.411977918879751
716.067,-8.207869646093181
716.384,-8.490314000332951
716.702,-8.30518638715583
717.02,-8.440205595120013
717.338,-8.675642275792622
717.656,-8.288411531878623
717.973,-8.75253826326737
718.291,-8.810573561353051
718.608,-8.16610485456
718.926,-8.156262157264587
719.243,-8.327168193561214
719.561,-8.309566777475926
719.878,-8.3783629641069
720.195,-8.69077415869596
720.513,-8.677093711500575
720.83,-8.551269823861734
721.147,-7.724500606527889
721.464,-9.373672381800914
721.781,-8.645087162984268
722.098,-8.741734537519697
722.415,-8.557376303412084
722.732,-8.335128073409644
723.049,-8.119398370043697
723.366,-8.638627895828765
723.682,-8.380437741305872
723.999,-8.564604618490085
724.316,-8.771368669515633
724.632,-8.020482493527297
724.949,-7.343904388718765
725.265,-8.309733382994722
725.582,-8.214642217398696
725.898,-8.431773964929231
726.214,-8.521984710974072
726.53,-8.039015840958402
726.847,-8.70435006097711
727.163,-8.493607395961645
727.479,-8.031217776188102
727.795,-8.932957529062053
728.111,-8.18295697441915
728.427,-8.101282153051834
728.743,-8.490305141506402
729.059,-8.115977009726748
729.374,-8.517175488031288
729.69,-8.778773453827283
730.006,-8.474572842585312
730.321,-8.735395947335121
730.637,-8.316619139769076
730.952,-8.587898406976018
731.268,-8.342615196427664
731.583,-8.111366995674123
731.899,-7.983210239519608
732.214,-7.989517450022601
732.529,-8.713795182662151
732.844,-8.435337145267374
733.16,-8.423851493921326
733.475,-8.8770529352043
733.79,-8.783211269129893
734.105,-8.596114484581102
734.42,-7.951284803922034
734.735,-8.443139718596317
735.049,-8.288996615612588
735.364,-8.465053410699952
735.679,-8.587555172992426
735.994,-8.94996917141062
736.308,-8.482402934506895
736.623,-8.60155149968855
736.937,-8.317662809839062
737.252,-7.345313423079284
737.566,-8.08435028667911
737.881,-8.241365384683533
738.195,-8.404170041727674
738.509,-8.449291675263762
738.823,-8.757677038145335
739.137,-8.005766587600517
739.452,-8.275196942117919
739.766,-8.89392976171083
740.08,-7.704165203058894
740.394,-7.949679604566229
740.707,-8.822949010822963
741.021,-9.143135351100343
741.335,-7.608581728041548
741.649,-7.718257243383699
741.962,-8.672331456901684
742.276,-8.605792082587365
742.59,-8.309636740070578
742.903,-8.140370021603426
743.217,-9.155368835902719
743.53,-8.569847115499806
743.843,-8.076555188502173
744.157,-8.459532813168629
744.47,-8.072513728805768
744.783,-8.102467800873285
745.096,-8.521393412051136
745.409,-8.798708560734093
745.722,-9.31017711586082
746.035,-8.810249118327647
746.348,-8.647607252765736
746.661,-9.55080033523767
746.974,-8.688233725098467
747.287,-8.46781168597333
747.6,-7.935197049500031
747.912,-8.310491219883588
748.225,-8.613561175277312
748.537,-8.89263880847281
748.85,-8.863373169426499
749.162,-8.803635502105287
749.475,-8.81908105231978
749.787,-8.861506331321703
750.099,-9.036010164833916
750.412,-7.825762317139771
750.724,-8.581677789769202
751.036,-7.805811921932782
751.348,-8.872460403010695
751.66,-8.559670540747653
751.972,-8.634448408341251
752.284,-8.572242516909201
752.596,-8.664096312809662
752.908,-9.340227722408224
753.219,-8.380752687260662
753.531,-8.815632823999923
753.843,-8.331840528880344
754.154,-9.354925164314214
754.466,-8.388885243350986
754.778,-8.330077098025317
755.089,-8.688050808051523
755.4,-9.363012189421493
755.712,-7.885712405488346
756.023,-8.721009850542755
756.334,-9.47967265480159
756.645,-9.242585038475292
756.957,-8.566966995125696
757.268,-9.089427467661295
757.579,-8.986839213997648
757.89,-9.085356407870437
758.201,-8.764685420153766
758.511,-9.649851424447922
758.822,-9.054243756534953
759.133,-8.654268589252261
759.444,-8.767320806614917
759.754,-8.782761798080863
760.065,-9.175678272066824
760.375,-9.463470207081402
760.686,-8.961595118060357
760.996,-8.154754901037045
761.307,-8.45355907545969
761.617,-9.795087412445193
761.927,-8.482749400942625
762.238,-8.882510216208777
762.548,-9.83764038329654
762.858,-8.575853169016574
763.168,-9.103151646647131
763.478,-8.95588516268025
763.788,-8.875216482497404
764.098,-9.163825969502081
764.408,-8.674445199409679
764.718,-9.777083594382734
765.027,-9.952322389672336
765.337,-8.718653854365735
765.647,-8.487738374588748
765.956,-8.358692834290304
766.266,-9.32592074461197
766.575,-9.369107697195954
766.885,-8.655043050576392
767.194,-9.62492730518896
767.503,-9.598098068399306
767.813,-8.79739168787578
768.122,-9.510738565775155
768.431,-8.985761725595157
768.74,-8.049258827841518
769.049,-8.96057809602869
769.358,-8.88812622362735
769.667,-10.019149454469597
769.976,-8.807493157071663
770.285,-9.710342687763177
770.594,-9.539038488131801
770.902,-10.364832352351252
771.211,-9.096462585455715
771.52,-8.811873044125328
771.828,-8.720288181958393
772.137,-8.758831990312935
772.445,-9.018251040171453
772.754,-8.623378200052171
773.062,-9.05725553576173
773.37,-8.673951806416321
773.678,-8.972484252946813
773.987,-9.512079187725206
774.295,-8.936194704161974
774.603,-9.47230789236821
774.911,-8.922478204454013
775.219,-8.567957579896508
775.527,-9.110020098534843
775.835,-9.540012300619097
776.142,-9.87021788213667
776.45,-8.85826378640159
776.758,-8.879135735157902
777.066,-8.78213583568609
777.373,-9.106636100291132
777.681,-9.599338402123186
777.988,-7.936062133599181
778.296,-9.609333415428113
778.603,-9.418728691008285
778.91,-8.404570112282281
779.218,-8.322571523548643
779.525,-9.374275358410321
779.832,-9.378814569756289
780.139,-9.196213757618416
780.446,-9.140676044486444
780.753,-8.31715381452225
781.06,-8.720572342372474
781.367,-9.85867090855021
781.674,-8.909606192945503
781.981,-8.774641979721908
782.288,-9.451104323826264
782.594,-8.433698255477264
782.901,-8.031930256646021
783.207,-8.82652721986599
783.514,-9.732802017758683
783.82,-8.732056242428913
784.127,-8.613226667168636
784.433,-8.560877215223854
784.74,-8.878641255893614
785.046,-9.835084171652793
785.352,-9.393532783020603
785.658,-9.22433524105287
785.964,-8.922914023525857
786.27,-10.635669124216795
786.576,-8.763010703423392
786.882,-9.209502345474391
787.188,-9.890073843887082
787.494,-10.080169745581165
787.8,-8.933759764802105
788.105,-8.557575352522264
788.411,-10.510451224261098
788.717,-8.76313539334456
789.022,-8.34835252877935
789.328,-9.88887356233342
789.633,-9.113369016149138
789.939,-9.918568793460148
790.244,-9.057203414971076
790.549,-7.8944890139298165
790.855,-10.288874003922404
791.16,-9.418614694909909
791.465,-8.550619036716288
791.77,-10.400186462876324
792.075,-10.225638908193858
792.38,-8.587567039680184
792.685,-8.409575651223362
792.99,-9.630265102621792
793.294,-8.94248415804866
793.599,-8.073956973649654
793.904,-8.57341696708569
794.209,-9.412804834454983
794.513,-9.659665985392689
794.818,-8.348162184387277
795.122,-8.580100483124241
795.427,-8.568723734835539
795.731,-10.411733369244555
796.035,-9.55877964065788
796.339,-8.604861825454808
796.644,-8.063344482082845
796.948,-8.403991885845938
797.252,-9.112618440498357
797.556,-9.624572261648101
797.86,-10.278843802230478
798.164,-7.8446444098278665
798.468,-8.376457427492719
798.772,-8.160729325971706
799.075,-9.316244486826372
799.379,-10.008863033799761
799.683,-10.254085760531275
799.986,-10.035745880387955
800.29,-7.172369441440012
800.593,-9.312657079040383
800.897,-9.245775977311833
801.2,-8.67843067242726
801.504,-8.365972626516601
801.807,-8.262077630971039
802.11,-8.945743767951287
802.413,-8.449611568655394
802.716,-9.302863855310825
803.019,-8.779375022134275
803.322,-9.077600503190054
803.625,-10.029803645076683
803.928,-7.931240843016982
804.231,-9.408486027929838
804.534,-7.8893050862510075
804.837,-8.415489209687125
805.139,-9.443481016461902
805.442,-9.401959125293324
805.745,-9.324182091763666
806.047,-9.648427484156452
806.35,-8.29940775281433
806.652,-7.069818029766719
806.954,-9.794673245104779
807.257,-10.22502125780007
807.559,-9.920482985359815
807.861,-7.6780161926861785
808.163,-8.992808089549518
808.465,-9.349349655941928
808.767,-9.312604540315345
809.069,-8.498688528046358
809.371,-7.437135639872946
809.673,-10.208091120344148
809.975,-8.315623214366314
810.277,-9.396580315204366
810.578,-8.18288999069667
810.88,-8.968534708323396
811.182,-9.44293960679238
811.483,-9.813237386330966
811.785,-8.020864585503299
812.086,-8.741148530052449
812.387,-8.34063069280688
812.689,-9.083809668056565
812.99,-6.973243203619417
813.291,-8.671643009285383
813.592,-9.885682984780368
813.893,-8.93401456021711
814.195,-8.196457544541978
814.496,-10.724764598664406
814.796,-8.15629630199389
815.097,-7.930434575871421
815.398,-7.4128064520771915
815.699,-9.702323496716314
816,-9.474847177918528
816.3,-7.704274633941817
816.601,-7.383284067387461
816.901,-9.406667591063506
817.202,-6.629994595465663
817.502,-9.224122142968156
817.803,-10.452354660909295
818.103,-7.801296082063041
818.403,-8.696675293177314
818.704,-6.860710350377738
819.004,-7.883263577425209
819.304,-8.373826879919976
819.604,-7.12029392884255
819.904,-8.309646367263701
820.204,-10.141588872870635
820.504,-7.194415385389302
820.804,-8.932715876730303
821.104,-8.512134667700229
821.403,-8.281750567767503
821.703,-10.147288517716543
822.003,-11.106436418774127
822.302,-8.351349994762199
822.602,-10.30723480583169
822.901,-7.86215977948821
823.201,-9.358619279564588
823.5,-10.229490542709458
823.799,-8.23504427587743
824.098,-8.288382307942154
824.398,-7.974076811904024
824.697,-7.557456956545344
824.996,-8.082932778805365
825.295,-6.651843258757217
825.594,-7.856146809653469
825.893,-8.100677550329172
826.192,-8.008511122867883
826.49,-9.07704822019847
826.789,-6.389110331443676
827.088,-8.47190634293731
827.386,-11.900440441805687
827.685,-11.471185732139213
827.983,-7.996858688939362
828.282,-8.8394690145805
828.58,-7.589489988746824
828.879,-8.697158048649113
829.177,-7.975932493879072
829.475,-8.667737817691773
829.773,-7.554659931761917
830.072,-8.250263727130877
830.37,-9.978379856948445
830.668,-10.173651559006634
830.966,-7.52143283120841
831.264,-8.938995407826267
831.562,-9.451936099006694
831.859,-6.591990489682096
832.157,-8.289130950578935
832.455,-9.453704396460218
832.752,-8.556815935739086
833.05,-10.427425867066674
833.348,-8.981467351187064
833.645,-6.078125939650496
833.942,-7.574686438482637
834.24,-8.586889080134824
834.537,-11.086801090600295
834.834,-9.448243881247262
835.132,-11.89413360061329
835.429,-8.952737379256266
835.726,-6.88041446810142
836.023,-11.43551186748072
836.32,-9.082967778697098
836.617,-8.03381456223042
836.914,-8.870914475572167
837.21,-10.78538095790958
837.507,-7.527838963771959
837.804,-7.440901083676321
838.101,-9.60067312633874
838.397,-7.701287491223225
838.694,-9.23644625346787
838.99,-9.818398773133012
839.287,-5.329561287448207
839.583,-8.15469251826086
839.879,-6.7161228522131085
840.176,-12.228059524618258
840.472,-6.373586460889033
840.768,-8.874858912813998
841.064,-9.74025994639262
841.36,-9.295308893293143
841.656,-6.00855632113296
841.952,-6.922673105385512
842.248,-7.6788447417116465
842.544,-7.000732615955458
842.839,-6.692627579751531
843.135,-8.331650174199636
843.431,-5.010467018360623
843.726,-7.120562774157604
844.022,-9.203599582950478
844.317,-9.573641208745302
844.613,-7.718124857762772
844.908,-8.4346300989354
845.204,-9.725373320636788
845.499,-10.05030888834513
845.794,-7.626783413939164
846.089,-10.197625359744624
846.384,-8.909507502089538
846.679,-9.059647236209322
846.974,-7.324871371016071
847.269,-8.612113555691531
847.564,-8.669095374663932
847.859,-7.6584580327983165
848.154,-7.9916175539507135
848.448,-8.078836419975039
848.743,-8.204353478730928
849.038,-8.475563587379533
849.332,-11.824404707030395
849.627,-7.514811921902629
849.921,-9.68499668593991
850.215,-8.818597355660039
850.51,-8.185805683162544
850.804,-8.955422620754602
851.098,-8.523224828305864
851.392,-8.026588598056566
851.686,-8.784996752028041
851.981,-9.156991967738955
852.275,-9.969763023391177
852.568,-10.387936138292991
852.862,-8.276961098260559
853.156,-8.401528186654327
853.45,-7.3225208829563115
853.744,-12.328153817786976
854.037,-6.878677931811754
854.331,-6.556018453940915
854.624,-7.280604377058327
854.918,-8.687888589146613
855.211,-9.290829641315266
855.505,-8.601828806075352
855.798,-7.381600511473296
856.091,-7.578399523090188
856.384,-9.590739846456426
856.678,-9.205672562915478
856.971,-10.242807105831783
857.264,-10.933185955666989
857.557,-7.452184840403854
857.85,-7.750424275758465
858.143,-7.901637885556095
858.435,-9.432117856172606
858.728,-9.482853816200953
859.021,-7.469943236375443
859.313,-7.813663500169911
859.606,-9.429424955693728
859.899,-7.407338792243509
860.191,-8.881051486603985
860.483,-9.614486601807949
860.776,-6.133064552386225
861.068,-8.226336824389971
861.36,-8.481374459450466
861.653,-9.947989630592039
861.945,-6.958639408609881
862.237,-9.884604839709898
862.529,-8.510838936816448
862.821,-7.5850936273949685
863.113,-9.208527013176674
863.405,-11.804636873879792
863.696,-9.341665887388455
863.988,-7.858612512165735
864.28,-6.49394615057708
864.572,-10.147367234900488
864.863,-5.510166347837526
865.155,-6.677370158343847
865.446,-10.11523567342485
865.738,-9.039942271815772
866.029,-6.842841791015532
866.32,-9.500898850601148
866.611,-7.858607544667235
866.903,-9.000635306733002
867.194,-7.261667340908344
867.485,-7.384625175248494
867.776,-3.5474716259486443
868.067,-9.170945872866167
868.358,-11.073870571575874
868.649,-8.719417076761648
868.939,-6.214932489763315
869.23,-5.175094345867943
869.521,-11.199514990049638
869.811,-7.258156940142872
870.102,-11.242470936776858
870.393,-7.148208228008166
870.683,-7.807192604061108
870.973,-7.484884877543954
871.264,-8.81237702890749
871.554,-6.543522190211273
871.844,-8.097146198770835
872.135,-9.449954519848701
872.425,-12.715316896201589
872.715,-12.723877210858104
873.005,-7.123961484145823
873.295,-8.548039533144996
873.585,-9.15280586076338
873.874,-8.16529454908119
874.164,-1.415628695118498
874.454,-7.78930577240709
874.744,-4.629555055166108
875.033,-15.282647980152344
875.323,-11.540332507500132
875.612,-8.502891267479283
875.902,-9.029754991735366
876.191,-6.008466739998838
876.48,-13.218830546558657
876.77,-6.388631788436792
877.059,-8.11562947435526
877.348,-13.136676578015928
877.637,-6.729837314115788
877.926,-9.78070408825441
878.215,-14.156446079494785
878.504,-7.247939988954612
878.793,-15.042382489156152
879.082,-9.953427722603644
879.371,-10.469559186265453
879.659,-4.233545874074993
879.948,-8.37746600554449
880.237,-8.674401264276227
880.525,-13.336516533308314
880.814,-6.500592209627955
881.102,-16.37690999240455
881.391,-12.786879235612785
881.679,-39.74313815234896
881.967,-1.0590950182143308
882.255,-3.6788158560998827
882.544,-10.115317805313671
882.832,-7.902047676394149
883.12,-7.809913421989256
883.408,-3.0823564325060837
883.696,-7.5023785230473115
883.983,-7.031360972687563
884.271,-6.681414868305825
