153.834,0.0
154.224,-0.9529887700525776
154.614,-17.66708190655306
155.005,6.814513687041287
155.395,4.0888986747326435
155.785,-0.414973347970818
156.176,-10.955916486811807
156.566,0.0
156.956,3.9351768668005036
157.346,0.0
157.736,-0.6347883191532608
158.126,-2.3703511345061434
158.516,-0.0914733672177834
158.906,5.604266551692357
159.296,-3.588773003513494
159.686,-3.208317017818306
160.075,2.8807861614015757
160.465,-1.6960128954789475
160.855,3.2157588289200105
161.245,2.330592266271746
161.634,-6.567100626634207
162.024,3.400979701049371
162.414,0.0
162.803,-2.411443502174544
163.193,3.9792622722664834
163.582,-2.560272414077266
163.971,0.0
164.361,2.5538119991430013
164.75,9.553349345423197
165.139,-3.0877814178095426
165.529,-1.5856747204478097
165.918,-2.7901546403110453
166.307,0.0
166.696,0.6672259692875957
167.085,13.116765347775578
167.474,-8.642355307967875
167.863,9.876889286241227
168.252,-4.360076210329861
168.641,9.569094339935814
169.03,0.0
169.419,1.568997669946645
169.808,0.29209912794661513
170.197,6.392810699266635
170.585,-0.23718230403724233
170.974,5.466860642843559
171.363,9.05103301584293
171.751,20.003097438547528
172.14,-0.8965548506367309
172.529,1.7612348254591241
172.917,-3.539220305327162
173.306,1.7869075357231423
173.694,0.3420202712494009
174.082,0.0
174.471,-6.081292013119144
174.859,0.0
175.247,2.1596158793222986
175.635,0.014767278810357637
176.024,-19.786097355066197
176.412,9.597182733886932
176.8,-4.201095780348299
177.188,-1.5314789170422551
177.576,-12.06826297466341
177.964,0.0
178.352,0.0
178.74,0.21131053681220402
179.128,1.1063149519035327
179.515,8.839033049809284
179.903,-0.8097691791213618
180.291,-1.9738803050182088
180.679,-0.5590575443999484
181.066,-11.904891043599765
181.454,0.0
181.842,0.0
182.229,6.11216652175452
182.617,9.472528070289297
183.004,3.522598733738807
183.391,1.1789123931578183
183.779,1.7192770345825545
184.166,3.733891521773384
184.554,-4.72156537974656
184.941,11.030545811924053
185.328,0.8970553295951973
185.715,5.3432847507461565
186.102,-6.440965034788151
186.489,-11.053980283837008
186.876,0.0
187.263,-2.9721846780968315
187.65,-17.82564786780791
188.037,1.5199967232077622
188.424,-2.739705898513016
188.811,-4.363976867066207
189.198,-2.2870599522912642
189.585,-3.670992657691651
189.971,-2.962456321687429
190.358,-7.001455783244217
190.745,0.40819102861894807
191.131,-0.30067813635860374
191.518,1.9616395228540584
191.905,-0.9055821668714111
192.291,-3.114645938804383
192.677,1.6740874306277267
193.064,-1.9340814917679878
193.45,-6.109144214293833
193.837,-2.342927708294728
194.223,-2.5714779685238014
194.609,-0.3387157089004714
194.995,-0.9730188685718449
195.381,-1.7942694514949906
195.768,-2.9631813324368173
196.154,-1.0304706610483076
196.54,-5.6056373562755795
196.926,-6.476524427271173
197.312,-1.4734654809648198
197.698,-4.701831698401588
198.084,-3.1781001964321702
198.469,-3.288976374733323
198.855,0.5135797565481528
199.241,-2.349235192515334
199.627,-0.9491103381474184
200.012,-7.876944530970496
200.398,-5.12314604743172
200.784,-1.6172422157701576
201.169,-4.264202368030875
201.555,-3.53098406192595
201.94,-0.8420024817741889
202.326,-9.012763629549275
202.711,2.0195097561010127
203.096,-3.918415352763617
203.482,0.5200095145231775
203.867,-0.43176104001089266
204.252,-0.3701579278009589
204.637,-2.586791365781896
205.023,-13.326082386478465
205.408,2.3843221793072367
205.793,-4.520858465003005
206.178,-0.03983874093506441
206.563,-6.351212071908323
206.948,-1.567520913113248
207.333,-6.55102910365208
207.718,-6.371002896841503
208.102,-3.546649515448196
208.487,-3.4987899412613865
208.872,-2.953198575670778
209.257,-2.194093739722536
209.641,-0.801074617493864
210.026,-3.13951234620172
210.41,0.4161826563468527
210.795,-4.437439087045705
211.18,-1.1898882365776335
211.564,-3.8841317677967746
211.948,-5.376799475056047
212.333,-2.0573176573069687
212.717,-4.423814445786816
213.101,-0.7039894502870792
213.486,-0.9687754450094705
213.87,-9.570398138039216
214.254,-12.468597367744296
214.638,-3.2493220533234193
215.022,2.4132333807005626
215.406,-1.8387608410850595
215.79,-7.0852637579719575
216.174,-0.9437896078661882
216.558,-5.7583719360683325
216.942,-0.1275831645576546
217.326,-5.187057838499714
217.71,-3.6099621867645535
218.094,0.9169163890288651
218.477,-4.54988560880149
218.861,-2.4658932078555886
219.245,-6.474509760965406
219.628,3.9211337366751455
220.012,-2.2446718885400743
220.395,-6.293547927598711
220.779,-5.745055639608906
221.162,-3.186522987801075
221.546,-3.9867047989137014
221.929,-6.736517583824632
222.312,1.3329779814745175
222.696,-5.552789010149444
223.079,-1.7345644984040083
223.462,-0.5851471719680676
223.845,-0.9274260018441919
224.228,-1.8196308137649408
224.611,-5.8006293937788875
224.994,-3.6531281102908975
225.377,-6.4698946881046755
225.76,0.7960858343926397
226.143,-2.96418451050099
226.526,-1.3983217477036907
226.909,-3.4274443646320516
227.292,2.25683672754655
227.675,-2.9909944061390963
228.057,-3.889765075578538
228.44,-1.637121858639722
228.822,-1.4564096399204354
229.205,-6.761941705761724
229.588,-5.002994861530778
229.97,-14.572883968504605
230.353,-3.6731319046782813
230.735,1.3226342662502308
231.117,-9.436577988884675
231.5,-6.711282464439019
231.882,-2.367200770371796
232.264,-5.880029512006946
232.646,-5.22559592894269
233.029,-0.8541999274197432
233.411,-4.504301514919028
233.793,-2.813765069273535
234.175,-3.088680576780992
234.557,-4.430881178130431
234.939,-6.360536009855114
235.321,-0.3099423857024836
235.703,-2.7499485143457103
236.084,-0.1933807223804226
236.466,0.5102074477845162
236.848,-8.705140287981916
237.23,-0.9115817994641212
237.611,-4.783273422865912
237.993,-2.348404151739363
238.375,2.9851415663296557
238.756,-1.852916935680976
239.138,-7.2211645805266045
239.519,-4.918828848325125
239.901,2.7460198656667085
240.282,-9.539374585575661
240.663,-3.1218226462349032
241.045,0.3098415925949535
241.426,-0.33980562580248064
241.807,-0.9554599296992444
242.188,0.5287283771764189
242.569,-4.196034907377437
242.95,1.4862921084585121
243.332,-7.547329340654316
243.713,-11.086915342997347
244.093,-8.308737052581336
244.474,-4.883200865048534
244.855,-5.923484747464797
245.236,-2.9035317184608926
245.617,-0.4216703190867335
245.998,-0.8009153487442631
246.378,-4.804724249483012
246.759,-1.7599035246666097
247.14,-0.7667723746326761
247.52,-7.8684813288708595
247.901,-1.8871867470867945
248.281,-1.0326875912494855
248.662,-0.5912786720581613
249.042,-3.1886111218979334
249.423,2.6349267548592072
249.803,-2.532100935182356
250.183,-0.3787356507340314
250.564,-6.6162812039342604
250.944,-3.260745821173577
251.324,0.5680565021797418
251.704,-7.920818051326793
252.084,-2.295008221860195
252.464,-1.3358941983489627
252.844,-4.0039503073759874
253.224,1.3035328993253694
253.604,2.0452168323953663
253.984,2.559993312216941
254.364,-2.4511154537655155
254.744,1.170711494090512
255.124,-0.8476790699933799
255.503,-2.148109491661568
255.883,-0.09160614814833683
256.263,0.7994977322046802
256.642,-0.4261967439340326
257.022,-1.7940965913355111
257.401,-4.114594970278482
257.781,-12.430452978954998
258.16,-0.15659287036292585
258.539,-4.6774522950537305
258.919,-3.8634819505757503
259.298,-7.575050706638155
259.677,-6.710252162055405
260.057,-0.2289856836116581
260.436,-0.7527978273452035
260.815,-1.246721006508216
261.194,-6.7599162269455855
261.573,6.025621947103829
261.952,-2.8413466027131475
262.331,0.40819991423147906
262.71,-5.860094949770383
263.089,-1.5581977290825948
263.468,-4.440893867395467
263.847,-2.4528455019598074
264.225,-1.609246876184363
264.604,-6.36026303715531
264.983,-15.77087073088982
265.361,-1.0637709025797086
265.74,-7.980165790680704
266.118,-5.799263372113821
266.497,-2.192957472086634
266.875,-2.9877929157149925
267.254,-3.4421165079204816
267.632,-0.9092464319905985
268.011,-5.418337772733922
268.389,2.430163039447808
268.767,-3.522615179717646
269.145,-0.2473450085976564
269.524,0.9892314897820067
269.902,-0.07009390600559093
270.28,-2.176751823999512
270.658,-0.6129585827700226
271.036,-5.89558174914433
271.414,0.176966021225263
271.792,1.679205539668147
272.17,-1.3937915200357593
272.547,1.4784051260712174
272.925,-3.4791394904221056
273.303,-4.8414746789384635
273.681,-2.7067099619308075
274.058,-0.9812414163233105
274.436,0.7798674724944901
274.814,-1.318863489111544
275.191,-6.974513859523545
275.569,1.460609968349432
275.946,0.387887141054362
276.323,3.2700731199144086
276.701,-4.314697854825643
277.078,-7.3829062596095785
277.455,-5.593246663512884
277.833,-6.348172098758076
278.21,-1.9517299840036995
278.587,-0.010806827924875168
278.964,-4.257661016587163
279.341,-17.734243668651217
279.718,-2.2473989963721106
280.095,-5.392660900526732
280.472,-1.2255518442825175
280.849,-0.7206266747097656
281.226,-0.9000396401617076
281.603,-3.2799094785577587
281.98,-5.31456079189158
282.356,-7.401675902522338
282.733,-3.336009950160796
283.11,-7.099585288069674
283.486,2.7398177010653764
283.863,-5.128457790871151
284.239,-0.7927550263204635
284.616,-6.193833405668464
284.992,-3.347919282947823
285.369,-2.137916434638395
285.745,-2.961365317037637
286.121,-4.045475035401679
286.498,0.43740024142847145
286.874,0.9616951439093819
287.25,0.9229055076317242
287.626,-8.799477555514784
288.002,0.9225402073338929
288.379,1.7500938368661743
288.755,0.15446002962176714
289.131,-2.695403495672439
289.506,-1.9014861989998906
289.882,-0.7238722497366875
290.258,-2.4673563225703656
290.634,-3.1982800440334085
291.01,-3.9509278169824578
291.385,-2.765426314602287
291.761,-3.3215342625202817
292.137,-0.7338329900162083
292.512,-1.653677363382615
292.888,0.8033377384345671
293.263,0.366040106674948
293.639,-0.6500572731888992
294.014,-2.2571803813728946
294.39,-7.336845342038192
294.765,-5.852067250371853
295.14,-0.36030227049024627
295.516,-2.6507889898156827
295.891,-3.6498127557382154
296.266,-4.537512711501219
296.641,-4.7069787188274255
297.016,-2.526365496541692
297.391,-3.7979275110689894
297.766,-2.0670975504120355
298.141,-5.240436047859818
298.516,-2.4787168732793017
298.891,-1.9745166888999344
299.266,-0.2737199031333757
299.641,-8.565292347107732
300.015,-3.6501610546448333
300.39,-4.734267101994122
300.765,-5.438756230535055
301.139,-3.775724862211555
301.514,-3.475614795875106
301.889,-3.437180893419373
302.263,-2.3760529036842084
302.637,-2.9698186821772086
303.012,-2.0580537713283773
303.386,-0.9241620748216748
303.761,-1.6588251912750316
304.135,-1.655781658161176
304.509,0.7208194726234857
304.883,-2.5398709604650933
305.257,-0.5511490961022956
305.632,-2.51505588245578
306.006,-4.795582960008327
306.38,-4.334545585009234
306.754,1.0220313858681507
307.128,-2.9790206551647254
307.501,-5.108789320126155
307.875,-3.5853732008045642
308.249,-2.0954315806867623
308.623,-4.824488259540074
308.997,-4.411855558510961
309.37,-1.3889808221167663
309.744,-6.070703879119563
310.117,-1.9276279447573512
310.491,-2.4541280922084248
310.865,-5.377331677862777
311.238,-4.456255319751288
311.611,-9.259110529756411
311.985,0.34833080191748317
312.358,-0.6035799581217777
312.731,0.1336011587741574
313.105,-1.7232869680095793
313.478,-1.310090203911512
313.851,-0.23688513827488158
314.224,-3.423133195490804
314.597,0.4732302081929498
314.97,-0.40774275492502376
315.343,0.5618489586536819
315.716,0.8901729537533072
316.089,-5.973310230558483
316.462,-3.51439138266202
316.835,-0.782918369219128
317.208,-2.8613816353797974
317.58,1.0151450852179122
317.953,-5.256974152902081
318.326,-0.47490758283987805
318.698,3.1551948435441397
319.071,-0.5257199193000489
319.443,-3.0153337494955457
319.816,-20.264101734971124
320.188,-2.657472496576809
320.561,-2.9227425868956702
320.933,-4.856379003226147
321.305,-0.7662312741678092
321.678,0.7812446384189382
322.05,-4.665409185415609
322.422,1.9792752886126943
322.794,-1.6799639254085952
323.166,-1.6925490120622648
323.538,-4.05906771474236
323.91,-3.7647294597487577
324.282,-3.646836225064678
324.654,-1.5166741051947634
325.026,-3.356099209975795
325.398,-12.478417978663025
325.77,-8.450833091341517
326.141,-2.3594423858575926
326.513,-1.5162021627126485
326.885,-4.339033453009136
327.256,0.6246288884650181
327.628,3.2737969497064694
327.999,-2.213493704712709
328.371,-3.8287457423386644
328.742,-1.665420147602669
329.114,-8.723766564819645
329.485,-0.7477144601505954
329.856,-6.559469584960119
330.228,-2.879270565629521
330.599,-2.1221083859584846
330.97,-3.0649340660870923
331.341,-4.003285400408838
331.712,-3.8939587475749105
332.083,-7.9419060415747555
332.454,-1.7106968086031913
332.825,0.7266377370350566
333.196,2.8069692766824765
333.567,-0.17635169584317334
333.938,-1.591216304094235
334.309,-2.3095209119301465
334.679,-0.6257508813712084
335.05,-3.785605581541859
335.421,-4.818610111905554
335.791,-1.5751534355260222
336.162,-3.8301362351372688
336.533,-5.439275725188676
336.903,-5.921266862767732
337.273,-3.2721163993643043
337.644,-2.43508857191212
338.014,-1.2404843026026198
338.385,-0.1391414711227666
338.755,-3.9388763146015666
339.125,-11.474655895936891
339.495,0.9213222010157719
339.865,-1.8836327589950435
340.235,0.44486201792892294
340.606,2.413354498542405
340.976,-4.3474939095368965
341.345,-4.461655444524885
341.715,-5.08983230128821
342.085,0.4690957032351135
342.455,-2.261322755424309
342.825,-3.28454281045191
343.195,-2.77797095406623
343.564,-2.993695452583621
343.934,-2.5053617447239214
344.304,-2.3380791308292466
344.673,-3.771490783248279
345.043,-2.0717179532189456
345.412,-9.839009607302671
345.782,-7.914821682137846
346.151,-3.964712610198652
346.52,-6.1976139246810895
346.89,-4.983760578850648
347.259,-5.287595453263228
347.628,-5.239660076522428
347.997,-2.177349645860237
348.367,-8.846372421036056
348.736,-2.7061816104455545
349.105,-3.1889858572035488
349.474,-0.2842400880428738
349.843,0.2514683382653027
350.212,-5.781337917266044
350.58,-0.3473190584113014
350.949,-2.2909571650190457
351.318,-1.742401724470462
351.687,-3.7695738119648032
352.056,-1.808134483871492
352.424,-1.6708657973815333
352.793,-3.1312511602344406
353.161,-5.9516789114528175
353.53,-0.14112576752525954
353.898,1.0516776483657477
354.267,-0.4813334011706346
354.635,-11.210415748310606
355.004,-4.668721574450654
355.372,-4.676295036767757
355.74,-5.268425517445025
356.108,-4.764790584947412
356.477,-3.5536924594142656
356.845,-3.6853142417257008
357.213,-2.886389525541177
357.581,-5.108120152277628
357.949,1.2720598143134305
358.317,-2.969670875824577
358.685,-4.175439613993554
359.053,-6.8390527059285935
359.42,-4.441825562694641
359.788,-0.29600309446728035
360.156,-4.885912940217691
360.524,-1.8482771085836553
360.891,-1.2668447753924847
361.259,-3.8343100252181137
361.626,-3.7964201964204407
361.994,-2.2739844959806486
362.361,2.214631702226245
362.729,-3.5122228087431444
363.096,-7.70268783316193
363.464,-3.9773090818326775
363.831,-3.009547162032517
364.198,-2.2303939535264976
364.565,-3.558108914545204
364.932,-5.357457011735168
365.3,-7.540146720510575
365.667,-3.459824967723296
366.034,-1.982884591788691
366.401,-6.360956760827875
366.768,1.5184661261662886
367.134,-5.835117850398966
367.501,1.0508464312961419
367.868,-9.112330049574961
368.235,-2.514244697693628
368.602,-1.9747031616469843
368.968,-0.6854804920113237
369.335,-0.6912876011343657
369.702,-2.9753078062965606
370.068,0.15528843900110995
370.435,-4.526407771814502
370.801,-1.7553397077648034
371.167,-6.637723073135509
371.534,-1.6713678210234462
371.9,-1.5417472606279656
372.266,-4.369859869264344
372.633,-3.820342283732988
372.999,-0.42931742233695086
373.365,-1.225036868037943
373.731,0.50702016405436
374.097,-0.5590216820916443
374.463,-2.6410427208124045
374.829,0.9927273139768384
375.195,-5.868137311450437
375.561,-2.573398498942528
375.927,-2.1781298592951233
376.293,-1.656408142418278
376.658,-0.9926118681398927
377.024,-0.7819140307921864
377.39,2.7626714752129162
377.755,-1.030202057313321
378.121,-1.7538367475588852
378.487,0.08144680007916257
378.852,-1.855634167144485
379.217,0.3174201597286232
379.583,-6.339180082430542
379.948,0.5889477700441794
380.314,-2.501517111464362
380.679,-5.372957140554572
381.044,-1.8863927029827263
381.409,-5.113333183197225
381.774,-2.098893284771913
382.139,-0.8900955438904841
382.504,-3.9870366866193536
382.869,1.7785461088030516
383.234,0.11262583863821263
383.599,0.31469334583133424
383.964,-4.385480037579206
384.329,-1.670231209749527
384.694,-3.097108675148836
385.058,-1.4081223223203043
385.423,-5.3300186043072255
385.788,-0.3880467646844622
386.152,-5.042816660381627
386.517,-0.7195431660326862
386.881,-2.198193652279236
387.246,-3.4746542306827166
387.61,1.090834319888234
387.975,-5.725328303855973
388.339,-2.8725143800657627
388.703,-3.1159568853322157
389.068,-3.141768733702857
389.432,1.129479008648221
389.796,-1.8122324841993747
390.16,-0.7524013775473495
390.524,-5.40858554464039
390.888,-1.7537709529763934
391.252,-0.9159836052868828
391.616,1.8647066887868065
391.98,1.1416861273322647
392.344,-2.117914602004356
392.708,1.634848017912695
393.071,0.5246970709122343
393.435,-3.505590475300612
393.799,-3.3655062559581097
394.162,0.1877412075778798
394.526,-3.2666364291001995
394.889,-0.45170481035352367
395.253,0.4391343277120332
395.616,-0.12324119810463963
395.98,2.7103892291931153
396.343,0.5000000011507613
396.706,0.27837999138403435
397.07,-3.124573239999856
397.433,-0.4595408562461202
397.796,0.3273337405027785
398.159,-3.1164467693042774
398.522,-0.116735768373492
398.885,1.8822573988568778
399.248,1.6657073313849868
399.611,-1.5615826040322487
399.974,0.05008930806088065
400.337,0.5482646554426742
400.7,1.3153108722124847
401.063,1.687041808466461
401.425,0.32337057836477573
401.788,2.4880804893538673
402.151,-1.0234362146244644
402.513,1.5304024132714387
402.876,0.24065764885581897
403.238,-1.66906461398072
403.601,-0.9875262776924002
403.963,0.9728620202396712
404.325,1.9240956159751113
404.688,-0.07009536600588377
405.05,-0.3009145242867353
405.412,0.456010421756269
405.774,-0.3558136390202661
406.137,-2.673171236024229
406.499,-0.6284869117009835
406.861,-2.481115996845498
407.223,-0.13686467360786947
407.585,-1.1344865374911244
407.947,-0.6215478866519302
408.308,2.1680790986092684
408.67,2.2794755855577926
409.032,0.47074803059663695
409.394,2.084825058994804
409.756,1.9569464596320325
410.117,1.3005534648927541
410.479,3.3539753607524894
410.84,2.682776826647373
411.202,-0.23845634768862106
411.563,1.2852245615121616
411.925,1.9837817739820958
412.286,3.0933851139149198
412.647,1.0904925090323232
413.009,2.4052808185789267
413.37,3.7954211480532543
413.731,4.546092697058067
414.092,3.5845347057503467
414.453,5.6505144300818575
414.814,5.759247483725364
415.175,6.128918728912137
415.536,7.777076604996047
415.897,8.788268487786173
416.258,9.291622002346486
416.619,8.973795196260719
416.98,8.907667901683924
417.341,8.983609724591279
417.701,9.384449943680531
418.062,11.03163216443367
418.423,11.075315395472696
418.783,10.992488552275118
419.144,11.449201743101934
419.504,11.342116703765557
419.865,11.220075488718033
420.225,11.739091343261055
420.585,11.422832340069252
420.946,11.39293920618729
421.306,10.59383352178516
421.666,11.891470034457504
422.026,11.543097053092815
422.386,11.221807533126492
422.746,11.456813811252337
423.106,11.402009464276476
423.466,11.832318430960683
423.826,11.20134195374276
424.186,11.360823582712243
424.546,10.72289181692458
424.906,11.069365541559051
425.266,10.332498664415334
425.625,10.389327782068174
425.985,10.620554745355136
426.345,9.723763277747889
426.704,9.702383033983534
427.064,9.152979698024284
427.423,9.304055155705475
427.783,8.872253254606782
428.142,9.422848685309859
428.501,8.553167731133183
428.861,8.381829179830719
429.22,8.809235895791998
429.579,7.983777004269167
429.938,7.7423015107421245
430.297,7.6296065553218035
430.656,7.49512250948777
431.015,6.79480927201063
431.374,6.548745976413369
431.733,6.4576291011643425
432.092,6.396181389958665
432.451,6.074680607674755
432.81,5.831782089201898
433.169,5.561296080143194
433.527,5.051160205299255
433.886,5.715490560510415
434.244,5.150488457036474
434.603,4.799113246546858
434.962,4.6088267981620685
435.32,4.4837737414068926
435.678,4.076461669117278
436.037,4.274348349269941
436.395,3.673643631955893
436.753,3.7042413218026207
437.112,3.654703616980958
437.47,3.478929202610813
437.828,3.526678445591384
438.186,3.2751256265490887
438.544,3.0970283990070637
438.902,2.7850056270531507
439.26,2.7194023255608575
439.618,2.813606815080643
439.976,2.619826599423558
440.334,2.4034043020266687
440.692,2.122208433097737
441.049,2.213996325870252
441.407,2.307001149709667
441.765,1.8691013544911883
442.122,1.741114085881156
442.48,1.6110888460467794
442.837,1.8287656012473312
443.195,1.5269309819550838
443.552,1.4145267665022063
443.91,1.2705584204508675
444.267,0.996408678112579
444.624,0.9979939591546051
444.982,0.6399384014642817
445.339,1.007909373144324
445.696,1.032242458873591
446.053,0.6693979999307218
446.41,0.29042465168506626
446.767,0.015460904597914073
447.124,0.17726136184171787
447.481,-0.03280180497307554
447.838,-0.03266431450820751
448.195,0.09753131196061264
448.552,-0.08290183600670872
448.908,0.09737008858849838
449.265,-0.07589646724310319
449.622,-0.01777712654463826
449.978,0.059711048066643374
450.335,-0.1932955257631301
450.691,-0.2008291996148895
451.048,-0.1970646410752756
451.404,-0.40510982492792696
451.761,-0.4083551624408429
452.117,-0.5630084434550734
452.473,-0.4915368363360809
452.829,-0.8687471481173106
453.186,-0.5595302469394675
453.542,-0.9519346229740724
453.898,-0.6388583740883885
454.254,-0.5871465688350153
454.61,-0.9613087280832694
454.966,-0.9156907884309688
455.322,-0.9980203062447836
455.678,-0.4682615371813595
456.033,-1.0253209396318133
456.389,-1.3869852796306616
456.745,-0.9258464353887413
457.101,-0.951697825191019
457.456,-0.8856719727033636
457.812,-1.1791984048044215
458.167,-1.0791679094676596
458.523,-1.0977104059886869
458.878,-0.9721509521189272
459.234,-1.2178005398214864
459.589,-1.3993289840653786
459.944,-1.0244099136258564
460.3,-0.8721687806566718
460.655,-1.409059630375076
461.01,-1.3529860080037055
461.365,-1.4138503759176135
461.72,-1.55135446351429
462.075,-1.3700760515467938
462.43,-1.569236313207274
462.785,-1.4950796065937415
463.14,-1.537897788425886
463.495,-1.2329775658691076
463.85,-1.5413986339568
464.205,-1.616296237969279
464.559,-1.5664434019644184
464.914,-1.6576678772171396
465.269,-1.8916467684869698
465.623,-1.8594901978775704
465.978,-1.693728524093157
466.332,-1.6680684200295997
466.687,-1.6050118287186907
467.041,-1.9379583163567429
467.395,-1.6480781303683167
467.75,-1.6544959122699112
468.104,-2.02981405940982
468.458,-1.9275367722962033
468.812,-2.0606183484936462
469.166,-2.0849827816165183
469.52,-1.8630999228436675
469.874,-1.9024507315516412
470.228,-1.985666297052705
470.582,-1.9646948367330201
470.936,-1.949023880550915
471.29,-2.0104951901913184
471.644,-1.5831124504229557
471.998,-2.0115485341254415
472.351,-1.9392468283901418
472.705,-1.8746946570815732
473.058,-2.029341419475782
473.412,-2.2862439884328474
473.766,-2.0697223557535724
474.119,-2.176206175061391
474.472,-2.112847594517975
474.826,-2.0945224608764867
475.179,-1.9407928966504175
475.532,-2.0470275427086206
475.886,-2.144279591691773
476.239,-1.677654911686299
476.592,-2.221443572829161
476.945,-2.1620196201501822
477.298,-2.199079036507212
477.651,-2.1902896206351503
478.004,-2.1516050271029026
478.357,-2.39801310788841
478.71,-2.6165825428401934
479.063,-2.4895090775532744
479.415,-2.4173407455505456
479.768,-1.979664224744149
480.121,-2.637479644268043
480.473,-2.387838491873464
480.826,-2.0789402628395215
481.179,-2.342095765824873
481.531,-2.5330905997023776
481.883,-2.3685777878318253
482.236,-2.2964297064256134
482.588,-2.1812963594454646
482.94,-1.9309965769128448
483.293,-2.659616004029528
483.645,-2.847414283541538
483.997,-2.2779913788921897
484.349,-2.2682845342152325
484.701,-2.315233162911821
485.053,-2.54804593303771
485.405,-2.625034324622094
485.757,-2.445805493174023
486.109,-2.8124282172039825
486.461,-2.418795578605789
486.813,-2.447329719681138
487.164,-2.314641957875071
487.516,-2.577736019971048
487.868,-2.650797494620541
488.219,-2.499552838039562
488.571,-2.438085086687911
488.922,-2.2487654792277962
489.274,-2.4779321532441507
489.625,-2.6318346661925536
489.977,-2.7240289383151586
490.328,-2.9361105757079398
490.679,-2.618659645543798
491.03,-2.7828407267073056
491.382,-2.7024868563766336
491.733,-2.4467597657653744
492.084,-2.887181245272587
492.435,-3.0383776272618115
492.786,-2.8719539212660785
493.137,-2.8546395557156563
493.488,-2.9695234043820755
493.839,-3.1131416653342354
494.189,-2.966329170496919
494.54,-2.8908416533802304
494.891,-2.6536902133075424
495.242,-3.2623590537336633
495.592,-2.998858024420389
495.943,-3.0339615439126
496.293,-2.9370515864719082
496.644,-2.758263942415289
496.994,-3.0738261309674573
497.345,-2.9419876061531367
497.695,-3.4431549972368183
498.045,-2.9785517776654182
498.395,-3.329401425434116
498.746,-2.8914060986254664
499.096,-3.063290127435429
499.446,-3.1810413089601264
499.796,-3.2646296619382986
500.146,-3.3195964120692807
500.496,-3.4855896019993944
500.846,-3.201719370168285
501.196,-3.2389373045687417
501.545,-3.362972369677373
501.895,-3.155437806141213
502.245,-3.0801502431815257
502.595,-3.0358639160412717
502.944,-3.212905132086401
503.294,-3.3426664212452715
503.643,-3.2634354130600864
503.993,-3.4079274820205256
504.342,-3.25111060162344
504.692,-3.1845938609532003
505.041,-3.382895891954712
505.39,-3.2053964705359785
505.74,-3.130329688469473
506.089,-3.452126513200649
506.438,-3.312011881042784
506.787,-3.91522042023149
507.136,-3.40164995381309
507.485,-3.5689253709742226
507.834,-3.354899106445157
508.183,-3.39009936561574
508.532,-3.1825399829896646
508.881,-3.1352676425602573
509.229,-3.760287433193158
509.578,-3.5831237924536494
509.927,-3.280215400946733
510.276,-3.656337065491849
510.624,-3.4251006682877025
510.973,-3.76518556472705
511.321,-3.732524630983446
511.67,-3.1567212150784836
512.018,-3.732684058216714
512.366,-3.4486467754857126
512.715,-3.756630449010543
513.063,-3.747660267992765
513.411,-3.529432638776238
513.759,-3.929724221529753
514.107,-4.004802762746759
514.456,-3.766532454995153
514.804,-3.7509378913725646
515.152,-3.6640528991326664
515.499,-4.003196143434984
515.847,-3.6729467015703547
516.195,-3.992198027124949
516.543,-3.8124429616016173
516.891,-3.982026239111121
517.238,-4.011871511056113
517.586,-3.9722680486122433
517.934,-3.929611100113531
518.281,-4.013434270106148
518.629,-3.854789736308147
518.976,-3.7784771443366343
519.324,-4.023313516485247
519.671,-4.0581390274640725
520.018,-4.1076674518376635
520.365,-4.12192179248158
520.713,-4.08347910878455
521.06,-4.036144648638472
521.407,-4.128452182248902
521.754,-4.025954271522171
522.101,-4.1508309610480865
522.448,-4.163997089157723
522.795,-3.852396478438371
523.142,-3.8315425058935584
523.489,-3.830157194970118
523.836,-3.8232936640505826
524.182,-3.8638840097214024
524.529,-3.6312490339062244
524.876,-3.8899774978178163
525.222,-4.077152184944227
525.569,-3.9623265999130077
525.915,-4.28098957685859
526.262,-4.062683949129027
526.608,-4.159075308419415
526.954,-4.107619916413654
527.301,-4.068947766355243
527.647,-3.937944104685741
527.993,-4.029617166170059
528.339,-4.0835314868594645
528.686,-4.298130420346764
529.032,-4.187386586970389
529.378,-4.072373828598731
529.724,-3.881877291601699
530.07,-3.7782501429273827
530.415,-3.909768547808626
530.761,-4.191141102423543
531.107,-3.958226228832002
531.453,-3.9738987550877996
531.799,-4.05426043995928
532.144,-4.256606614149706
532.49,-3.8983209976146265
532.835,-4.202094142070423
533.181,-4.2085335092143845
533.526,-4.331575629110877
533.872,-4.123871876660177
534.217,-4.073302335824698
534.562,-4.14638696577086
534.908,-4.030190329116392
535.253,-3.9984239604264746
535.598,-4.081703921052189
535.943,-3.9723937157007665
536.288,-4.191705622048149
536.633,-4.038979415863793
536.978,-4.090419158127519
537.323,-3.7782897489181893
537.668,-4.040916858591166
538.013,-4.186278594552523
538.358,-4.086987698741485
538.702,-4.1590600622759295
539.047,-4.039217238538108
539.392,-4.010258261310403
539.736,-4.014759767827592
540.081,-4.0717226038605565
540.425,-3.8169846352197876
540.77,-3.9231991753979876
541.114,-3.917138897754427
541.459,-4.105247949984359
541.803,-4.0161947672096145
542.147,-3.971411305984867
542.491,-4.2185826776530595
542.835,-4.163669620837083
543.18,-3.9655037761259373
543.524,-4.009186536687827
543.868,-4.205195127295835
544.212,-4.044113269438254
544.556,-3.9161303909532275
544.899,-4.029486395979164
545.243,-3.970945794822431
545.587,-3.9739029788270472
545.931,-4.159443668417444
546.274,-3.9769610006045335
546.618,-3.9633939184731948
546.962,-4.015018801300682
547.305,-4.010438091803903
547.649,-4.103404192147491
547.992,-4.206468531638572
548.336,-4.022640687036346
548.679,-4.017492683131721
549.022,-3.6600901866937035
549.365,-4.054935836560531
549.709,-3.970353385340278
550.052,-3.8158340106610664
550.395,-4.057215954075919
550.738,-3.9005969682503636
551.081,-4.2783491626261005
551.424,-3.9368008593669823
551.767,-3.959421192500439
552.11,-3.9823767772805128
552.453,-4.531987959611074
552.795,-4.077374203530615
553.138,-4.03409934491582
553.481,-4.0727509947261815
553.823,-3.9792541964955026
554.166,-4.090443428826662
554.508,-3.9298382811956665
554.851,-4.269858654538683
555.193,-4.101571728058682
555.536,-3.9514953005235824
555.878,-4.039675265694335
556.22,-3.917059805684787
556.563,-4.017081160197937
556.905,-4.163908499732389
557.247,-4.0610166481959284
557.589,-3.8177433497428352
557.931,-4.176148551543161
558.273,-3.8928175250126693
558.615,-3.9201603438152435
558.957,-4.0987901427436615
559.299,-4.214620355872801
559.64,-4.085234104228538
559.982,-3.6902582629961516
560.324,-3.9765613539081994
560.666,-3.8695870180927368
561.007,-4.04728227410521
561.349,-4.185094186971266
561.69,-4.27859601365406
562.032,-3.996370382145864
562.373,-4.307956027223237
562.715,-4.163945615619824
563.056,-3.918266643931397
563.397,-4.011249690231886
563.738,-3.9824672873966906
564.08,-4.269718489973629
564.421,-3.9460492545997576
564.762,-4.077435718476908
565.103,-4.267186819343178
565.444,-4.276666103049307
565.785,-4.028458266324796
566.126,-3.9484007993316728
566.466,-3.8631371311875546
566.807,-4.0807208859955315
567.148,-4.249176428088144
567.489,-4.067921645915765
567.829,-4.1928465937172055
568.17,-4.115087056525163
568.51,-3.915033185189489
568.851,-3.9693171766004727
569.191,-3.872305911507228
569.532,-4.00038863099416
569.872,-4.140545675504474
570.212,-3.8553732628851622
570.553,-3.661157544763116
570.893,-3.790040286353255
571.233,-3.827166759333327
571.573,-4.072818537579861
571.913,-4.047292140577402
572.253,-3.9242260085153884
572.593,-3.9128915084752385
572.933,-4.046213050116086
573.273,-3.9386359605798593
573.613,-3.995586235022848
573.952,-4.202425635339065
574.292,-3.9613237051777483
574.632,-3.89376086994079
574.971,-4.0984050602239614
575.311,-3.693520168192442
575.65,-3.9000100673049207
575.99,-3.8440874020941878
576.329,-3.8124533790817097
576.669,-4.195938379465581
577.008,-4.19770437984275
577.347,-3.978209463460689
577.687,-3.871550915007258
578.026,-3.9122062796776924
578.365,-4.048260675619322
578.704,-3.856030944682254
579.043,-3.911855803014797
579.382,-4.003776583293166
579.721,-3.9856864473012275
580.06,-3.8908258188767886
580.399,-3.80004395661409
580.737,-4.194714236524348
581.076,-4.104316124542466
581.415,-4.118430731336886
581.753,-3.863876320102043
582.092,-4.207936378484559
582.431,-3.6093017789436512
582.769,-3.9474771259311945
583.108,-3.786803532710677
583.446,-3.887272985764713
583.784,-3.92358002957432
584.123,-3.974600250640689
584.461,-3.6610008885192333
584.799,-3.91952502474658
585.137,-3.6760479765754415
585.475,-4.251133311793817
585.813,-4.092463622645485
586.151,-3.820613261233929
586.489,-4.03548786975241
586.827,-3.8651247023465056
587.165,-3.8561802391764797
587.503,-3.8769180926419797
587.841,-3.8455321831812044
588.178,-3.9805927040583104
588.516,-3.6797320315859965
588.854,-4.003256296615024
589.191,-3.7098015844650205
589.529,-3.766425881636692
589.866,-3.3792452026193396
590.204,-3.5985140388771804
590.541,-3.660709505756507
590.878,-3.662085715479484
591.215,-3.760889555255607
591.553,-3.5307311582029057
591.89,-3.4826740768146576
592.227,-3.8530321463070236
592.564,-3.5962656895900307
592.901,-3.643249973110605
593.238,-3.4687198255401963
593.575,-3.6911239485442002
593.912,-3.5374634400921305
594.249,-3.372978104178918
594.585,-3.6385372872537163
594.922,-3.3980371117267385
595.259,-3.5729544163333897
595.595,-3.5308453301313305
595.932,-3.707850745911744
596.269,-3.560905343094534
596.605,-3.530573478318602
596.941,-3.4579637098220357
597.278,-3.703558025574489
597.614,-3.6481234957135817
597.95,-3.7281760805444986
598.287,-3.5891093338480275
598.623,-3.5899509738185134
598.959,-3.702808284952373
599.295,-3.731969825307387
599.631,-3.60767070388865
599.967,-3.8213018552093776
600.303,-3.926192862622607
600.639,-3.6604647028035657
600.975,-3.9268961610435835
601.311,-3.461109879417785
601.646,-3.5391631119872735
601.982,-3.8146970673680647
602.318,-3.3664411011253677
602.653,-3.7014659517852935
602.989,-3.7346360470416604
603.324,-3.904257261952823
603.66,-3.72592296173879
603.995,-3.9174438203398454
604.331,-3.710816856515706
604.666,-3.733606234400889
605.001,-3.7971674672690097
605.336,-4.136164131963448
605.671,-3.5502525057357497
606.007,-3.64744641948765
606.342,-3.6587983864388973
606.677,-3.7376581109056515
607.012,-3.400042557220247
607.346,-3.5601031152388427
607.681,-3.3903625201021717
608.016,-3.5874530533243165
608.351,-3.6236855081157042
608.686,-3.8573514419179515
609.02,-3.87534108122074
609.355,-3.625601076054334
609.689,-3.4657550643829027
610.024,-3.472738740741127
610.358,-3.581420557396816
610.693,-3.961286095087978
611.027,-3.655534265621148
611.361,-3.578058860413746
611.696,-3.607139679676878
612.03,-3.4755679500208245
612.364,-3.3311856257141783
612.698,-3.6043534750266253
613.032,-3.4595191539283965
613.366,-3.7633915422896926
613.7,-3.8921711874111944
614.034,-3.803436228624173
614.368,-3.5771972932714373
614.702,-3.706939959042194
615.035,-3.4701968468527173
615.369,-3.747432855518101
615.703,-3.460678669369293
616.036,-3.539866449235783
616.37,-3.8199082053053877
616.703,-3.3572755615735694
617.037,-3.4826826628600056
617.37,-3.535508106495514
617.704,-3.7089323304301347
618.037,-3.693829508606045
618.37,-3.5507509729106754
618.704,-3.6596683954044784
619.037,-3.3085987516136695
619.37,-3.6465520690092035
619.703,-3.5829932889569154
620.036,-3.4585826965340996
620.369,-3.457140187843223
620.702,-3.3253538159417277
621.035,-3.4317303215057593
621.367,-3.655070898885199
621.7,-3.297492900418408
622.033,-3.377411490819286
622.366,-3.528487352600429
622.698,-3.681638388034195
623.031,-3.647345954070612
623.363,-3.197769934704613
623.696,-3.5120265940884634
624.028,-3.2596008014484537
624.361,-3.3269466668182943
624.693,-3.2810662557066075
625.025,-3.547511251170162
625.357,-3.4735449702524313
625.689,-3.3685421158588347
626.022,-3.3461033253268226
626.354,-3.415047176203246
626.686,-3.4777859538073437
627.018,-3.2684699580072807
627.35,-3.262650516169201
627.681,-3.5189455345380494
628.013,-3.374944130714289
628.345,-3.2614744723844398
628.677,-3.643110388063726
629.008,-3.230082796776625
629.34,-3.885766865407349
629.672,-3.4327026614811462
630.003,-3.208959755718168
630.335,-3.522340267661424
630.666,-3.294017498238302
630.997,-3.418745093883551
631.329,-3.5600619119085013
631.66,-3.1901659015727595
631.991,-3.0696284074287385
632.322,-3.45921702087624
632.653,-3.3318706821484416
632.984,-3.096325767242898
633.316,-3.2169949477030575
633.646,-3.388011261754276
633.977,-3.3004182876428843
634.308,-3.5260055814500504
634.639,-3.618833560194925
634.97,-3.3502750277418785
635.301,-3.4796080954142656
635.631,-3.3308719818510255
635.962,-3.3732743030551617
636.292,-3.30271883823753
636.623,-3.303932239411147
636.953,-3.5094247640016483
637.284,-3.392838987570266
637.614,-3.1238526326765865
637.944,-3.514478288766882
638.275,-3.323007035782332
638.605,-3.268681602789295
638.935,-3.152679644747908
639.265,-3.421081917044495
639.595,-3.30612354770425
639.925,-3.0264985475058492
640.255,-3.3449836070485524
640.585,-3.2628350843158045
640.915,-3.2787376145583664
641.245,-3.4638769011796033
641.575,-2.699842609318931
641.904,-3.172479475971266
642.234,-3.1862579299782396
642.564,-3.4133580235342884
642.893,-3.3312339297919458
643.223,-3.3497143836863024
643.552,-3.540865056427496
643.882,-3.01374705276237
644.211,-3.469743186630469
644.54,-3.1120247718616088
644.869,-3.202379129163896
645.199,-3.488056381152659
645.528,-3.12666937556563
645.857,-2.909613608073607
646.186,-3.112408940892058
646.515,-3.2055438781272265
646.844,-2.7033634265817916
647.173,-3.4161137793026133
647.502,-3.103584970992499
647.83,-3.09874742672171
648.159,-3.245390054380383
648.488,-3.05487256774963
648.817,-2.8092462761242114
649.145,-2.84718501092955
649.474,-3.2387475752524653
649.802,-2.8900691053715284
650.131,-3.1867148154388936
650.459,-3.1858079893391267
650.787,-3.3574983301275214
651.116,-3.140269370294685
651.444,-2.9805005095688992
651.772,-3.184337630428816
652.1,-3.394118339275609
652.428,-3.1475281323124227
652.756,-2.989717756046532
653.084,-3.259205886875793
653.412,-3.125008702070076
653.74,-3.330772912633728
654.068,-3.224222401984219
654.396,-3.129082684507439
654.724,-3.1402859664098037
655.051,-2.9618501633871506
655.379,-3.21068049021475
655.707,-2.982120092026258
656.034,-3.098500331329348
656.362,-2.8342324024297003
656.689,-3.2689270393784566
657.016,-3.340704790790936
657.344,-3.2952238893186783
657.671,-2.5064180827487412
657.998,-3.1389535397767667
658.325,-3.0706179456950564
658.653,-3.1231004491375995
658.98,-2.9063621643416697
659.307,-3.154580033779076
659.634,-3.034815204250796
659.961,-3.2557017748937103
660.287,-3.0419891949487003
660.614,-2.9632741644363074
660.941,-3.0906329703116517
661.268,-2.857796338912721
661.595,-2.9923196835850585
661.921,-3.1814394655480793
662.248,-2.6402490571767356
662.574,-2.756361636984994
662.901,-2.7493787403022467
663.227,-3.319691175694809
663.553,-3.0459646333949175
663.88,-2.8127956500933924
664.206,-2.868420287715476
664.532,-3.0330570593780273
664.858,-2.966892053695642
665.185,-3.1043358420767286
665.511,-2.9522952238667837
665.837,-3.254878647360764
666.163,-2.819081517388311
666.489,-3.1140573415085724
666.814,-2.892602733694539
667.14,-3.1664919300617775
667.466,-2.7197377833334295
667.792,-2.8910398801400072
668.117,-3.1583062747396946
668.443,-2.760408181862363
668.769,-3.2716952309692853
669.094,-2.627266112092265
669.419,-2.7249226621766263
669.745,-2.5657171768373477
670.07,-2.665069667170289
670.396,-2.8142486196327723
670.721,-3.092516482950816
671.046,-3.165131966677309
671.371,-2.480308802611611
671.696,-2.9505889093895563
672.021,-2.839932203213047
672.346,-2.9598035839113876
672.671,-2.846154342058105
672.996,-2.6779226858388245
673.321,-2.623247819597006
673.646,-2.8797915014142736
673.97,-2.786280132802442
674.295,-2.5447419128117694
674.62,-2.4571079568015595
674.944,-2.840968235438926
675.269,-2.8400166865047525
675.593,-2.934962479936068
675.918,-2.828882572689113
676.242,-2.9093160715273956
676.567,-2.65457022733693
676.891,-2.7690948101028945
677.215,-2.516899443443294
677.539,-2.56439617171295
677.863,-3.059205048980356
678.187,-2.8996332183599804
678.511,-2.7280620115720406
678.835,-2.9724297879246957
679.159,-2.905393042392716
679.483,-2.6386651362041524
679.807,-3.072680764630309
680.131,-2.845861691744764
680.455,-2.7494686193308424
680.778,-3.003030155428769
681.102,-2.7756714500680295
681.425,-2.8644825213460825
681.749,-2.4094549647594117
682.072,-2.586277927801339
682.396,-2.339036490070665
682.719,-2.570967207963501
683.042,-2.4674125979602586
683.366,-2.598766131327219
683.689,-2.5717228046162126
684.012,-2.907812005815652
684.335,-2.6455730223389473
684.658,-2.785362942908891
684.981,-3.127800388073015
685.304,-2.915889769412511
685.627,-2.779903428771589
685.95,-2.52847752911764
686.273,-2.4849388480641847
686.595,-2.5689936807928677
686.918,-2.523262510970996
687.241,-2.5291649646863674
687.563,-2.7217552389139703
687.886,-2.3502486450864453
688.208,-2.7503886279566534
688.531,-2.647887929592446
688.853,-2.974809542371163
689.175,-2.453200779509933
689.498,-2.5354412960772925
689.82,-2.4153795320165155
690.142,-2.477247999420587
690.464,-2.54317923868237
690.786,-2.6284439861179094
691.108,-2.9345147668920037
691.43,-2.4102214524107817
691.752,-2.9200339584673487
692.074,-2.881657438680207
692.396,-2.542852669505672
692.718,-2.8179905048294134
693.039,-2.3865535758332173
693.361,-2.5209122789381526
693.683,-2.4893881570648335
694.004,-2.414929721223301
694.326,-2.362380055270586
694.647,-2.1153953390411786
694.969,-2.3000777697158377
695.29,-2.567772138086338
695.611,-2.575812235986493
695.932,-2.0611866185358605
696.254,-2.6135317248263483
696.575,-2.703865355780049
696.896,-2.6126517085665455
697.217,-2.213247792828028
697.538,-2.43048789439275
697.859,-1.9812560231650396
698.18,-2.980269441515839
698.501,-2.117929352560082
698.821,-2.375747025451572
699.142,-2.9385656680309773
699.463,-2.6108895798104346
699.783,-2.922281690297002
700.104,-2.0068627042384435
700.424,-2.284767302337658
700.745,-2.005161824953461
701.065,-2.713446695147016
701.386,-2.6902556555315984
701.706,-1.7414796496401943
702.026,-2.54017976757772
702.347,-2.4519779018881844
702.667,-2.586592047502116
702.987,-2.534257678728642
703.307,-2.504641884592678
703.627,-2.1705819109690996
703.947,-2.509115486106224
704.267,-2.557410437691074
704.587,-2.300552911361281
704.906,-2.399859446139717
705.226,-2.287038560862025
705.546,-2.3746865121089877
705.865,-2.268397056109277
706.185,-2.9467494846788127
706.505,-2.0894710804816574
706.824,-2.3304245710114073
707.143,-2.424896508028616
707.463,-2.4615546973036078
707.782,-2.175830261644029
708.101,-2.682471416247224
708.421,-2.6347956410876328
708.74,-2.1418650703806534
709.059,-2.5815211032794294
709.378,-2.0630594123019197
709.697,-2.4267912875753077
710.016,-1.9479030550883583
710.335,-2.157543029984814
710.654,-2.3527314072367527
710.973,-2.077512985127172
711.291,-2.5851626653964375
711.61,-2.04112573324715
711.929,-2.618337031502997
712.247,-2.374470539799335
712.566,-2.600107926939838
712.884,-2.652373175921828
713.203,-2.0331869726484713
713.521,-2.2597847873328054
713.84,-2.1326142776260593
714.158,-2.309190695639379
714.476,-2.1914252488844412
714.794,-2.31665674475065
715.112,-1.9224561770540154
715.431,-2.153237390843292
715.749,-2.1438002585624565
716.067,-2.083522628773142
716.384,-2.2324424579051505
716.702,-2.1173612848346424
717.02,-2.2066915499918243
717.338,-2.5255305432754263
717.656,-1.9938094873895291
717.973,-2.4736774868259386
718.291,-2.666928364653356
718.608,-1.989464889553795
718.926,-2.13375441814782
719.243,-2.1646094736373427
719.561,-2.0013223258154524
719.878,-2.1335956967719927
720.195,-2.420597476140614
720.513,-2.6153334176176792
720.83,-2.272711011132716
721.147,-1.487018016574858
721.464,-3.2722127232405778
721.781,-2.47186155596827
722.098,-2.4644045985940455
722.415,-2.413764239404429
722.732,-2.061383474328447
723.049,-1.8975763480968977
723.366,-2.502703203700526
723.682,-2.115113771405213
723.999,-2.346762449302479
724.316,-2.615013698123055
724.632,-1.7685008980309245
724.949,-1.1316437250146418
725.265,-1.9990762165557616
725.582,-1.9815928774509761
725.898,-2.269036425718646
726.214,-2.3146746637804223
726.53,-1.8392676973005313
726.847,-2.4756127143287405
727.163,-2.286767540125379
727.479,-1.7999404222670945
727.795,-2.728775247248584
728.111,-2.087009165588353
728.427,-1.9399024947635362
728.743,-2.321961684505192
729.059,-2.009392688358897
729.374,-2.3152674114310487
729.69,-2.568888881329315
730.006,-2.3194679757858774
730.321,-2.5633644876716652
730.637,-2.0262214436860178
730.952,-2.446133949629997
731.268,-2.384848960256619
731.583,-2.1067249913619905
731.899,-1.9903390215136627
732.214,-1.942192752450404
732.529,-2.5946954934227437
732.844,-2.491810930930707
733.16,-2.4541686679416643
733.475,-2.7398840482939044
733.79,-2.7325485241660545
734.105,-2.507001053214671
734.42,-2.0026565134563166
734.735,-2.345205716811595
735.049,-2.2876657042395565
735.364,-2.463442467060502
735.679,-2.59374286265715
735.994,-3.070364045107589
736.308,-2.3525122598049273
736.623,-2.5922413442148753
736.937,-2.346839293797829
737.252,-1.3845808114429605
737.566,-2.2244536478723917
737.881,-2.338253431048493
738.195,-2.4599444880719914
738.509,-2.489364718147684
738.823,-3.034497341175378
739.137,-2.0328189638259544
739.452,-2.4672321228539156
739.766,-3.0283284174846385
740.08,-1.7317472094802036
740.394,-2.194122106976861
740.707,-2.65482229037766
741.021,-3.350508067209009
741.335,-1.7394818813555841
741.649,-1.8325673106202078
741.962,-2.8280731933757135
742.276,-2.799934760262915
742.59,-2.506255376657589
742.903,-2.433562690256603
743.217,-3.208353287918793
743.53,-2.854914054913763
743.843,-2.4706967721423156
744.157,-2.6763722918668362
744.47,-2.3653775596578948
744.783,-2.3620801782407757
745.096,-2.8018934219236495
745.409,-2.9396065608194615
745.722,-3.63789538220975
746.035,-3.111273163823848
746.348,-2.9390907958945833
746.661,-3.884112890239028
746.974,-2.973809144252305
747.287,-2.863027160757097
747.6,-2.4957659327275614
747.912,-2.5595486947371198
748.225,-3.0877036683279417
748.537,-3.030689466353474
748.85,-3.295193375067135
749.162,-3.3561151920016403
749.475,-3.222555588909461
749.787,-3.2152581419503594
750.099,-3.4665202065009986
750.412,-2.1586396595635913
750.724,-2.877929502796192
751.036,-2.414592141867014
751.348,-3.432895939684785
751.66,-3.041025242485571
751.972,-3.1478572159003884
752.284,-3.0530850533224143
752.596,-3.250193085057291
752.908,-3.710945657995408
753.219,-2.7531448975644537
753.531,-3.315975328550322
753.843,-2.8799327848195246
754.154,-3.7859784384577355
754.466,-2.972458614172141
754.778,-3.0682596669941518
755.089,-3.394181638185206
755.4,-3.877040104084664
755.712,-2.4314651477485785
756.023,-3.2522008779119087
756.334,-4.064205705808928
756.645,-3.8882467134952505
756.957,-3.2626685883388893
757.268,-3.717304261237163
757.579,-3.4867538435755874
757.89,-3.777190124277069
758.201,-3.5100091511628273
758.511,-4.271425289597096
758.822,-3.6706907981606833
759.133,-3.5851898189233062
759.444,-3.353856309489699
759.754,-3.4397724719536793
760.065,-3.8413080959086026
760.375,-4.187932593180302
760.686,-3.6757327863663596
760.996,-3.0272301765077336
761.307,-3.1548624949918977
761.617,-4.55627038881684
761.927,-3.2713329265348055
762.238,-3.5348005632866655
762.548,-4.5152927696970275
762.858,-3.397826387821998
763.168,-3.690154588932463
763.478,-3.6516377658137795
763.788,-3.6896549042692413
764.098,-3.875411645831884
764.408,-3.4603258215011548
764.718,-4.417430704852146
765.027,-4.754477134388954
765.337,-3.397678879654143
765.647,-3.2491279303033176
765.956,-3.0743159730197394
766.266,-4.087339435413031
766.575,-4.193876494468156
766.885,-3.5134419082779096
767.194,-4.4203157614127
767.503,-4.31379501155149
767.813,-3.631683818382858
768.122,-4.268621463426247
768.431,-3.7508665995632056
768.74,-2.9973199201267193
769.049,-3.702569068411006
769.358,-3.752961786892074
769.667,-4.89578777657734
769.976,-3.6182739059333455
770.285,-4.621526414993206
770.594,-4.396887436316639
770.902,-5.113225507138772
771.211,-3.997231951602588
771.52,-3.802136543866431
771.828,-3.7600417948887173
772.137,-3.532720985557352
772.445,-3.8282060000040503
772.754,-3.414154570610886
773.062,-3.9411922186746784
773.37,-3.42734422206746
773.678,-4.0110808534145255
773.987,-4.429955360942962
774.295,-3.8613621359656576
774.603,-4.351858695288659
774.911,-3.610321741735009
775.219,-3.4137770007445147
775.527,-4.022707147025613
775.835,-4.594188118990673
776.142,-4.773302199592197
776.45,-3.7751621167383025
776.758,-3.8188239077315824
777.066,-3.7893064003566233
777.373,-4.009546125215046
777.681,-4.529828609238589
777.988,-3.0248397498583355
778.296,-4.571984670110783
778.603,-4.435720074446214
778.91,-3.3125220133508986
779.218,-3.383213360003062
779.525,-4.363842064370421
779.832,-4.378728655816087
780.139,-4.172497901767105
780.446,-4.023405294311399
780.753,-3.443224813356837
781.06,-3.4304233802305815
781.367,-4.8031517381976245
781.674,-3.6580090526070803
781.981,-3.817901103061186
782.288,-4.149057628883541
782.594,-3.397168308892907
782.901,-2.7777294551658533
783.207,-3.762058311223407
783.514,-4.698489615223486
783.82,-3.7195730223428862
784.127,-3.6117645030940793
784.433,-3.56454842414013
784.74,-3.9296361467370913
785.046,-4.748833370904313
785.352,-4.274834480851885
785.658,-4.263698344207101
785.964,-4.085251845598324
786.27,-5.575981565143294
786.576,-3.869743229549763
786.882,-4.0232356903221005
787.188,-4.920565416326553
787.494,-5.190671120052235
787.8,-3.9022243394453686
788.105,-3.5449925600658743
788.411,-5.522774274061542
788.717,-3.791430792640371
789.022,-3.19768372740123
789.328,-4.87750193798372
789.633,-3.8810457689277205
789.939,-4.80864589335377
790.244,-4.056773056145349
790.549,-2.949229968827007
790.855,-5.205896827936667
791.16,-4.346850100852138
791.465,-3.554328455038699
791.77,-5.385171478478616
792.075,-5.070985330334652
792.38,-3.4126526093984237
792.685,-3.5195721530947224
792.99,-4.648892482690116
793.294,-3.9091040846634013
793.599,-3.017385407440064
793.904,-3.4089662408427412
794.209,-4.342394879456679
794.513,-4.4987262245463855
794.818,-3.4024987549264436
795.122,-3.6900332078086104
795.427,-3.7386121891235553
795.731,-5.147292819073353
796.035,-4.512082051614312
796.339,-3.874770028372756
796.644,-2.8796385879446365
796.948,-3.5136285114285957
797.252,-3.943526730378656
797.556,-4.45375796225868
797.86,-5.2104924800316805
798.164,-2.7727763474205753
798.468,-3.4498009254772457
798.772,-3.5878074187176385
799.075,-4.269773895857165
799.379,-5.033711919831405
799.683,-5.092358783073208
799.986,-5.094692386787006
800.29,-2.1519310372694624
800.593,-4.4097097659573254
800.897,-4.32169189548596
801.2,-3.8326308861249276
801.504,-3.5874389035214818
801.807,-2.9431472927324673
802.11,-3.778557295410296
802.413,-3.25378684555778
802.716,-4.438398869594889
803.019,-3.8110027661960877
803.322,-3.891048780701704
803.625,-4.9850832729554275
803.928,-2.960953710920589
804.231,-4.632870733635444
804.534,-3.0204227061132722
804.837,-3.3238316991271986
805.139,-4.461896972711213
805.442,-4.4258406361219755
805.745,-4.625361945165687
806.047,-4.361572978654516
806.35,-3.4258142049945057
806.652,-2.3404558392944277
806.954,-4.77042292502915
807.257,-5.452900167267187
807.559,-5.061978781643778
807.861,-2.9369422850708684
808.163,-4.006409349385425
808.465,-4.4048992575083545
808.767,-4.190233009029694
809.069,-3.553696696146788
809.371,-2.4496453940295364
809.673,-5.000566931451411
809.975,-3.3896177455613636
810.277,-4.666896592868443
810.578,-3.535940265649788
810.88,-3.9587366629457845
811.182,-4.205236854773319
811.483,-4.885044353908059
811.785,-3.1287057212652276
812.086,-3.8009747355785697
812.387,-3.5734496472463424
812.689,-4.330991709024494
812.99,-2.1204106710172854
813.291,-3.586566056054552
813.592,-4.6766812574885765
813.893,-3.8919646828952446
814.195,-3.4863368368702634
814.496,-5.766758668036308
814.796,-2.7612000853002936
815.097,-3.280445093194184
815.398,-2.503040113861121
815.699,-4.783408387938139
816,-4.684329370296996
816.3,-2.7102157538887703
816.601,-2.387502891636501
816.901,-4.259260015237132
817.202,-1.7232308730082904
817.502,-4.117958313591227
817.803,-5.264738459601152
818.103,-3.0169567766786263
818.403,-4.1514465446072
818.704,-2.4265442383580735
819.004,-2.6533025611710377
819.304,-3.7008574353116446
819.604,-2.3811730827871727
819.904,-3.346071457485661
820.204,-4.94653465400955
820.504,-2.529447805746378
820.804,-4.23191556164657
821.104,-3.6692441815880694
821.403,-3.305246626768808
821.703,-5.570138129301716
822.003,-6.1534456117143534
822.302,-3.4350920890861065
822.602,-5.399944167352498
822.901,-2.5478588942475673
823.201,-3.916071900973811
823.5,-5.06186822775106
823.799,-3.1731156601299992
824.098,-3.64779294736289
824.398,-2.3460341724353753
824.697,-2.783923221478398
824.996,-3.144044240295906
825.295,-1.7275111456790306
825.594,-2.9398982665852023
825.893,-3.060563976741267
826.192,-2.6230275729557646
826.49,-3.9812189454602818
826.789,-1.8136508977689605
827.088,-3.1587234271024958
827.386,-6.527418169431325
827.685,-5.8772388165000855
827.983,-2.9028022780995206
828.282,-3.524650934449232
828.58,-2.333104355361336
828.879,-3.782132056744368
829.177,-2.787811728184345
829.475,-3.7254178926003134
829.773,-2.7980461900142313
830.072,-3.4085061016854046
830.37,-4.888206398499007
830.668,-5.50896218892108
830.966,-3.0936449153800063
831.264,-3.9754676611161255
831.562,-4.428982928155679
831.859,-1.8478436395037467
832.157,-3.2453120388491348
832.455,-4.4711661779724015
832.752,-3.1725223137162097
833.05,-5.524469797525423
833.348,-3.540384027709821
833.645,-1.1599554286600158
833.942,-2.7055140228099
834.24,-3.657473380791895
834.537,-6.020825172741121
834.834,-4.582380991179932
835.132,-6.3535316919061255
835.429,-3.4101920692493604
835.726,-1.9647313092565346
836.023,-6.13114734943361
836.32,-3.657698244098103
836.617,-3.163866410642104
836.914,-3.5603107278997816
837.21,-5.516781665511023
837.507,-2.7174792841294955
837.804,-1.9767845122035457
838.101,-4.796674532949614
838.397,-3.019498304174154
838.694,-4.266582232751917
838.99,-5.115859941589142
839.287,-0.803583660539292
839.583,-2.7392427588128245
839.879,-1.9375150360617046
840.176,-7.045422600146795
840.472,-1.9928772561584644
840.768,-3.784110548184621
841.064,-4.120930185412281
841.36,-4.2227240891185005
841.656,-1.3573110492526683
841.952,-2.6754103820376995
842.248,-2.7419766311492872
842.544,-2.0332706873081077
842.839,-1.6903160529950736
843.135,-3.4115413724423695
843.431,-0.4998586854345561
843.726,-2.5641330283041057
844.022,-3.662943299000737
844.317,-4.454471711120287
844.613,-2.519187132023304
844.908,-2.713920609258109
845.204,-4.43317852194825
845.499,-4.888146215653459
845.794,-2.5773062118585464
846.089,-5.337227340601208
846.384,-3.8779965670154084
846.679,-4.309746009297194
846.974,-2.8133853747505304
847.269,-2.9026723876032294
847.564,-3.8830126090033814
847.859,-2.2722670333815747
848.154,-3.4356693431275103
848.448,-3.078641875823736
848.743,-3.5404996465185543
849.038,-2.9713273397080946
849.332,-6.988791136681534
849.627,-2.753006367193778
849.921,-3.5013908930292232
850.215,-3.7758386043757275
850.51,-2.862128741513923
850.804,-4.364005968948673
851.098,-3.751310275710284
851.392,-3.2006943003790496
851.686,-3.860882849989614
851.981,-3.7893090383478447
852.275,-4.09626122979743
852.568,-5.301424961597235
852.862,-2.889027646051577
853.156,-3.5337096717225633
853.45,-2.6987445099491
853.744,-6.806590249560333
854.037,-1.7982995173070282
854.331,-1.2267237094756276
854.624,-2.614805063349654
854.918,-3.9589911506287003
855.211,-4.232333983610594
855.505,-3.661679275705798
855.798,-2.0158021765794225
856.091,-2.1533563486948277
856.384,-4.753755232433052
856.678,-4.077961439397417
856.971,-4.553140604040515
857.264,-5.665961363790151
857.557,-1.9196311846708545
857.85,-2.5167837905717865
858.143,-2.8256825653978095
858.435,-4.433967157755762
858.728,-4.464278219467102
859.021,-2.4275823140408876
859.313,-2.5998152181150074
859.606,-4.3459352225893815
859.899,-2.0463567001233005
860.191,-4.341767719668548
860.483,-4.407369830237728
860.776,-0.7560130882316687
861.068,-3.187149116422251
861.36,-2.9482277751622896
861.653,-4.293189512397118
861.945,-1.8326821598512584
862.237,-4.495745073776086
862.529,-3.605857328956098
862.821,-2.485748532286128
863.113,-4.263581722087753
863.405,-6.367318883556184
863.696,-3.565795311769669
863.988,-2.9791091598933908
864.28,-1.2523346744302033
864.572,-4.847923820098876
864.863,0.4630442048053801
865.155,-1.650814635995735
865.446,-3.9302423569467693
865.738,-3.4107763117961003
866.029,-1.8691371148007234
866.32,-4.247205789807621
866.611,-2.5524251156390814
866.903,-4.18404330900552
867.194,-1.3816198035490566
867.485,-1.3980110915873953
867.776,1.1263809006848517
868.067,-3.9201502084138182
868.358,-5.643690745373872
868.649,-3.5211148362777664
868.939,-0.6574085928376013
869.23,-1.6057803849628338
869.521,-6.17275532270043
869.811,-1.7127393608826367
870.102,-5.734194125808293
870.393,-2.529769105392489
870.683,-2.7089078637918593
870.973,-1.5304657526167094
871.264,0.24255339655381947
871.554,-1.3117332095289727
871.844,-3.2309085561844864
872.135,-2.665343043036744
872.425,-6.731599356159267
872.715,-7.786376077740712
873.005,-0.8855195336803757
873.295,-4.288018560499175
873.585,-3.4830020288015424
873.874,-2.718611492393846
874.164,3.2841192638140697
874.454,-2.544286927493972
874.744,0.15392532617885957
875.033,-10.060998401533514
875.323,-5.93624174274408
875.612,-2.7665557272740666
875.902,-3.9847348701972747
876.191,-2.2250639921457527
876.48,-6.591449826518491
876.77,-1.4656746580723288
877.059,-1.489503699492812
877.348,-8.423514347517242
877.637,-1.607095534339569
877.926,-3.1058106869715276
878.215,-9.544497246100867
878.504,-0.8922218785935423
878.793,-8.123572742904273
879.082,-0.3045304317430626
879.371,-4.793807322659412
879.659,0.014293985756314298
879.948,-2.0492340422661317
880.237,-3.6348696084575933
880.525,-8.25298732677128
880.814,-0.856600675628827
881.102,-10.676572441878323
881.391,-6.214168612159968
881.679,-33.85067072250793
881.967,7.475123152571269
882.255,2.0816419771929158
882.544,-6.310118569595011
882.832,-3.1093478363403735
883.12,-2.914287432419679
883.408,2.2220128151565164
883.696,-1.2868909318226835
883.983,-3.014992557530672
884.271,-1.3189122783882323
