153.834,-2.2988216242861865
154.224,0.3010299956639812
154.614,0.6866362692622934
155.005,2.0536774407841514
155.395,1.0376600629439712
155.785,-1.7013385815925373
156.176,0.0
156.566,-0.8640658790902368
156.956,-1.0420239272488672
157.346,0.44484818333902076
157.736,0.7712234378440979
158.126,-1.076424599402447
158.516,-3.1652103744282325
158.906,1.4070160993195113
159.296,-0.5288511949455295
159.686,-0.13414450529472607
160.075,2.1792496099311283
160.465,0.8076853289812043
160.855,-0.6325600959446795
161.245,0.0
161.634,0.814288708076861
162.024,0.3010299956639812
162.414,-0.3257347791333525
162.803,3.1063771596350875
163.193,0.35218251811136253
163.582,0.9799905052799469
163.971,-0.3518816858799263
164.361,0.0
164.75,-0.5216687805441838
165.139,0.0
165.529,1.9192462027753385
165.918,1.869805810074526
166.307,1.8308143276832507
166.696,-0.13866334189941834
167.085,1.0311430277273281
167.474,2.6556077263148894
167.863,0.0
168.252,0.47712125471966244
168.641,-0.3521825181113625
169.03,1.7031313984369607
169.419,3.4185453074373817
169.808,1.807311712225255
170.197,-1.6178243851167853
170.585,1.4949182708666882
170.974,-1.105510184769974
171.363,1.4745299028173948
171.751,-1.2500377142270316
172.14,-1.7122697803229914
172.529,3.114258414892006
172.917,-0.21085336531489318
173.306,-1.3485482334562684
173.694,-0.9666372068667679
174.082,-0.06710965675242109
174.471,0.3010299956639812
174.859,-0.5175250981634247
175.247,3.03870947266046
175.635,0.0
176.024,-4.755115315927494
176.412,-1.5619790216589724
176.8,-4.546979475688196
177.188,1.0447158349166021
177.576,-1.5255802787871193
177.964,4.677328988818756
178.352,0.0
178.74,1.8197253555176385
179.128,0.0
179.515,-1.6899523688141875
179.903,0.0
180.291,0.9284352458330394
180.679,1.127770259727562
181.066,0.0
181.454,1.7813215494345327
181.842,2.8627275283179747
182.229,2.9067022144741266
182.617,1.254112049203572
183.004,0.6008995354282285
183.391,-1.2449725484634941
183.779,0.25527250510330607
184.166,0.9268567089496922
184.554,4.53422507562517
184.941,-2.3289526773928877
185.328,2.2291630602629615
185.715,0.0
186.102,2.0040566811144442
186.489,3.9592890984645477
186.876,-1.9184235414128294
187.263,3.398920988954253
187.65,-0.9294189257142926
188.037,3.6583264592422817
188.424,0.0
188.811,-3.1628571837111226
189.198,-1.5665168745941411
189.585,-1.8304121086528038
189.971,-2.362092930005676
190.358,-0.98019629795432
190.745,-1.8680725336476003
191.131,-2.213465901744671
191.518,-2.432946187637686
191.905,-1.9603694140254837
192.291,-2.321454135589206
192.677,-1.4891485267581572
193.064,-2.22997839045253
193.45,-1.5262703386652723
193.837,-1.8593124407224382
194.223,-0.987276025543
194.609,-1.5403081911318819
194.995,-2.3674601938634625
195.381,-3.324001038858646
195.768,-3.187056388825859
196.154,-2.9020820058780594
196.54,-3.6839285199516594
196.926,-2.170567165346072
197.312,-2.005550127024284
197.698,-1.2684091926801284
198.084,-2.997444927531522
198.469,-2.995729828876038
198.855,-1.5239101309953549
199.241,-1.7628644128351683
199.627,-2.031525070805047
200.012,-2.285570322428283
200.398,-2.2169961627528787
200.784,-0.9509270798690541
201.169,-2.0617799249084294
201.555,-2.1037944342844965
201.94,-3.0418254279023635
202.326,-1.3836098437466657
202.711,-1.5562191198532829
203.096,-1.8376537056442417
203.482,-1.405962852749829
203.867,-2.6579561135726975
204.252,-2.480457674053359
204.637,-1.067156773919796
205.023,-2.1224126730990225
205.408,-2.4409497711033934
205.793,-2.972078982929807
206.178,-2.379246946181834
206.563,-1.2528595909701175
206.948,-1.0904182631805328
207.333,-1.3050072753576782
207.718,-1.347660604558627
208.102,-1.4998040076750376
208.487,-2.1951618053307023
208.872,-1.0379671666505508
209.257,-1.954882543903913
209.641,-2.182675581858296
210.026,-2.767774195463825
210.41,-2.102190123793716
210.795,-1.5995308398857442
211.18,-1.4419451509524144
211.564,-1.9823381232538533
211.948,-1.9346702294652767
212.333,-2.482414121079361
212.717,-1.9669123120976073
213.101,-2.6735986555768507
213.486,-1.3966845772619672
213.87,-2.391149603694952
214.254,-2.0970178588610464
214.638,-2.8337755999215033
215.022,-1.6386151811330487
215.406,-2.2332266078466594
215.79,-1.3151974522605598
216.174,-2.0920355533170674
216.558,-1.750066736733442
216.942,-2.4412849262502774
217.326,-4.222694068636089
217.71,-2.6037889580246962
218.094,-0.8081070684853007
218.477,-1.2982738457643497
218.861,-2.787931519781211
219.245,-1.5086110396910353
219.628,-1.137474071264702
220.012,-1.7343902282040642
220.395,-2.9801186242503745
220.779,-2.0299483685902757
221.162,-2.9791702014634103
221.546,-1.4022550096562318
221.929,-1.435574518109711
222.312,-2.3666880588732147
222.696,-1.8655876197055752
223.079,-1.951062942343849
223.462,-0.9153065230390884
223.845,-2.471464464526966
224.228,-0.8999374200172731
224.611,-1.8701892168332739
224.994,-1.3456431016370023
225.377,-1.8043294668691585
225.76,-1.5601381315880998
226.143,-1.8878640027136537
226.526,-2.3161968837536344
226.909,-1.843733653241547
227.292,-3.362905693804969
227.675,-1.407362395870148
228.057,-2.1378002831064538
228.44,-2.3821856608328216
228.822,-1.2980997801063934
229.205,-1.8357861909356636
229.588,-1.535031834386174
229.97,-1.597199822417698
230.353,-1.7479291100270236
230.735,-2.800624138128631
231.117,-2.579225807408378
231.5,-1.8977253978819848
231.882,-2.6451613240296314
232.264,-1.8557892274086476
232.646,-1.5600180840499303
233.029,-1.7425058151338584
233.411,-0.878038501893016
233.793,-1.9754384192320043
234.175,-0.7428937629910979
234.557,-1.6071863559615958
234.939,-1.6786522816312128
235.321,-1.6762156801395385
235.703,-2.0116544463626003
236.084,-1.9315380012102672
236.466,-3.3996035528793813
236.848,-2.5021754450326923
237.23,-3.353257830537864
237.611,-2.3771504566775525
237.993,-2.9356643487371312
238.375,-2.03901164971682
238.756,-1.6679665020902261
239.138,-1.6584016093481044
239.519,-2.3763779351386605
239.901,-2.0936131615675238
240.282,-2.731448735357662
240.663,-2.139074704718711
241.045,-2.2810667994277773
241.426,-1.5296526202614307
241.807,-1.4127167984186437
242.188,-1.3346278573769272
242.569,-2.1835563679261676
242.95,-1.4846122411232197
243.332,-1.660964440584995
243.713,-1.5234947639973941
244.093,-1.4927403827825938
244.474,-2.025277356613623
244.855,-3.2822396687413016
245.236,-1.5108991354654586
245.617,-1.3011517196993687
245.998,-2.0536480991239086
246.378,-1.1002033435367782
246.759,-2.09522928866064
247.14,-1.678335189820785
247.52,-1.3480562535724092
247.901,-2.07210138925054
248.281,-2.1255853493283703
248.662,-1.293161692881049
249.042,-2.0597554390299226
249.423,-0.9401939320605687
249.803,-2.5248247629946747
250.183,-1.778384797455495
250.564,-1.3242340815753901
250.944,-1.6566291055158133
251.324,-1.9613621578484206
251.704,-1.9703659192609477
252.084,-1.431759798165361
252.464,-2.6197972988582445
252.844,-2.170422869716316
253.224,-2.0881056941907588
253.604,-1.555313621009947
253.984,-1.0861017137510354
254.364,-2.0646957578179945
254.744,-1.8139337704941636
255.124,-1.7969409807660506
255.503,-0.8748720301856845
255.883,-2.0885114149753767
256.263,-2.429244116536367
256.642,-2.12118297101422
257.022,-2.8760245093574217
257.401,-2.3090463406363813
257.781,-2.865352468352242
258.16,-1.5615381921254459
258.539,-1.6210722815398864
258.919,-1.527202100631776
259.298,-1.1550212440430507
259.677,-1.768448489990191
260.057,-1.588016198635653
260.436,-1.7552427256897762
260.815,-2.06770344334337
261.194,-1.655969145100048
261.573,-1.2546602733018934
261.952,-1.5743620435837686
262.331,-2.0143103058452496
262.71,-1.6939156521808352
263.089,-3.017482018650051
263.468,-3.9232446583360305
263.847,-2.6839346143637077
264.225,-1.7335164315660918
264.604,-1.9638843660093097
264.983,-2.1420485376880567
265.361,-2.6437429294975923
265.74,-1.4973021356331986
266.118,-2.4257252828769205
266.497,-1.6442940277159095
266.875,-1.5484979048702596
267.254,-2.8408209461013243
267.632,-1.9706048935565006
268.011,-1.4460775867896098
268.389,-1.0703764196713172
268.767,-2.645297597360943
269.145,-1.321418723789895
269.524,-1.6205409963927786
269.902,-2.2485569407284354
270.28,-0.7952639963621353
270.658,-2.2343235852880357
271.036,-1.7689455741263804
271.414,-1.0297637904009527
271.792,-1.0460113499946833
272.17,-1.2215795255265223
272.547,-1.5601970318641933
272.925,-2.50735662768086
273.303,-1.364309585569613
273.681,-1.6618514209850315
274.058,-2.2239705266742247
274.436,-1.764276110379656
274.814,-1.9340894815006546
275.191,-1.9581916969972015
275.569,-1.3597336627073981
275.946,-1.9764321999649437
276.323,-2.8655589115370965
276.701,-2.1114622097990394
277.078,-2.711801980022217
277.455,-1.847209174207726
277.833,-2.653643480132578
278.21,-1.8408715795935304
278.587,-1.7894948954723202
278.964,-2.285424226990138
279.341,-1.592718996643856
279.718,-1.6897189695661878
280.095,-1.8175260270190665
280.472,-1.6695239260670889
280.849,-1.5346271709873336
281.226,-1.56279640921756
281.603,-1.561464514823022
281.98,-2.5111135924367463
282.356,-1.2650229022358974
282.733,-1.296672110902621
283.11,-1.6862882928786689
283.486,-1.757386777532961
283.863,-1.2200088123983739
284.239,-2.401736095801225
284.616,-2.3509564394771973
284.992,-2.421849633403255
285.369,-1.3173114510727246
285.745,-1.4874831067825043
286.121,-2.050032086031246
286.498,-1.2949178830543708
286.874,-1.0613470635820499
287.25,-1.5487999570771604
287.626,-3.2251384858334413
288.002,-2.323428662119738
288.379,-1.6322875626398172
288.755,-1.2463533539389915
289.131,-1.2720102983688946
289.506,-1.8777593431233748
289.882,-1.9779199157292404
290.258,-1.8523558165979042
290.634,-2.219744296160044
291.01,-1.8280179795643112
291.385,-2.344319267367392
291.761,-1.551038641733869
292.137,-0.584764185784168
292.512,-0.9917482339944605
292.888,-1.3358200449568045
293.263,-1.8554179213756166
293.639,-2.523416049278595
294.014,-1.5526142082722512
294.39,-1.3628215882619048
294.765,-1.5560664713531307
295.14,-2.1020295657040413
295.516,-1.782331856140127
295.891,-2.1897566079781923
296.266,-1.4843667963078566
296.641,-1.660423575191651
297.016,-0.7295664256156746
297.391,-1.6751824707381104
297.766,-2.3615446936594777
298.141,-2.868880401986032
298.516,-1.1117248552743606
298.891,-1.3460023363201474
299.266,-1.2973382669683264
299.641,-2.0609210369205924
300.015,-1.3909950150565813
300.39,-1.3612629234625635
300.765,-1.5975860980668979
301.139,-2.2756111096962
301.514,-2.3570364198224483
301.889,-1.0131435967138374
302.263,-1.3712230208875165
302.637,-1.0321120157030201
303.012,-0.8273121110179716
303.386,-1.9170575747950311
303.761,-1.3482528022587812
304.135,-1.3855071727512955
304.509,-2.189484419452266
304.883,-3.5997914191221696
305.257,-1.7829663903835742
305.632,-1.7412523729697813
306.006,-2.1624436251362273
306.38,-1.2912521359706381
306.754,-1.4074115614221965
307.128,-1.7578749388285428
307.501,-1.281662000499106
307.875,-1.3068173117644082
308.249,-1.6561985493577445
308.623,-1.6338886576755285
308.997,-1.4316064364518013
309.37,-1.982517568151625
309.744,-1.7712932775435621
310.117,-0.8216336312207297
310.491,-1.6069420995317598
310.865,-0.39841327092960244
311.238,-2.611483414445477
311.611,-1.410175487746991
311.985,-1.1288600210095288
312.358,-2.070089812280885
312.731,-1.3634628684682435
313.105,-2.5336202100295475
313.478,-0.973422298193683
313.851,-1.0576954799850355
314.224,-1.6976669161695914
314.597,-1.2283482996268473
314.97,-2.359553414909629
315.343,-1.89305955517825
315.716,-0.9735501888015592
316.089,-1.7274978412325486
316.462,-1.350281443345264
316.835,-1.5345833587570028
317.208,-1.6004325723155532
317.58,-1.5887748964410076
317.953,-1.6738804379956458
318.326,-1.2124391921245383
318.698,-1.3277315519216386
319.071,-1.3578486552120734
319.443,-2.5234384521463116
319.816,-1.5075967055399435
320.188,-1.893226822305482
320.561,-2.3712610362422146
320.933,-0.8986913714646558
321.305,-1.4535501427952395
321.678,-1.2736749859288456
322.05,-1.6786558814341446
322.422,-1.238768292801842
322.794,-1.4326271837216422
323.166,-2.026854687226679
323.538,-1.6543549875210932
323.91,-2.132730963222511
324.282,-1.6663704459902355
324.654,-1.0177112160015527
325.026,-1.9479771702044604
325.398,-0.8077409528886408
325.77,-1.5437979256377974
326.141,-2.555658105712917
326.513,-1.9204496571661658
326.885,-2.4321945293460674
327.256,-1.6626254817468777
327.628,-0.9678131714923509
327.999,-2.2064789068572477
328.371,-1.6119038968768349
328.742,-1.278854056165044
329.114,-1.1785039281088796
329.485,-2.2667334730150954
329.856,-1.8331286997457787
330.228,-1.0125128796675138
330.599,-1.1831333793548606
330.97,-2.076234874246198
331.341,-3.324605784810861
331.712,-1.4828197218599373
332.083,-2.976232441215788
332.454,-1.4871575108014572
332.825,-1.4930930588514553
333.196,-1.8024889430655697
333.567,-2.3849535899118606
333.938,-1.823353566090331
334.309,-1.1713339838379833
334.679,-1.1629762721844854
335.05,-1.7164383959929954
335.421,-0.25915173165894906
335.791,-1.4787208074732026
336.162,-1.279774715674722
336.533,-0.2600101790465584
336.903,-2.2867554171728277
337.273,-1.4310113677991236
337.644,-1.7333505876341722
338.014,-1.4853604099839162
338.385,-1.5590856469757788
338.755,-1.4587117926856905
339.125,-1.5367605609007884
339.495,-1.9179893463203055
339.865,-1.7741895376820047
340.235,-1.4822344336531255
340.606,-1.1692505969959317
340.976,-1.4574769923463142
341.345,-1.514175763231338
341.715,-1.544919150362092
342.085,-0.9030528879970354
342.455,-1.6710721533348387
342.825,-1.987019117846499
343.195,-1.8868722835371512
343.564,-1.1638696626591614
343.934,-1.4340548437233713
344.304,-2.2208470570796037
344.673,-1.7941266574409542
345.043,-0.4847754873400574
345.412,-1.5377771219464806
345.782,-0.5959197707181776
346.151,-0.879536132263039
346.52,-1.132800298075867
346.89,-1.4440644100770943
347.259,-1.2219265633710839
347.628,-2.9983107275224623
347.997,-1.8460480091537006
348.367,-1.8641623324940264
348.736,-1.2398152451943159
349.105,-1.0586204839474358
349.474,-0.9015988170052395
349.843,-1.2720387684566938
350.212,-1.4215573379816897
350.58,-2.136911860602278
350.949,-2.4529560896705878
351.318,-1.068800732779638
351.687,-1.6769354153110632
352.056,-1.5734989782060207
352.424,-1.5988920100536328
352.793,-1.2896464149454396
353.161,-1.3785819169020415
353.53,-1.2337558836682305
353.898,-1.759393377150235
354.267,-2.406045435880001
354.635,-0.9023380817056309
355.004,-1.8641838371923527
355.372,-1.681150461986891
355.74,-1.725624798664717
356.108,-1.7616610021476808
356.477,-2.988541418662402
356.845,-1.5194162933870996
357.213,-0.9043440533657301
357.581,-0.9991470587416852
357.949,-0.4545584547609532
358.317,-1.2353095144380852
358.685,-1.14475113568509
359.053,-2.145008167724194
359.42,-1.3373637679132229
359.788,-2.4630046944300457
360.156,-0.9938720987769135
360.524,-1.1256011468843412
360.891,-1.1073671970334042
361.259,-1.0989208970757072
361.626,-1.8742316380547825
361.994,-1.6983147565293624
362.361,-1.1457544868078837
362.729,-1.2724689487268062
363.096,-1.617575741710346
363.464,-1.0478288878046758
363.831,-1.5834465186633395
364.198,-1.271001338398885
364.565,-1.2280348609606961
364.932,-1.7636611805432802
365.3,-1.3781325481109694
365.667,-1.7063837088787286
366.034,-1.2161154280943332
366.401,-1.3202561122484473
366.768,-2.7141175605118013
367.134,-1.186688426856679
367.501,-1.3865904125399053
367.868,-2.5087459714346725
368.235,-0.7410256441719648
368.602,-1.093524297839225
368.968,-0.983528197398699
369.335,-1.8808356355345779
369.702,-1.1937051162689822
370.068,-1.3862873933870317
370.435,-1.6320146582241066
370.801,-1.4523164412287453
371.167,-1.1134249830276501
371.534,-1.086592028910246
371.9,-1.4161249636157056
372.266,-1.6646318293773865
372.633,-1.0041574863445037
372.999,-1.1093668357778628
373.365,-0.7168564993858048
373.731,-1.4660826107962732
374.097,-1.1079329778260776
374.463,-2.8158888646313702
374.829,-1.2058816944000115
375.195,-1.8923206543039268
375.561,-1.8477541365768333
375.927,-1.2036642709514558
376.293,-0.6778964755359922
376.658,-1.5626809576375562
377.024,-1.639484191991415
377.39,-1.2432975870276883
377.755,-0.9015755788989493
378.121,-1.4902384541016815
378.487,-1.1502422659513156
378.852,-1.4261357678539854
379.217,-0.6200911249992661
379.583,-1.2271743117151028
379.948,-1.059327471840521
380.314,-1.7806907133604832
380.679,-1.315543685956498
381.044,-1.0493346713297973
381.409,-1.4551795741403888
381.774,-1.092821578372901
382.139,-1.7985085164219559
382.504,-1.2648024637377404
382.869,-1.1830146154865206
383.234,-1.4111763659382968
383.599,-0.7933085173926147
383.964,-0.743226281151561
384.329,-0.7869217850987313
384.694,-0.7222132864790992
385.058,-0.97030819209429
385.423,-1.1833915291803545
385.788,-1.748920210306433
386.152,-2.017016490647039
386.517,-1.472724500454715
386.881,-1.007960277999215
387.246,-1.2549940818287753
387.61,-0.5584295743823163
387.975,-1.9938179968301448
388.339,-0.8460496272494997
388.703,-0.910642565844159
389.068,-0.9513913483239035
389.432,-0.8838906366247925
389.796,-0.8905478551905652
390.16,-0.5278998143387567
390.524,-0.9556925795416935
390.888,-0.9427201570750171
391.252,-1.4523594426277895
391.616,-0.8795584088079464
391.98,-1.143685099172054
392.344,-0.6673670149173155
392.708,-0.8963813306298747
393.071,-0.7638036495605617
393.435,-0.5028516648665532
393.799,-0.9312753421283118
394.162,-1.2340771561901682
394.526,-0.9312380014701792
394.889,-0.9544448078917818
395.253,-1.3660220653716522
395.616,-0.6549120324126148
395.98,-0.5548581033123448
396.343,-1.5149530222743874
396.706,-0.9340371676414632
397.07,-1.1725553107262014
397.433,-0.5613592888013019
397.796,-0.9948449110683819
398.159,-1.0036345545819807
398.522,-0.8861446225279712
398.885,-0.5985682157649312
399.248,-0.6181026228974539
399.611,-1.085682205520598
399.974,-0.9334251697807903
400.337,-1.1152749814547929
400.7,-0.7636963307120234
401.063,-0.47708239005002695
401.425,-1.360697836536378
401.788,-0.6272745629226806
402.151,-0.8059176409229081
402.513,-0.37358144083938283
402.876,-0.9012725849617311
403.238,-0.8189056402040685
403.601,-0.5221687029194431
403.963,-0.9666100831603187
404.325,-0.895470466811574
404.688,-0.5851290887382554
405.05,-0.7041287513119603
405.412,-0.6321135116792077
405.774,-0.5264226262256653
406.137,-0.5305076980024248
406.499,-0.3848950254233697
406.861,-0.5947590982175199
407.223,-1.067177336619001
407.585,-0.644621579652474
407.947,-0.4621469097209346
408.308,-0.4321897831336891
408.67,-0.37105460104268395
409.032,-0.5242269199154195
409.394,-0.169837405555598
409.756,-0.5056057479133718
410.117,-0.36873240155614784
410.479,0.08239913073924744
410.84,-0.2069124513848449
411.202,-0.5696138332859493
411.563,0.06801510197202139
411.925,0.1063096751065583
412.286,-0.3906354315072084
412.647,-0.2937660223467176
413.009,0.4709794191077574
413.37,0.17925736541125828
413.731,0.3647031930345538
414.092,0.28564812750720964
414.453,0.3242778042548159
414.814,0.3807879962295065
415.175,0.7064457290487045
415.536,1.0809874339471193
415.897,1.2486997045490424
416.258,1.5802316089005042
416.619,1.2464385088986427
416.98,1.4200690808796768
417.341,1.7831632817232312
417.701,1.9529449803161307
418.062,1.8146054679705472
418.423,1.975728766994296
418.783,2.0635286452516857
419.144,2.1097873780921064
419.504,2.2981122351243166
419.865,2.3948255631356856
420.225,2.4027606858693784
420.585,2.3706051238883825
420.946,2.3735054314103845
421.306,2.44757706005394
421.666,2.422499883205796
422.026,2.369916620304453
422.386,2.4651627840909596
422.746,2.1790928450954503
423.106,2.483839713497003
423.466,2.4149062514325954
423.826,2.2505402701947124
424.186,2.3151727210854336
424.546,2.2499260375047845
424.906,2.1586415234921046
425.266,2.151148219527819
425.625,2.149496353831469
425.985,1.9515050502812954
426.345,1.912602615883136
426.704,1.8993788702484729
427.064,1.8250564836298442
427.423,1.808228188124417
427.783,1.7967526797244475
428.142,1.7108010934191484
428.501,1.7085389908034156
428.861,1.602574054907977
429.22,1.588898502853778
429.579,1.4511786855316098
429.938,1.441738184124242
430.297,1.3784633546230523
430.656,1.2979547745730784
431.015,1.2354209300006609
431.374,1.1980957144097146
431.733,1.1343502803537393
432.092,1.0819859393200282
432.451,1.0016904126221933
432.81,0.9921294252003654
433.169,0.8835604727529343
433.527,0.7757962277406488
433.886,0.7558976163933389
434.244,0.7231726107264951
434.603,0.6002929064496931
434.962,0.5567245563345062
435.32,0.5637581610060317
435.678,0.5161990323823029
436.037,0.46302402011203936
436.395,0.36835368303914917
436.753,0.30437815691704745
437.112,0.2160634675236957
437.47,0.29455320752853936
437.828,0.16385178804550415
438.186,0.11088516325459215
438.544,0.1547592215759567
438.902,0.05026018791675414
439.26,-0.03112361433446563
439.618,-0.015022244474715403
439.976,-0.08057457493242695
440.334,-0.044031155745555474
440.692,-0.07648625091718315
441.049,-0.07418233596429148
441.407,-0.16782177972349113
441.765,-0.19863549956877782
442.122,-0.20660848241470745
442.48,-0.26163323741885947
442.837,-0.26970737016800084
443.195,-0.3202629298091762
443.552,-0.3772295280086176
443.91,-0.43426706504634827
444.267,-0.45644523584915264
444.624,-0.44406382440555553
444.982,-0.49052114677575026
445.339,-0.42147419146543214
445.696,-0.5740820526832796
446.053,-0.5602092346871901
446.41,-0.5910158435140517
446.767,-0.6011302845980474
447.124,-0.6667484257802956
447.481,-0.6534269472963529
447.838,-0.6454285129647825
448.195,-0.7752328790195349
448.552,-0.7033334338615012
448.908,-0.7308488819511818
449.265,-0.7844698987267001
449.622,-0.742275652326859
449.978,-0.7849055066067986
450.335,-0.8399677012664479
450.691,-0.7568133551889017
451.048,-0.8862326750792848
451.404,-0.8003866711350085
451.761,-0.8814107886339813
452.117,-0.8376638130995759
452.473,-0.8894984841804485
452.829,-0.9242115981880509
453.186,-0.9668703582759457
453.542,-0.9695584019007246
453.898,-0.9651817620882037
454.254,-0.9793679447065762
454.61,-0.9864866401113228
454.966,-0.9903284785778748
455.322,-0.9995934330488007
455.678,-0.9595711848217625
456.033,-1.0019185558187962
456.389,-1.0440946073851796
456.745,-1.0733068421942638
457.101,-1.0281553868434687
457.456,-1.0504379213600925
457.812,-1.0716787351526016
458.167,-1.0681165066771752
458.523,-1.0822749266818912
458.878,-1.0569346147258643
459.234,-1.077768811658851
459.589,-1.0681874397839803
459.944,-1.0687986970490355
460.3,-1.0665244590971175
460.655,-1.1175019184964015
461.01,-1.1017084614186126
461.365,-1.1308480791981868
461.72,-1.0642394076180242
462.075,-1.0834759687855826
462.43,-1.1333994389339326
462.785,-1.1740066108047353
463.14,-1.130370389915887
463.495,-1.1298709023123603
463.85,-1.1507388091680355
464.205,-1.1330005744062395
464.559,-1.1395757720668822
464.914,-1.1582090818004194
465.269,-1.1543579704148004
465.623,-1.1741475437740612
465.978,-1.1903807658372243
466.332,-1.1757479977698777
466.687,-1.208679847072058
467.041,-1.157106174911022
467.395,-1.2208355614415216
467.75,-1.2038745808609526
468.104,-1.2343674309489188
468.458,-1.1933460731520555
468.812,-1.3351735678535455
469.166,-1.2063300962980246
469.52,-1.1922767729559987
469.874,-1.266673595790027
470.228,-1.2212666217589765
470.582,-1.2208824509087273
470.936,-1.183410815809343
471.29,-1.2317667297174986
471.644,-1.23950905959688
471.998,-1.2497781006107613
472.351,-1.2469833510698405
472.705,-1.2483300038745715
473.058,-1.2111749623960475
473.412,-1.269518146683606
473.766,-1.2767482125201814
474.119,-1.3008167789196599
474.472,-1.2958003922459305
474.826,-1.2550454418120673
475.179,-1.2821736866427473
475.532,-1.2971613458317406
475.886,-1.3499678302675142
476.239,-1.299015710861889
476.592,-1.3082668065962382
476.945,-1.3742807610640235
477.298,-1.3503408894863986
477.651,-1.2938513054465945
478.004,-1.3669837625339925
478.357,-1.33364184962187
478.71,-1.306441324095332
479.063,-1.3362395305239194
479.415,-1.29741089087977
479.768,-1.3900721245846874
480.121,-1.3911409328002664
480.473,-1.3920708246094382
480.826,-1.319797323040829
481.179,-1.3969484437363864
481.531,-1.334169488133311
481.883,-1.3814749136670565
482.236,-1.3388755267454164
482.588,-1.3232920267897488
482.94,-1.378298834959018
483.293,-1.3967613472582792
483.645,-1.4030010610123245
483.997,-1.3186853160782583
484.349,-1.3294818536849513
484.701,-1.3122125263787376
485.053,-1.4065033188417946
485.405,-1.3553413834240122
485.757,-1.3611822294566085
486.109,-1.3722868127368044
486.461,-1.3679025824830922
486.813,-1.402575114244584
487.164,-1.3845914397188137
487.516,-1.4355072194895766
487.868,-1.4647894376033046
488.219,-1.3817075673224275
488.571,-1.4516446353827082
488.922,-1.391262453452182
489.274,-1.4441331118260363
489.625,-1.373635230277225
489.977,-1.3321209832849263
490.328,-1.3762200602167087
490.679,-1.4214083353594054
491.03,-1.409047710897682
491.382,-1.39216487476886
491.733,-1.451217100890666
492.084,-1.4522874615774781
492.435,-1.4450471698835219
492.786,-1.493539804544983
493.137,-1.3997543173277733
493.488,-1.4324081987893817
493.839,-1.3947775721940885
494.189,-1.4612752024464966
494.54,-1.4226140414992923
494.891,-1.4845566920266624
495.242,-1.4655244605665123
495.592,-1.4852271338832341
495.943,-1.4587802179366425
496.293,-1.4267470137511307
496.644,-1.4862621911986078
496.994,-1.485112229873357
497.345,-1.5144086849893454
497.695,-1.5144223605338079
498.045,-1.5010342548786737
498.395,-1.4982230999081063
498.746,-1.5160881547087952
499.096,-1.4972851230628481
499.446,-1.4771777093538394
499.796,-1.4804459706525093
500.146,-1.5802699037642374
500.496,-1.5751004649398614
500.846,-1.5427427073083326
501.196,-1.5073121559554001
501.545,-1.4859100110024395
501.895,-1.4881860949835672
502.245,-1.5444407343789353
502.595,-1.533409659148769
502.944,-1.5438024088866067
503.294,-1.558262680278907
503.643,-1.514625866777386
503.993,-1.5538521712628912
504.342,-1.5065535260867444
504.692,-1.5404894266482996
505.041,-1.5528847464886866
505.39,-1.5871360313443112
505.74,-1.630355900009226
506.089,-1.561520234258927
506.438,-1.580430766021225
506.787,-1.560751470594325
507.136,-1.6012136920966589
507.485,-1.6176825332948686
507.834,-1.5770688609849746
508.183,-1.6227710185601238
508.532,-1.6207410684239765
508.881,-1.5905163126072215
509.229,-1.611042789020859
509.578,-1.6699968302984487
509.927,-1.6342377782693611
510.276,-1.633467500474688
510.624,-1.6193118242666427
510.973,-1.5984252967252157
511.321,-1.6011173092645206
511.67,-1.6140718513782797
512.018,-1.6310771224575844
512.366,-1.665706039233296
512.715,-1.6677077954066475
513.063,-1.6735616462490583
513.411,-1.6541140649466013
513.759,-1.6562970508105022
514.107,-1.589383508262803
514.456,-1.670750795412946
514.804,-1.6325188649137417
515.152,-1.6710959961128697
515.499,-1.6551210953671187
515.847,-1.6542977782480104
516.195,-1.6495133106367459
516.543,-1.6363125037750998
516.891,-1.6169018612225787
517.238,-1.682099999540846
517.586,-1.6256567271102424
517.934,-1.6255169402814036
518.281,-1.636643042058338
518.629,-1.62783522107256
518.976,-1.605036167919272
519.324,-1.748166902587348
519.671,-1.6401069893236928
520.018,-1.6312319665181243
520.365,-1.6344808830891475
520.713,-1.6919970817707886
521.06,-1.70333357159271
521.407,-1.6946288959134521
521.754,-1.6118858368787614
522.101,-1.6769862590108298
522.448,-1.6626903966570254
522.795,-1.693145402168383
523.142,-1.6711344859196866
523.489,-1.6843568884182432
523.836,-1.6713571375159693
524.182,-1.6384416867431832
524.529,-1.677294700842302
524.876,-1.719935207539957
525.222,-1.6722406250297601
525.569,-1.6933535154466437
525.915,-1.6621867870751488
526.262,-1.6378841552761179
526.608,-1.6466616375865537
526.954,-1.7143181951871655
527.301,-1.6466178618271448
527.647,-1.6899201641970787
527.993,-1.6889136962557656
528.339,-1.6522058862715556
528.686,-1.6735296727894842
529.032,-1.626962945375711
529.378,-1.6279600591427705
529.724,-1.6849832851940216
530.07,-1.64683948411091
530.415,-1.6304207094182266
530.761,-1.6759576978754713
531.107,-1.7229167916052968
531.453,-1.7006365196644748
531.799,-1.7432854407972838
532.144,-1.6717915783000221
532.49,-1.6562371901260338
532.835,-1.6986475710581377
533.181,-1.6481538190359406
533.526,-1.6457410498952527
533.872,-1.6179327318977148
534.217,-1.6713534882508183
534.562,-1.7339319972778846
534.908,-1.6704372421751874
535.253,-1.7007062594636106
535.598,-1.6945199835151044
535.943,-1.6894598740068463
536.288,-1.707416827165981
536.633,-1.6894327443667017
536.978,-1.722309585753043
537.323,-1.699335467485707
537.668,-1.6929807394051712
538.013,-1.7363866476316763
538.358,-1.7061464232795447
538.702,-1.7257129856183675
539.047,-1.7243088947627876
539.392,-1.7266759140119028
539.736,-1.7634857573647795
540.081,-1.7269475754408692
540.425,-1.6791796103568282
540.77,-1.6920234530846128
541.114,-1.7130197690063564
541.459,-1.7390658565958792
541.803,-1.732108262833271
542.147,-1.7302015730013123
542.491,-1.7553351287032493
542.835,-1.7393671652913143
543.18,-1.7228632492571727
543.524,-1.7303641067821094
543.868,-1.7012323252331747
544.212,-1.6719564622757985
544.556,-1.7068799473833272
544.899,-1.7032993158995378
545.243,-1.7088469958145769
545.587,-1.7370298299360762
545.931,-1.7109763147334511
546.274,-1.7048446674981306
546.618,-1.7009641604876737
546.962,-1.7151440833737235
547.305,-1.7406475532167869
547.649,-1.72699368897483
547.992,-1.696135756521512
548.336,-1.7364753597717226
548.679,-1.6926730479358758
549.022,-1.6969857449910701
549.365,-1.766189115969556
549.709,-1.6965322318965115
550.052,-1.7402624997807024
550.395,-1.752915220941914
550.738,-1.7576082419412278
551.081,-1.6587573260809276
551.424,-1.7316499724236143
551.767,-1.7215119928828289
552.11,-1.6738827106671397
552.453,-1.7324115509452016
552.795,-1.7293611893602148
553.138,-1.777927790037038
553.481,-1.7154412448046183
553.823,-1.6841507859412181
554.166,-1.6938545984178466
554.508,-1.6478694133242253
554.851,-1.6653453512982896
555.193,-1.6949303705568566
555.536,-1.730607420686759
555.878,-1.619276817005979
556.22,-1.6618799403317965
556.563,-1.7188719953557265
556.905,-1.6760231821423002
557.247,-1.6919669186963064
557.589,-1.673335386696542
557.931,-1.6042548920730695
558.273,-1.6219655738222827
558.615,-1.627945730216446
558.957,-1.663299053737015
559.299,-1.6683705722474451
559.64,-1.6576316989586868
559.982,-1.6555176317635063
560.324,-1.6681345848567344
560.666,-1.6643245308176526
561.007,-1.677905503821775
561.349,-1.6661109862394845
561.69,-1.6280816282872934
562.032,-1.6010427373591771
562.373,-1.6993283774350747
562.715,-1.6245380252228976
563.056,-1.691912732683168
563.397,-1.645446924351686
563.738,-1.6365857774874577
564.08,-1.6500809745923997
564.421,-1.7206987677188903
564.762,-1.6910788228584495
565.103,-1.6580393020067992
565.444,-1.6846698405013154
565.785,-1.7001717402855818
566.126,-1.663924277773073
566.466,-1.645652747661432
566.807,-1.6765964666203785
567.148,-1.7196276740013812
567.489,-1.6823375840713233
567.829,-1.6354942694042334
568.17,-1.6708914322098716
568.51,-1.633934437021421
568.851,-1.668742937102442
569.191,-1.6475691213621348
569.532,-1.6610068795885529
569.872,-1.6977876277491228
570.212,-1.7263634041868032
570.553,-1.6380865900136155
570.893,-1.668585130330345
571.233,-1.6881020534322713
571.573,-1.607530477840574
571.913,-1.7093182024923828
572.253,-1.6525788121482
572.593,-1.7104503478038562
572.933,-1.73486750713146
573.273,-1.6951521212074223
573.613,-1.6304838573474303
573.952,-1.7195966306648298
574.292,-1.6895437913214306
574.632,-1.6493615551562073
574.971,-1.6476154535654262
575.311,-1.6888177702669993
575.65,-1.6906170235806635
575.99,-1.6559306824593958
576.329,-1.7105495284763326
576.669,-1.693465001410172
577.008,-1.705507859002652
577.347,-1.762846724718936
577.687,-1.6648286615945094
578.026,-1.6663421323922143
578.365,-1.7144012794231693
578.704,-1.701142194197201
579.043,-1.6605221472518186
579.382,-1.6941554602816948
579.721,-1.716580739917555
580.06,-1.727327239086834
580.399,-1.7566540417920566
580.737,-1.6732770771997858
581.076,-1.6379041800513363
581.415,-1.6477116463850836
581.753,-1.653581728523554
582.092,-1.6766772922621367
582.431,-1.6029301239678495
582.769,-1.6624702453064737
583.108,-1.6422091977731013
583.446,-1.6381502618909802
583.784,-1.6468757919196022
584.123,-1.7200213277485144
584.461,-1.6628546245767677
584.799,-1.706269578408678
585.137,-1.668354232893548
585.475,-1.639923133722478
585.813,-1.6180416923241574
586.151,-1.65993759924953
586.489,-1.6413016171374144
586.827,-1.6608957978747818
587.165,-1.6517473325543062
587.503,-1.625014365862784
587.841,-1.6594102487920734
588.178,-1.597054697915083
588.516,-1.632861944470412
588.854,-1.6891928235852265
589.191,-1.6586013560525772
589.529,-1.6759467132074812
589.866,-1.6551372745065493
590.204,-1.6710496235852836
590.541,-1.654241734099326
590.878,-1.6676210003669165
591.215,-1.641286438355262
591.553,-1.6619883357084375
591.89,-1.6068761599369716
592.227,-1.6404117949184962
592.564,-1.7022091417963896
592.901,-1.6133084723631597
593.238,-1.6343062304845999
593.575,-1.6615374984966618
593.912,-1.6391623986956636
594.249,-1.674457640392741
594.585,-1.6150258860095494
594.922,-1.6981966906413517
595.259,-1.6535580236655658
595.595,-1.6088258995591622
595.932,-1.6649272370869275
596.269,-1.6244643386330573
596.605,-1.6247080079198248
596.941,-1.6137773823935349
597.278,-1.6607986479328076
597.614,-1.6085948708813356
597.95,-1.6659589570206992
598.287,-1.639528042845476
598.623,-1.6855119839082848
598.959,-1.6540046962472568
599.295,-1.6054854124561713
599.631,-1.6497309514676313
599.967,-1.664323629020056
600.303,-1.667291089271761
600.639,-1.590982706732431
600.975,-1.6850886963679321
601.311,-1.6548763371167259
601.646,-1.6580673963470691
601.982,-1.5772487826194337
602.318,-1.6616188929827116
602.653,-1.6746532947571855
602.989,-1.6458917339847432
603.324,-1.6470362002569245
603.66,-1.629862911282547
603.995,-1.6656548220724656
604.331,-1.650667327632679
604.666,-1.666628352944084
605.001,-1.613480686800543
605.336,-1.662172928869146
605.671,-1.685935080409215
606.007,-1.595698682621803
606.342,-1.65872331979983
606.677,-1.6532518347175467
607.012,-1.6533740489660658
607.346,-1.684357172568665
607.681,-1.7168389771072001
608.016,-1.6849193534155695
608.351,-1.6514816447949043
608.686,-1.6846666314463794
609.02,-1.6811522291378898
609.355,-1.633671727640007
609.689,-1.6010626218971131
610.024,-1.6334725850462033
610.358,-1.6546453609857594
610.693,-1.7196891249389519
611.027,-1.6893520644190094
611.361,-1.645875059576663
611.696,-1.6593385358515242
612.03,-1.7048740856196005
612.364,-1.6564365184980383
612.698,-1.6209061362818094
613.032,-1.596819667880963
613.366,-1.6740360502703522
613.7,-1.612159695360263
614.034,-1.6496399943042084
614.368,-1.7297021789137996
614.702,-1.6787037935005034
615.035,-1.6450170331231
615.369,-1.6370521931268593
615.703,-1.6611184170334494
616.036,-1.678255016262058
616.37,-1.6947638857839742
616.703,-1.7017501009384937
617.037,-1.6907488320840083
617.37,-1.7548289039527112
617.704,-1.7064942368843334
618.037,-1.6922159163932537
618.37,-1.6618122726739504
618.704,-1.6887031281066112
619.037,-1.6403959561278156
619.37,-1.7351720387534382
619.703,-1.7602377542794871
620.036,-1.6827354010270545
620.369,-1.736099557583734
620.702,-1.7704920994159996
621.035,-1.7070246602278782
621.367,-1.6919727146428054
621.7,-1.700407634362573
622.033,-1.7944154803406658
622.366,-1.811125885379425
622.698,-1.7766920451321189
623.031,-1.7787423132945523
623.363,-1.7068615466129617
623.696,-1.740507858306756
624.028,-1.741750327890572
624.361,-1.7590443784843517
624.693,-1.7659602707050333
625.025,-1.7003780091834082
625.357,-1.7239470608318541
625.689,-1.7655755683207004
626.022,-1.8076976831090785
626.354,-1.7208034433548163
626.686,-1.7109018356075012
627.018,-1.7213266700422754
627.35,-1.7863801509236468
627.681,-1.7450242282749506
628.013,-1.7793615821924107
628.345,-1.7966799598803482
628.677,-1.7542245347172962
629.008,-1.7763846823137988
629.34,-1.7717752759134573
629.672,-1.716067276695034
630.003,-1.7195179148126178
630.335,-1.790065080393013
630.666,-1.730244558423609
630.997,-1.8012013537761413
631.329,-1.7482112095545412
631.66,-1.788498499454274
631.991,-1.8130892719134826
632.322,-1.7439543502138353
632.653,-1.7316173587950825
632.984,-1.798485162513915
633.316,-1.7110372599479216
633.646,-1.7546392630807244
633.977,-1.70194514413466
634.308,-1.789181685133676
634.639,-1.692580384323309
634.97,-1.7353112048851598
635.301,-1.7609086633438173
635.631,-1.7343058350524747
635.962,-1.7555474678587095
636.292,-1.7680165224656845
636.623,-1.8213686131792097
636.953,-1.7250998805737865
637.284,-1.7815491601196665
637.614,-1.736436070590702
637.944,-1.7592303103367595
638.275,-1.7002389061993608
638.605,-1.7183182316763648
638.935,-1.710993355098081
639.265,-1.759907729540273
639.595,-1.7324317814301038
639.925,-1.6865998112760598
640.255,-1.7316935116528818
640.585,-1.7320934377512902
640.915,-1.7394031434602737
641.245,-1.7887687087302888
641.575,-1.7822831732961844
641.904,-1.7491456232447502
642.234,-1.7155747073021361
642.564,-1.8374156105021058
642.893,-1.7605756582338585
643.223,-1.7877827583169226
643.552,-1.76783970778361
643.882,-1.7427353079921326
644.211,-1.73448713091255
644.54,-1.7587227205912666
644.869,-1.783686113656573
645.199,-1.7512417057243113
645.528,-1.8157475129543963
645.857,-1.8139288019248083
646.186,-1.76925074789281
646.515,-1.8370649648232806
646.844,-1.8108072894249418
647.173,-1.815345586715415
647.502,-1.7993684575000826
647.83,-1.7242107439730117
648.159,-1.7322200151928326
648.488,-1.8119211339411447
648.817,-1.7498698920983824
649.145,-1.7033799706700923
649.474,-1.721213584064554
649.802,-1.76841011465889
650.131,-1.7980358230960114
650.459,-1.737098613743144
650.787,-1.7554738500810705
651.116,-1.8492329515588755
651.444,-1.7629906210709023
651.772,-1.8080800077867796
652.1,-1.7731914904668462
652.428,-1.7578790334655967
652.756,-1.8068154264779919
653.084,-1.828618190941069
653.412,-1.766460486755951
653.74,-1.8251987611716025
654.068,-1.7537677935735698
654.396,-1.7390246725192315
654.724,-1.8105752349113198
655.051,-1.7970715987655224
655.379,-1.7779412261434504
655.707,-1.8208499832226588
656.034,-1.7787884684892281
656.362,-1.8065749645473215
656.689,-1.7614859731179169
657.016,-1.7923711798154651
657.344,-1.7444172528818829
657.671,-1.7468508671429537
657.998,-1.7924046737771502
658.325,-1.7964552520439205
658.653,-1.794482499989885
658.98,-1.8324688945200442
659.307,-1.710293701215666
659.634,-1.8746932593515928
659.961,-1.8628506183220714
660.287,-1.7850987406297478
660.614,-1.7315982223405977
660.941,-1.8065116739189702
661.268,-1.760242688716865
661.595,-1.7842265735711642
661.921,-1.8209158351781194
662.248,-1.853398343527353
662.574,-1.8299267270361659
662.901,-1.8033269866983634
663.227,-1.8171043083179343
663.553,-1.7967146767973239
663.88,-1.807193160327353
664.206,-1.8582180726888056
664.532,-1.8034232466145168
664.858,-1.8599166780702248
665.185,-1.7949884457539576
665.511,-1.904011931744741
665.837,-1.7661876659201277
666.163,-1.793646622630132
666.489,-1.8502305127046488
666.814,-1.758396227566836
667.14,-1.798124563190279
667.466,-1.798604239688362
667.792,-1.8189116824638616
668.117,-1.777908911837652
668.443,-1.7760701072910314
668.769,-1.7337060383679783
669.094,-1.8282871871530784
669.419,-1.8476915351632246
669.745,-1.8392838654978467
670.07,-1.8163071591915558
670.396,-1.848114227513392
670.721,-1.84494778567072
671.046,-1.8628811231033782
671.371,-1.8437873938143603
671.696,-1.7249625465590848
672.021,-1.7513357622629224
672.346,-1.8070826186730822
672.671,-1.8264831205517633
672.996,-1.732341511006094
673.321,-1.874452380234718
673.646,-1.7322696789792125
673.97,-1.8378924474582805
674.295,-1.7883229128678928
674.62,-1.8658033036584234
674.944,-1.8638039474389188
675.269,-1.8629336578078148
675.593,-1.7560628159509104
675.918,-1.8222182866220378
676.242,-1.8081244881084666
676.567,-1.8447308140916445
676.891,-1.7629170529954192
677.215,-1.7959267496680948
677.539,-1.8348579252572874
677.863,-1.7977283765215408
678.187,-1.796689291248791
678.511,-1.7964437383724619
678.835,-1.750389086203729
679.159,-1.7406040398273552
679.483,-1.8442339549289364
679.807,-1.8266141994100256
680.131,-1.826659961474469
680.455,-1.769272132866519
680.778,-1.8154660770997506
681.102,-1.884200358287081
681.425,-1.8420246960112576
681.749,-1.8346277855266324
682.072,-1.7651983151873332
682.396,-1.7709726624094588
682.719,-1.816727386312342
683.042,-1.854709862481739
683.366,-1.7638598450569931
683.689,-1.8657247867365707
684.012,-1.8535153434899667
684.335,-1.8142047182268173
684.658,-1.8209315770652807
684.981,-1.8807293558558886
685.304,-1.8548510583121238
685.627,-1.8213155495066788
685.95,-1.81812641798966
686.273,-1.8442795193172055
686.595,-1.871648112003496
686.918,-1.7686875522549295
687.241,-1.8361617862845236
687.563,-1.8197132437943304
687.886,-1.843202954980292
688.208,-1.9105241943797
688.531,-1.8564056890114233
688.853,-1.8377132464495365
689.175,-1.799678870137143
689.498,-1.827516038473914
689.82,-1.799507500065106
690.142,-1.8178917342521612
690.464,-1.8124558650910947
690.786,-1.8349735074765154
691.108,-1.7301912770100303
691.43,-1.7638416674780744
691.752,-1.8998851616645724
692.074,-1.7822153003318006
692.396,-1.881265797050655
692.718,-1.8436191247480664
693.039,-1.8829447898117817
693.361,-1.8609222186553684
693.683,-1.9351633900515948
694.004,-1.8181247771042623
694.326,-1.850715915185229
694.647,-1.8445870377773532
694.969,-1.870794167508904
695.29,-1.791201362427087
695.611,-1.8371123624074723
695.932,-1.778346648122056
696.254,-1.7840333016902685
696.575,-1.7921467765935901
696.896,-1.8089720750156275
697.217,-1.855188956094781
697.538,-1.8702941993748252
697.859,-1.8486475809921137
698.18,-1.8203690487581603
698.501,-1.9575190481410218
698.821,-1.8271880645890561
699.142,-1.8287726264064328
699.463,-1.7753743234311155
699.783,-1.7379575807570968
700.104,-1.7449271979824437
700.424,-1.8325790161215876
700.745,-1.7950057020752792
701.065,-1.9262280015375626
701.386,-1.8220548067790465
701.706,-1.8914180403783414
702.026,-1.8657768481597383
702.347,-1.8703001051039272
702.667,-1.933605747852406
702.987,-1.8286474041701903
703.307,-1.845736806965466
703.627,-1.867643873554539
703.947,-1.8122058416141373
704.267,-1.8319271065369167
704.587,-1.8561568122536034
704.906,-2.000913733376944
705.226,-1.9449060480612654
705.546,-1.8500874428855443
705.865,-1.853584059303483
706.185,-1.7759447268825392
706.505,-1.8444277166224572
706.824,-1.8062601976603618
707.143,-1.8290023096414536
707.463,-1.830283811283306
707.782,-1.8715705256907107
708.101,-1.8048037798539487
708.421,-1.8472951420616281
708.74,-1.8468523074292196
709.059,-1.900954608415558
709.378,-1.815978226613318
709.697,-1.9317376379680007
710.016,-1.8982098899311186
710.335,-1.930963933282984
710.654,-1.9686265725140901
710.973,-1.9534991305721146
711.291,-1.9372805506944542
711.61,-1.8608498138829406
711.929,-1.856506858944142
712.247,-1.81056261401513
712.566,-1.9432408275190176
712.884,-1.960649837996353
713.203,-2.071601952540229
713.521,-1.8522743846572935
713.84,-1.8651537505010185
714.158,-1.8400507274571907
714.476,-1.865539928750036
714.794,-1.766317461397417
715.112,-1.9763624866537508
715.431,-1.9109049627774228
715.749,-1.927302799554626
716.067,-1.9096259751462947
716.384,-1.8763994101387464
716.702,-1.9422297020669734
717.02,-1.979552135306123
717.338,-1.7924357381278604
717.656,-1.918512310959694
717.973,-1.9428597669894738
718.291,-1.8468736801644958
718.608,-1.8408034183396225
718.926,-1.9321567163216011
719.243,-1.919245986086727
719.561,-1.8997761579485488
719.878,-1.7866345919700028
720.195,-1.8844359690303059
720.513,-1.8597482792792945
720.83,-1.9929066857641589
721.147,-1.8905147773571223
721.464,-1.895606082222957
721.781,-1.957130395226402
722.098,-1.911253540887238
722.415,-1.8572600172774778
722.732,-1.966777205553416
723.049,-1.875883553970407
723.366,-1.9032776548535606
723.682,-2.095541650518138
723.999,-1.9918418393929733
724.316,-1.8837936171783478
724.632,-1.8275794341014562
724.949,-1.9440636956705089
725.265,-2.025751958117537
725.582,-1.9076505707883806
725.898,-1.9962208507936108
726.214,-1.9463309837613494
726.53,-1.816412303477811
726.847,-1.8817893491762188
727.163,-1.8972087138840936
727.479,-2.0196794233087614
727.795,-2.001179939371056
728.111,-1.915691338453445
728.427,-1.8673087171558862
728.743,-1.9593714250264251
729.059,-1.8381349750401244
729.374,-1.9596448159363336
729.69,-2.105339109342583
730.006,-1.9544664060217865
730.321,-1.9169534687267324
730.637,-1.9858194985847404
730.952,-1.9502285365421383
731.268,-1.9031267650010668
731.583,-1.9831850301426464
731.899,-2.0216359870990086
732.214,-2.008554670547011
732.529,-2.0382124570091995
732.844,-1.9292988117419774
733.16,-2.0000421326739484
733.475,-2.1194056434832635
733.79,-1.8987222166619127
734.105,-1.929342758673914
734.42,-1.9111885647596816
734.735,-2.011438049145886
735.049,-2.0494976159405893
735.364,-1.8515824720383864
735.679,-1.844351493117339
735.994,-1.9802023185497715
736.308,-1.921547790615934
736.623,-1.873983817006743
736.937,-2.097883895234667
737.252,-2.0565443792866667
737.566,-1.9576693733136488
737.881,-2.013517123747741
738.195,-1.9947040883795624
738.509,-1.9907007540382538
738.823,-1.9068702966234565
739.137,-2.186234023776645
739.452,-2.014482734836329
739.766,-1.9079031371110058
740.08,-1.9347917604976723
740.394,-2.0668991294045265
740.707,-2.0758726132977396
741.021,-2.01662353437273
741.335,-1.95521336871838
741.649,-2.142723415847829
741.962,-1.8529174199463108
742.276,-1.9749507340399766
742.59,-1.9403532713774698
742.903,-1.9106105519205105
743.217,-2.0929409779607813
743.53,-2.016039475482969
743.843,-1.9851077291051211
744.157,-2.112515253478556
744.47,-2.015017458927328
744.783,-1.9745842251558934
745.096,-2.0206747845307063
745.409,-1.8935835949565998
745.722,-1.8966032279373977
746.035,-1.9319426593498448
746.348,-1.9766139217899703
746.661,-2.0772402638468104
746.974,-2.0800194578051343
747.287,-2.0481174948793357
747.6,-1.974507499986109
747.912,-1.987129358169939
748.225,-2.1239760607356724
748.537,-1.9369331169127448
748.85,-2.0496524416044783
749.162,-1.9843486349744344
749.475,-1.8001012365669078
749.787,-1.9359441164558504
750.099,-2.058602812887654
750.412,-2.183845543500674
750.724,-2.0907512801611965
751.036,-1.9034834879353
751.348,-1.989849181967584
751.66,-1.8961589267844037
751.972,-1.8070094205277771
752.284,-1.9433515195127165
752.596,-2.1704371137014733
752.908,-1.9614178938484088
753.219,-2.0741524921448544
753.531,-1.8900973852973046
753.843,-1.9336973955035277
754.154,-2.0349256406306218
754.466,-2.089505126838002
754.778,-2.040210499783583
755.089,-2.0076042460905246
755.4,-2.001987879898563
755.712,-2.147153838869244
756.023,-1.9915328850499976
756.334,-2.0924758170275117
756.645,-1.997120712788493
756.957,-1.87235411122845
757.268,-2.0190225542803435
757.579,-1.9600959766749875
757.89,-1.9918313756595118
758.201,-1.9847324625750198
758.511,-2.170357689792799
758.822,-2.0159064656380243
759.133,-2.052136266294168
759.444,-2.1102369176690825
759.754,-2.014510164012673
760.065,-2.064316076360309
760.375,-1.9671279578023828
760.686,-1.8480114489322244
760.996,-1.9571669044883142
761.307,-2.0457462162802464
761.617,-1.993069590930979
761.927,-1.985067606619214
762.238,-2.0176966826975784
762.548,-2.0289536370642725
762.858,-1.8154683859114127
763.168,-1.9802456862360094
763.478,-2.032348473995259
763.788,-2.1259644762007683
764.098,-1.9720175242674731
764.408,-1.8686370282887999
764.718,-2.1527090939121543
765.027,-1.9872352357674516
765.337,-1.9618387691507642
765.647,-2.0167641103528338
765.956,-2.1014709455807
766.266,-1.957031359122086
766.575,-2.140589123716864
766.885,-1.9140118593104165
767.194,-2.114948468761785
767.503,-1.9982841984148496
767.813,-2.008366350470554
768.122,-1.988030740514189
768.431,-1.8672907160451315
768.74,-1.996182159834744
769.049,-1.9389671815978844
769.358,-2.0570512026580237
769.667,-2.046577657027997
769.976,-2.1430467620822817
770.285,-2.014856814284512
770.594,-2.013559392367657
770.902,-2.02804839814344
771.211,-2.023597136343928
771.52,-2.1489786203849226
771.828,-2.080405877977213
772.137,-2.0216951456253027
772.445,-2.280187275700032
772.754,-2.1296159843589413
773.062,-2.046279570282924
773.37,-2.2953118303162126
773.678,-2.14970014255421
773.987,-2.1342726363730278
774.295,-2.0870813079488424
774.603,-2.039445402661348
774.911,-2.0926283430516155
775.219,-1.9667720277918184
775.527,-2.0873077190860427
775.835,-1.9476959874891462
776.142,-2.078118070166272
776.45,-2.0436967478787578
776.758,-2.140898143672217
777.066,-2.069527314355716
777.373,-2.1736119055156196
777.681,-1.9194620138976064
777.988,-2.27187382937353
778.296,-2.0040219376955637
778.603,-2.17189702200432
778.91,-1.9745918248984877
779.218,-1.8624674073215655
779.525,-1.9167908603156698
779.832,-1.9931928726206836
780.139,-1.974980920317014
780.446,-1.975116697397581
780.753,-2.0492244954045984
781.06,-2.2349980224811454
781.367,-2.054478047665276
781.674,-1.759060193021839
781.981,-2.1614982171595876
782.288,-2.12883630188177
782.594,-2.2431045419114555
782.901,-2.2069359969851363
783.207,-2.1945030954436575
783.514,-2.0786335528311146
783.82,-2.0451860766803724
784.127,-2.3158012710434646
784.433,-1.8692846676094481
784.74,-1.9314896498392626
785.046,-2.169649024388605
785.352,-2.33388371261935
785.658,-2.0402613257488813
785.964,-2.1170937160697214
786.27,-1.8376694411841703
786.576,-2.1288144044046216
786.882,-2.230114690320248
787.188,-1.929568359706056
787.494,-2.1960124725725336
787.8,-2.0953828639496996
788.105,-2.1660923784408554
788.411,-2.1446688836483236
788.717,-2.001185741016881
789.022,-2.1165664651851106
789.328,-2.1720826370975974
789.633,-2.0904694855569965
789.939,-2.325125896861516
790.244,-2.1124538898912766
790.549,-1.9839385996905348
790.855,-2.1034512529710074
791.16,-2.356888644972679
791.465,-2.328716937866862
791.77,-2.1622437758954565
792.075,-1.9934215805049813
792.38,-2.1534038360776386
792.685,-2.1329358018902136
792.99,-2.3303343382292767
793.294,-2.3592327843090133
793.599,-2.1265978519560913
793.904,-1.9946011588200292
794.209,-2.0964960940595523
794.513,-2.148490211376251
794.818,-1.9599947544319332
795.122,-2.3719451452988527
795.427,-2.3743971193194224
795.731,-2.1790684073973643
796.035,-2.2201158838149437
796.339,-2.1246783645576075
796.644,-2.0745253378752793
796.948,-2.1998559675103504
797.252,-1.7215001458440595
797.556,-1.8846945794871173
797.86,-1.999510292158112
798.164,-2.016157875029112
798.468,-2.36845314276239
798.772,-2.208254595126169
799.075,-2.107839845933463
799.379,-2.1038318013311628
799.683,-2.4340539577408387
799.986,-2.363549720531515
800.29,-2.0794963132262296
800.593,-2.482371037704801
800.897,-1.912829952106833
801.2,-1.9621553591579388
801.504,-2.1133902225167134
801.807,-2.1316006444623836
802.11,-1.974405182587962
802.413,-2.1305219800590534
802.716,-2.139552024466634
803.019,-2.0757288640230085
803.322,-2.215418614875605
803.625,-2.2097245063294553
803.928,-1.8209418766738485
804.231,-2.0409723191056495
804.534,-1.9400881891902533
804.837,-2.3894073708606745
805.139,-1.9514891133369674
805.442,-2.0415966072844665
805.745,-2.0075584673679776
806.047,-2.104260572279804
806.35,-2.1755223544592703
806.652,-2.43553587110428
806.954,-2.219918979803745
807.257,-2.075603628722561
807.559,-1.992989436409247
807.861,-2.0453058310940975
808.163,-2.1221213812911697
808.465,-2.466047843991192
808.767,-2.5407580017680815
809.069,-1.9635142932367795
809.371,-2.1735792579075874
809.673,-1.8723801313124977
809.975,-2.2534999993646294
810.277,-1.861479547334862
810.578,-2.3381128199610584
810.88,-2.084652629526789
811.182,-2.0747420840205324
811.483,-1.8588014945671842
811.785,-2.1386683943269613
812.086,-2.4397166035289573
812.387,-2.3011226158084086
812.689,-2.067442166254646
812.99,-2.390632725565564
813.291,-2.1298050129560737
813.592,-2.398513607719364
813.893,-2.1922247315248367
814.195,-2.380304598659597
814.496,-2.118815163423922
814.796,-1.9028667594298678
815.097,-2.2641646470541787
815.398,-2.4114183258223387
815.699,-2.0529008697048146
816,-2.164609336587498
816.3,-2.5394013214724582
816.601,-2.676789356688847
816.901,-2.000374754522652
817.202,-2.637838708564158
817.502,-1.9918528248624838
817.803,-2.433789658255441
818.103,-2.3654732663433564
818.403,-2.338378425203869
818.704,-2.0408557307148154
819.004,-1.8676472135424462
819.304,-2.063679134138832
819.604,-2.335269123735209
819.904,-2.6126555911813916
820.204,-2.1777098366404832
820.504,-2.3507225801372735
820.804,-1.8634402118914863
821.104,-2.549654555103225
821.403,-2.2052326747745545
821.703,-2.4272459175321512
822.003,-2.0669017299996773
822.302,-1.7370554066173478
822.602,-2.2688470688615814
822.901,-2.7506565312624316
823.201,-2.2191996642691203
823.5,-2.655743461979543
823.799,-2.048205589954491
824.098,-2.019638203173586
824.398,-2.170832959227789
824.697,-2.02481777968886
824.996,-1.833902419341945
825.295,-2.050888306986423
825.594,-2.018610316997377
825.893,-2.5603673690764355
826.192,-2.098867972927237
826.49,-2.41941358909246
826.789,-1.6929909390668023
827.088,-2.1285899656902143
827.386,-1.8818056762380067
827.685,-2.3966526316288776
827.983,-2.7987590317730957
828.282,-2.934219464033087
828.58,-2.606054791665622
828.879,-2.230058020445
829.177,-2.3006024229330526
829.475,-2.675627064573508
829.773,-1.8735086780171368
830.072,-2.3393197052809227
830.37,-2.480064415199391
830.668,-2.610028178378897
830.966,-1.9952544054495673
831.264,-2.06426632728468
831.562,-2.428204512156164
831.859,-2.2678206660588125
832.157,-2.1386577887453333
832.455,-2.4597343250529082
832.752,-2.776139977744773
833.05,-1.8438646223053519
833.348,-2.4613163776336595
833.645,-3.1589098770563084
833.942,-2.776809987377407
834.24,-1.7712798099972376
834.537,-2.3888986689686904
834.834,-2.375469535984234
835.132,-2.4284786543188344
835.429,-2.0355015724067296
835.726,-2.400559615428481
836.023,-1.8001407992497704
836.32,-1.9870190999507886
836.617,-2.4920913624211294
836.914,-2.612749143445127
837.21,-2.2735115231933194
837.507,-2.3797655267754916
837.804,-2.389985281891594
838.101,-2.231468827987405
838.397,-1.654999377444451
838.694,-2.467474682837115
838.99,-2.588190662815392
839.287,-2.7770772258115497
839.583,-2.4258028619036125
839.879,-1.8991655938428482
840.176,-2.584268460688138
840.472,-2.270566586235365
840.768,-2.5036321826332637
841.064,-3.023050137512235
841.36,-2.074051235313596
841.656,-2.53726555984567
841.952,-1.9479958247842313
842.248,-2.3190880612055444
842.544,-2.5096225708993196
842.839,-2.5507524398475994
843.135,-2.685306634535555
843.431,-2.845659486853665
843.726,-1.8262159924094794
844.022,-2.616466313097079
844.317,-1.82171585367564
844.613,-1.7671631838562742
844.908,-2.2090468329026924
845.204,-2.64134396656275
845.499,-2.614395123541443
845.794,-2.7725536142893876
846.089,-2.25595338095626
846.384,-2.464878956876331
846.679,-1.9030434209467355
846.974,-2.4402549204774404
847.269,-2.496219046952457
847.564,-1.7999581530415518
847.859,-1.8739371094359498
848.154,-2.3810480061203334
848.448,-2.1709749710714363
848.743,-2.2361590611652415
849.038,-2.5143866480266674
849.332,-2.250777147350008
849.627,-2.8751479818937904
849.921,-2.056325854009097
850.215,-2.836561758326402
850.51,-2.551467322554572
850.804,-2.737140157916235
851.098,-2.8476051604617734
851.392,-3.047687394250731
851.686,-1.8740295870062504
851.981,-2.5263972828888925
852.275,-2.2161019400774946
852.568,-2.4300829355829996
852.862,-2.1934710810401703
853.156,-1.9998869402600579
853.45,-2.2973565252193984
853.744,-2.1876313999475996
854.037,-2.099355986350332
854.331,-2.7917175626711876
854.624,-2.7512914490721654
854.918,-1.908246656390916
855.211,-2.284684247680693
855.505,-2.548686009916885
855.798,-2.506977177418004
856.091,-2.3392625004767895
856.384,-2.0194409324076985
856.678,-2.316286127420808
856.971,-2.3599928040960063
857.264,-2.087165858732583
857.557,-2.295063906363236
857.85,-2.1625178604368323
858.143,-2.5254260405077105
858.435,-2.31164560909156
858.728,-2.2247707461631197
859.021,-2.3447094986528607
859.313,-2.56572609928841
859.606,-2.6438970455739477
859.899,-2.1506123228955247
860.191,-2.292006888290917
860.483,-2.4635572441320335
860.776,-2.9302725002845387
861.068,-2.178150715478935
861.36,-2.4458794839412823
861.653,-2.259996593036809
861.945,-2.460649634051818
862.237,-2.254811757470938
862.529,-2.8013162191763734
862.821,-2.759796346877597
863.113,-2.4967992050655723
863.405,-2.4095161244989187
863.696,-2.502688979607339
863.988,-2.7461051470061792
864.28,-2.1136332326462877
864.572,-3.030501751826408
864.863,-2.266262915930618
865.155,-2.5499398395778443
865.446,-2.0816231555077027
865.738,-3.694536009033908
866.029,-2.0496913849671734
866.32,-2.5271087105682652
866.611,-1.972174027995056
866.903,-2.6602619978726296
867.194,-3.7932318468033386
867.485,-2.3752575377428027
867.776,-2.653409565531483
868.067,-2.976013904146477
868.358,-2.753634548507648
868.649,-2.0298258160196134
868.939,-3.238484067128121
869.23,-3.199554562160501
869.521,-2.4506529774767962
869.811,-2.441660828286895
870.102,-1.8188775211717139
870.393,-2.2930113901281315
870.683,-1.0292733533706864
870.973,-2.4111436294080115
871.264,-1.4397690767595155
871.554,-2.936472070499354
871.844,-4.819538573189746
872.135,-2.8188862493730618
872.425,-1.691705395605121
872.715,-3.9125792168753026
873.005,-3.342903855280032
873.295,-2.1014520646858617
873.585,-1.2292080640129073
873.874,-2.4402706049757508
874.164,-0.7355297850321099
874.454,-1.4193616706311476
874.744,-2.1400790873059083
875.033,-2.4452978815994477
875.323,-2.9595417546179155
875.612,-2.4324946854701874
875.902,-1.2981926242386645
876.191,-1.8023662314669096
876.48,-2.6297443139072376
876.77,-6.835800755220195
877.059,-1.9184370489469371
877.348,-2.7341045817307217
877.637,-1.810085981365821
877.926,-2.212608923535356
878.215,-2.4477033325470954
878.504,-1.5979854649736898
878.793,-1.3558190769217013
879.082,-0.21798920001989588
879.371,-1.4123302456278346
879.659,-2.9411141385258097
879.948,-2.9524038014984617
880.237,-2.3715705346762315
880.525,-1.6849043247586113
880.814,-2.4519016705411065
881.102,-1.8628188954887759
881.391,-2.051194875174978
881.679,-1.0104335454215705
881.967,-3.160177360039016
882.255,-1.898406843730645
882.544,-2.856006807142766
882.832,-1.7295148259173576
883.12,-1.6665035141852262
883.408,-4.613084876796264
883.696,-2.369781872914548
883.983,-1.543091408515915
884.271,-1.8097667166507887
