153.834,-1.4384278576674945
154.224,-0.21085336531489318
154.614,0.32585357938901327
155.005,3.66406455777764
155.395,1.85004498125614
155.785,-0.4490925311194189
156.176,0.0
156.566,-2.12084373919086
156.956,-1.4302040986317486
157.346,1.1913364254673269
157.736,1.5508800432250585
158.126,-0.6579053547857754
158.516,-3.432934109993899
158.906,0.4607308385314931
159.296,-0.08649204648507897
159.686,2.326379720705873
160.075,2.531265123817436
160.465,1.0406964671240786
160.855,-0.23718230403724233
161.245,0.0
161.634,0.36323010919777904
162.024,0.19872495076921862
162.414,-0.16586693204078584
162.803,1.0627908298594555
163.193,0.7043650362227251
163.582,0.9098385757741221
163.971,-0.11135072329581588
164.361,0.0
164.75,-0.22123140878189856
165.139,0.0
165.529,3.7722138938041563
165.918,0.4099123245342212
166.307,0.2723964087933424
166.696,0.8118717009987825
167.085,0.7227367262937675
167.474,1.6280432405802332
167.863,0.0
168.252,0.17609125905568127
168.641,-0.980571448161674
169.03,0.9395244524735272
169.419,2.361724721900993
169.808,2.3056222660148555
170.197,-0.4470519894708822
170.585,3.178307786350204
170.974,-0.8129133566428555
171.363,0.6776662055920661
171.751,-2.8556199254307497
172.14,-1.361425612983891
172.529,1.9502346080282815
172.917,0.7269987279362624
173.306,-2.2805445820583716
173.694,-0.8501316377953307
174.082,-0.7517271604374309
174.471,0.3010299956639812
174.859,-2.999125726216681
175.247,3.6790722670385794
175.635,0.0
176.024,-2.2392168877377414
176.412,-1.7100113232404792
176.8,-4.880637213623828
177.188,1.3473395735871403
177.576,-1.6924347605395242
177.964,2.2886962605902554
178.352,0.0
178.74,0.5093845543068781
179.128,0.0
179.515,0.026050974820611805
179.903,0.0
180.291,2.6413991618148387
180.679,1.312206298310866
181.066,0.0
181.454,1.016928161688831
181.842,0.9542425094393249
182.229,3.3910331026012552
182.617,0.9182467653943488
183.004,1.348459845447028
183.391,0.24837211821928284
183.779,0.0
184.166,0.7134411268701987
184.554,3.8484781729674493
184.941,-4.071284959750036
185.328,1.78477688168913
185.715,0.0
186.102,1.720060024749243
186.489,4.825122294734439
186.876,-1.406540180433955
187.263,1.1440243337072937
187.65,-0.8640658790902368
188.037,1.043957135023223
188.424,0.0
188.811,-4.317511885078229
189.198,-2.396373347343452
189.585,-2.499568324104534
189.971,-3.2490177973420735
190.358,-1.6990322607329533
190.745,-2.806049920813745
191.131,-2.8908065572382617
191.518,-3.331769767687365
191.905,-2.844414266325603
192.291,-3.2042799391404513
192.677,-2.6489058030270543
193.064,-3.1642013168620355
193.45,-2.5628346039326417
193.837,-2.661272832913119
194.223,-1.8619383726800771
194.609,-2.3713519081522323
194.995,-3.325431727342677
195.381,-4.26954645849563
195.768,-4.11333706596665
196.154,-3.933376179475777
196.54,-4.751920980779641
196.926,-3.2068649685632837
197.312,-2.9390175308084685
197.698,-2.1091568241404604
198.084,-3.7097219607308016
198.469,-4.008664292303163
198.855,-2.403369142724056
199.241,-2.6235423162807683
199.627,-2.794083158347832
200.012,-3.2829764258087515
200.398,-3.207479377325713
200.784,-2.369600923995761
201.169,-2.887580440586198
201.555,-3.127563329193266
201.94,-4.000826354626024
202.326,-2.409500033238463
202.711,-2.42502366932534
203.096,-2.7742681396357223
203.482,-2.2360304078814113
203.867,-3.690705732768609
204.252,-3.458572077706708
204.637,-2.213175906898968
205.023,-3.096311009082502
205.408,-3.5746097868612536
205.793,-4.132496651883416
206.178,-3.3381204488692844
206.563,-2.1198845461797893
206.948,-2.144457071126261
207.333,-1.8917237216596048
207.718,-2.35431027570095
208.102,-2.492902112675921
208.487,-3.0201281491849374
208.872,-1.7157417115426121
209.257,-2.560445844141746
209.641,-3.1289936658414255
210.026,-3.646013041927018
210.41,-3.070434865434104
210.795,-2.4439589563105555
211.18,-2.6040562146721915
211.564,-2.535878072122413
211.948,-3.091406340512456
212.333,-3.3627246828488166
212.717,-3.114290876179123
213.101,-3.7377316204539976
213.486,-2.2807167242474717
213.87,-3.100059517866705
214.254,-2.81045881939619
214.638,-3.449963100800761
215.022,-2.3206904552427816
215.406,-3.055647920524104
215.79,-2.121462195499658
216.174,-2.838552838662709
216.558,-2.4505961918183488
216.942,-3.1589153238744596
217.326,-5.2256979490631394
217.71,-3.475817251457456
218.094,-1.6305423492567195
218.477,-2.340723435519252
218.861,-3.9568541589339983
219.245,-2.4678812674680897
219.628,-1.7703665825066794
220.012,-2.517206772220403
220.395,-3.786050821644439
220.779,-2.760662468421569
221.162,-4.0630850293385565
221.546,-2.0854636526465673
221.929,-2.149003910700537
222.312,-3.405568880267224
222.696,-2.451606709624443
223.079,-2.8614536369071852
223.462,-1.746411363889577
223.845,-3.5230290153984374
224.228,-1.769517277349261
224.611,-2.7905874801143264
224.994,-2.409675759725177
225.377,-2.4724774329910013
225.76,-2.5366048716817557
226.143,-2.848311491276698
226.526,-3.273997313448962
226.909,-2.7050134960773047
227.292,-4.332072456489822
227.675,-2.1408686080856483
228.057,-3.173411650820497
228.44,-3.464197019789749
228.822,-2.428194686490795
229.205,-2.6748154877860264
229.588,-2.2234827387431992
229.97,-2.8331197860843096
230.353,-2.6221868332609906
230.735,-3.546339174794153
231.117,-3.6745209493231767
231.5,-2.9193746166388466
231.882,-3.5904322323802353
232.264,-2.580039552548705
232.646,-2.2524856760879066
233.029,-2.7893661572225867
233.411,-2.1636787184393005
233.793,-2.8474929721603144
234.175,-1.8708327925061332
234.557,-2.5621202064436166
234.939,-2.7129270924672593
235.321,-2.479576811314513
235.703,-2.908026090787737
236.084,-2.939774388890389
236.466,-4.120975272793406
236.848,-3.2724427906965046
237.23,-4.340171152220105
237.611,-3.2328378512467344
237.993,-3.8985497266294775
238.375,-3.2526497760853585
238.756,-2.4900583816165147
239.138,-2.634355514628198
239.519,-3.318841140997357
239.901,-3.0774100675119302
240.282,-3.4899678449832714
240.663,-3.0144208091015745
241.045,-3.259257897765971
241.426,-2.1249654302916414
241.807,-2.5314520201834227
242.188,-2.3341850389049257
242.569,-3.35741297879513
242.95,-2.174900993361674
243.332,-2.5888130370827396
243.713,-2.71050220782674
244.093,-2.6199405176861545
244.474,-2.8978405791915796
244.855,-4.345453654520738
245.236,-2.53660937607858
245.617,-2.229270176008702
245.998,-2.8673321762478117
246.378,-2.1940856070087635
246.759,-3.0160984145494303
247.14,-2.7466309078311273
247.52,-2.2065912222133774
247.901,-2.997713655718608
248.281,-3.0158348948801765
248.662,-2.2112382221793485
249.042,-2.87716848164927
249.423,-1.8863031107815391
249.803,-3.409774758523152
250.183,-2.5411196650356835
250.564,-1.954679973803579
250.944,-2.4391415241949055
251.324,-2.5847236884172995
251.704,-2.9580883250048293
252.084,-2.416416814968319
252.464,-3.718985688981034
252.844,-3.2046374481164768
253.224,-3.361181798344651
253.604,-2.5693319687768987
253.984,-1.948032376045944
254.364,-3.301849872676861
254.744,-2.659186869266109
255.124,-2.5548299798344276
255.503,-1.4261417731511807
255.883,-3.0149763521294473
256.263,-3.341341260152293
256.642,-3.2700621180462637
257.022,-3.929730466423481
257.401,-3.3141209524164292
257.781,-3.824135073300327
258.16,-2.6245707787395074
258.539,-2.4323770133697495
258.919,-2.2461734181796613
259.298,-2.1923802593750445
259.677,-2.610440321728174
260.057,-2.46168054709287
260.436,-2.67570784409842
260.815,-2.935529199935382
261.194,-2.5987286754244603
261.573,-2.1820325338604833
261.952,-2.379342776934285
262.331,-2.713318624113172
262.71,-2.57106128811506
263.089,-3.6581295181241447
263.468,-5.199393162733796
263.847,-3.8745399629416317
264.225,-2.7253475267582474
264.604,-2.454946070950148
264.983,-2.877955001986012
265.361,-3.338264136690172
265.74,-2.5722766974076627
266.118,-3.259102556204785
266.497,-2.317410009087833
266.875,-2.699383010626147
267.254,-3.8708092123349074
267.632,-2.816279668764238
268.011,-2.684039041753496
268.389,-2.156223865236311
268.767,-3.7011779817625237
269.145,-1.7694952660442647
269.524,-2.4219695582444034
269.902,-3.3062407111868297
270.28,-1.6373043172515829
270.658,-3.2023957145913937
271.036,-2.6952272320823285
271.414,-1.9332884422483527
271.792,-2.108413050666771
272.17,-2.0931896492338145
272.547,-2.3368635885255253
272.925,-3.4983644200036847
273.303,-2.144897531011588
273.681,-2.5391862117015926
274.058,-3.214268727061748
274.436,-3.057371534703683
274.814,-2.721596783357633
275.191,-2.908735500861814
275.569,-2.3667489821993724
275.946,-2.8201645938124944
276.323,-3.679374972575451
276.701,-3.032953699024348
277.078,-3.6259203472515313
277.455,-2.80786550449274
277.833,-3.71263012225796
278.21,-2.805745783731327
278.587,-2.827032330201186
278.964,-2.994451852515707
279.341,-2.397030850714404
279.718,-2.873550313467277
280.095,-2.88605004715697
280.472,-2.810693945855391
280.849,-2.392838645729299
281.226,-2.5904638215718396
281.603,-2.6501497281536674
281.98,-3.7211770019217503
282.356,-2.0520494142810124
282.733,-2.268812794975646
283.11,-2.7466613863933693
283.486,-2.705394184309731
283.863,-1.953127880942118
284.239,-3.235680372713819
284.616,-3.2752437524019036
284.992,-3.0138078215268775
285.369,-2.296435352694855
285.745,-2.5795762989021664
286.121,-2.762435532756059
286.498,-1.9951716611440995
286.874,-2.692673623588701
287.25,-2.3369246828173678
287.626,-4.074286580138564
288.002,-2.947884721391826
288.379,-2.622124663629094
288.755,-2.3026325939121235
289.131,-2.089012958923165
289.506,-2.6518709089758126
289.882,-2.9143658677885083
290.258,-2.8052809430567964
290.634,-3.275630965568358
291.01,-2.824718768950566
291.385,-2.976404953474164
291.761,-2.426421347763291
292.137,-1.8590133342471409
292.512,-2.0382091652751373
292.888,-2.351143293467373
293.263,-2.7053223625291345
293.639,-3.421040443289783
294.014,-2.549687654580379
294.39,-2.617722745404942
294.765,-2.368407028495422
295.14,-2.8711571048347557
295.516,-2.6095167686565315
295.891,-3.0508912503733905
296.266,-2.332017891575597
296.641,-2.3967654723184015
297.016,-1.6145184945770021
297.391,-2.7589201532191963
297.766,-3.252765462012455
298.141,-3.5319699828179303
298.516,-2.104274193986864
298.891,-2.1470245056278534
299.266,-2.332243369246907
299.641,-3.063195009581256
300.015,-2.7174757002560717
300.39,-2.1872984760816485
300.765,-2.5570636769002664
301.139,-3.0126947010777445
301.514,-3.304417401206483
301.889,-1.5528333641236485
302.263,-2.2376168546412747
302.637,-1.8145906878904179
303.012,-1.8227551401792013
303.386,-2.6860498182252353
303.761,-2.3867968654066765
304.135,-2.084720981435277
304.509,-3.341333410942391
304.883,-4.349073778971562
305.257,-2.8139552799796275
305.632,-2.5413122116330737
306.006,-3.3421562612306346
306.38,-2.2154200274780718
306.754,-2.494523326899903
307.128,-2.9228433320174014
307.501,-2.154841204885886
307.875,-2.235751460768876
308.249,-2.394970288479705
308.623,-2.808207091682803
308.997,-2.0861605404088728
309.37,-2.654745785387182
309.744,-2.637589986180288
310.117,-1.6681952647332157
310.491,-2.564258704417914
310.865,-1.5342016073167961
311.238,-3.733016668716295
311.611,-2.5914762902855077
311.985,-2.0655179192626965
312.358,-2.895669693131178
312.731,-2.3312398938364396
313.105,-3.3104916447552166
313.478,-1.7670091514715947
313.851,-2.0254485806083427
314.224,-2.6299603600466
314.597,-2.413457528542921
314.97,-3.304888898492877
315.343,-2.6750226334385645
315.716,-1.6978983722708039
316.089,-2.8604930116708607
316.462,-2.130389986045745
316.835,-2.4660813565781807
317.208,-2.3753651053122242
317.58,-2.7782323140816234
317.953,-2.7499721566237287
318.326,-1.9467077803479582
318.698,-2.204626543470097
319.071,-2.2685788757629344
319.443,-3.666074107914297
319.816,-2.3344620888930807
320.188,-2.697607186015476
320.561,-3.056571038296428
320.933,-1.6487953175944843
321.305,-2.604145758015973
321.678,-2.2752303808856817
322.05,-2.488581320848871
322.422,-2.374686708122262
322.794,-2.171169372701719
323.166,-2.9701671242540932
323.538,-2.493711474756974
323.91,-3.1826658387225017
324.282,-2.69260814716595
324.654,-2.010247576174453
325.026,-2.747150836901211
325.398,-1.5905731335611828
325.77,-2.426613905812927
326.141,-3.491865759154947
326.513,-2.8159626152149624
326.885,-3.3363907775774386
327.256,-2.5437224384514914
327.628,-2.1582505492987867
327.999,-3.101718903160967
328.371,-2.190083193310592
328.742,-2.0385048233814302
329.114,-2.23672965802298
329.485,-3.1140991781332623
329.856,-2.7322525776558693
330.228,-2.372730847979019
330.599,-2.1576205718876245
330.97,-3.2215327112643584
331.341,-4.206169365419
331.712,-2.3478186681709805
332.083,-3.7651802266427055
332.454,-2.5610358826136266
332.825,-2.3883197887253393
333.196,-2.6993868939123398
333.567,-3.2111121886059992
333.938,-2.485625777544131
334.309,-1.9209347042864748
334.679,-2.0488406995104276
335.05,-2.6684970690204968
335.421,-1.0641506915619796
335.791,-2.492356715213334
336.162,-2.1818647306167938
336.533,-1.0599329031896905
336.903,-3.0755158231266244
337.273,-2.2857480469390454
337.644,-2.5373904668108587
338.014,-2.3961298061388194
338.385,-2.471060948710896
338.755,-2.2990211531748153
339.125,-2.342004281891892
339.495,-2.7766227663598633
339.865,-2.5661545201864855
340.235,-2.5209961544588073
340.606,-2.2013364997364318
340.976,-2.3234584624553465
341.345,-2.303392528229349
341.715,-2.804580549596304
342.085,-1.7011010827078603
342.455,-2.6302290760727294
342.825,-2.6773410737285492
343.195,-2.6523755812997774
343.564,-2.1524754757882363
343.934,-2.5080422547113717
344.304,-3.1662291548211305
344.673,-2.420507867726653
345.043,-1.44408315028158
345.412,-2.4635067797423407
345.782,-1.3342035018840597
346.151,-1.5233869551926946
346.52,-2.1611815244923887
346.89,-2.333464737005582
347.259,-2.104547360852781
347.628,-3.933358604907448
347.997,-2.652841147177316
348.367,-2.8095021649879413
348.736,-2.273912999983392
349.105,-1.962672498038326
349.474,-1.9742874157614998
349.843,-1.9808341895399744
350.212,-2.1982122004363016
350.58,-2.9355803774110454
350.949,-3.1783512963469
351.318,-2.068292648889512
351.687,-2.272357782993027
352.056,-2.5301374041386797
352.424,-2.418886201541873
352.793,-2.2383270270007345
353.161,-2.400083036533527
353.53,-2.0654187448095604
353.898,-2.659722738924537
354.267,-3.136155752703562
354.635,-1.8726377153870395
355.004,-2.7867912334737315
355.372,-2.4484093726080873
355.74,-2.7341004617651405
356.108,-2.467845310564433
356.477,-4.030855890031524
356.845,-2.3777021973181203
357.213,-1.5801372341546935
357.581,-1.9661332032619123
357.949,-1.5904281377338885
358.317,-2.231919475766548
358.685,-1.8982877521785682
359.053,-3.2620513224356555
359.42,-2.3929001672167787
359.788,-3.3513374030214877
360.156,-1.8491403153084596
360.524,-2.2223339261668147
360.891,-2.0359237690839627
361.259,-2.204470865575685
361.626,-2.6325601967453385
361.994,-2.710426486050915
362.361,-2.0213249849217587
362.729,-2.1878089059162575
363.096,-2.3167758184498672
363.464,-2.0404550270158803
363.831,-2.4590116330030782
364.198,-2.1830269271329223
364.565,-2.0245240453019937
364.932,-2.917713493307811
365.3,-2.5041382826341314
365.667,-2.8056456075461407
366.034,-2.1400228997386535
366.401,-2.1832479663827984
366.768,-3.5685669483607168
367.134,-2.2062099910037056
367.501,-2.40712343719055
367.868,-3.3681447010336614
368.235,-1.4742418265869448
368.602,-2.183499575808665
368.968,-1.9731454672909448
369.335,-2.782311830391404
369.702,-2.153104072947106
370.068,-2.3761115184531767
370.435,-2.5842214427769195
370.801,-2.6237534216658935
371.167,-1.8296152306019275
371.534,-2.28479779546575
371.9,-2.4393125560165703
372.266,-2.6910685782039825
372.633,-2.199052894558272
372.999,-2.0953860072398243
373.365,-1.759754292200489
373.731,-2.3295166898418147
374.097,-1.7680209101748074
374.463,-3.670283830411422
374.829,-2.059920645165867
375.195,-3.070323797647804
375.561,-2.8198355579064627
375.927,-2.1359308962719243
376.293,-1.573845334397437
376.658,-2.628177366422102
377.024,-2.4312237846874534
377.39,-2.039261577718862
377.755,-1.9474555926388781
378.121,-2.3048011899146337
378.487,-2.363405455645165
378.852,-2.202271007778258
379.217,-1.3983413352839664
379.583,-2.1795972575657694
379.948,-1.864297745898458
380.314,-2.8102103228849824
380.679,-1.8646578865432555
381.044,-1.9591678399036316
381.409,-2.1491995033398985
381.774,-1.9590337268118512
382.139,-2.845374678999622
382.504,-2.048966378647396
382.869,-1.9721379405860286
383.234,-2.215121150232897
383.599,-1.7160772242287674
383.964,-1.6202254398359945
384.329,-1.6902002544178718
384.694,-1.9331997537715273
385.058,-1.7876935957854292
385.423,-1.7923527846412282
385.788,-2.4686886472007394
386.152,-2.9401211793361286
386.517,-2.2946172055520813
386.881,-1.8624402923465058
387.246,-1.9240253304044288
387.61,-1.4707242413977404
387.975,-2.86858098298387
388.339,-1.602399364612352
388.703,-1.7038391298584894
389.068,-1.9508728463138518
389.432,-1.7989663564218779
389.796,-1.7359543103651136
390.16,-1.4325545773777413
390.524,-1.7585494717173917
390.888,-1.605160689509298
391.252,-2.199572401797456
391.616,-1.6469656735573903
391.98,-1.88810438736833
392.344,-1.7213135880302604
392.708,-1.8469373566095282
393.071,-1.5373080661063976
393.435,-1.574013838566968
393.799,-1.959623738427648
394.162,-2.085320471137268
394.526,-1.7563199717191007
394.889,-1.7789289735530789
395.253,-2.1654074722513164
395.616,-1.3084641476987808
395.98,-1.3415438894845169
396.343,-2.0432738381440942
396.706,-1.7313648479257915
397.07,-1.8259237008042881
397.433,-1.4446623629742095
397.796,-1.6828656717820383
398.159,-1.9558207565606636
398.522,-1.667205448436794
398.885,-1.4303533143243066
399.248,-1.3717868313168886
399.611,-1.697649505478479
399.974,-1.6202263382183189
400.337,-1.8858954832112003
400.7,-1.5028005164152591
401.063,-1.2789729866800363
401.425,-1.9918343670387975
401.788,-1.2439439767707772
402.151,-1.6354097038981206
402.513,-1.1664190771775385
402.876,-1.6091398559957195
403.238,-1.7036776613047597
403.601,-1.2152546862306388
403.963,-1.6194777500267838
404.325,-1.6643696429261723
404.688,-1.3051234178442492
405.05,-1.419074163051627
405.412,-1.2660785810443942
405.774,-1.1193270162954478
406.137,-1.1667423794305407
406.499,-1.3798109148702813
406.861,-1.2541600835003925
407.223,-1.6478131557141256
407.585,-1.5657747507735775
407.947,-1.204154053482315
408.308,-1.0805430770997893
408.67,-1.1782470012808972
409.032,-1.2993658216749653
409.394,-0.9823463245671867
409.756,-1.2877051787353686
410.117,-1.1893874670565001
410.479,-0.6717052997413357
410.84,-0.9013003130291337
411.202,-1.3084095247310705
411.563,-0.6593435551903007
411.925,-0.4213479181534464
412.286,-0.9124996698501834
412.647,-0.7486465963653126
413.009,-0.24231084342141024
413.37,-0.5166734241483041
413.731,-0.34848465515037513
414.092,-0.3829273501731238
414.453,-0.1875350189457317
414.814,-0.15078728600600827
415.175,0.2765541877808145
415.536,0.4641482351643209
415.897,0.8306720594134847
416.258,1.013801873964921
416.619,0.8389975238365524
416.98,0.8969089924675153
417.341,1.4032897226855454
417.701,1.542140740308109
418.062,1.4509189757088563
418.423,1.613724760460333
418.783,1.8176397544613683
419.144,1.848523668908191
419.504,2.0334510059566724
419.865,2.126610223880369
420.225,2.10984594491092
420.585,2.110794821266944
420.946,2.2168856413371363
421.306,2.282191205674323
421.666,2.225407929112243
422.026,2.1846678839317506
422.386,2.3140017980359247
422.746,2.1149567417234527
423.106,2.3102590002076484
423.466,2.2968146795752715
423.826,2.1090958758509704
424.186,2.227047645468039
424.546,2.1227707659185544
424.906,2.0149482159913297
425.266,2.008605875080935
425.625,1.9919757248360062
425.985,1.8025558712692762
426.345,1.794138873260231
426.704,1.7449067951725135
427.064,1.676986486439333
427.423,1.6474637126982883
427.783,1.5969243358991314
428.142,1.5147051171639059
428.501,1.5016378086250057
428.861,1.4011841552406095
429.22,1.362009775077665
429.579,1.1725990454255735
429.938,1.1847656217837872
430.297,1.1201976443115054
430.656,0.9824386081228026
431.015,0.9310267899670956
431.374,0.8774327196592551
431.733,0.7863179022807986
432.092,0.7593352400728802
432.451,0.6547858291694569
432.81,0.5967546941531896
433.169,0.4990801527648612
433.527,0.40986239708150257
433.886,0.3826119571728908
434.244,0.31430195461822846
434.603,0.18566112596407935
434.962,0.15282355374350487
435.32,0.12973752366706537
435.678,0.07602798184600612
436.037,0.014433893930382094
436.395,-0.08949827470496434
436.753,-0.14192553471921981
437.112,-0.2582089631576295
437.47,-0.19366168204509554
437.828,-0.3303298552404718
438.186,-0.3568326067124539
438.544,-0.33132781549750157
438.902,-0.44368940768878595
439.26,-0.5454435620785107
439.618,-0.5244394533322814
439.976,-0.6357664113793788
440.334,-0.5864368275502859
440.692,-0.6511103688925761
441.049,-0.6569251294946823
441.407,-0.7309004680025961
441.765,-0.8096374160374844
442.122,-0.8059982300012559
442.48,-0.8718232121677116
442.837,-0.873651004828599
443.195,-0.9719472869995809
443.552,-1.01047208566492
443.91,-1.0597703528200746
444.267,-1.1149816896357008
444.624,-1.1001900475252102
444.982,-1.1676468350262692
445.339,-1.1205886658037745
445.696,-1.2893727795469452
446.053,-1.2464284420387801
446.41,-1.3048769428113471
446.767,-1.3224940896621442
447.124,-1.41646111366313
447.481,-1.3951809033578266
447.838,-1.3597068953001992
448.195,-1.51262506911816
448.552,-1.413737929476692
448.908,-1.4366837491351927
449.265,-1.4969917959672938
449.622,-1.4939799307509867
449.978,-1.5369092036416272
450.335,-1.5788788321985208
450.691,-1.4792369140286172
451.048,-1.606034481555325
451.404,-1.5551070746022357
451.761,-1.5827841839883114
452.117,-1.5718408592932744
452.473,-1.5956994599541134
452.829,-1.6338963767949708
453.186,-1.6627206444457738
453.542,-1.6940515051380014
453.898,-1.6852475692624886
454.254,-1.7019077220316567
454.61,-1.6955445907649425
454.966,-1.6897499311208894
455.322,-1.6974241396298841
455.678,-1.692367639830859
456.033,-1.7113168174351536
456.389,-1.7706040700520285
456.745,-1.8084704738261173
457.101,-1.7650405992599645
457.456,-1.8034933450271373
457.812,-1.8082848471883246
458.167,-1.8224451216246222
458.523,-1.8210776726443876
458.878,-1.8392186431115662
459.234,-1.8307760070370436
459.589,-1.8673912577940852
459.944,-1.8624518876938712
460.3,-1.8458003311029896
460.655,-1.8980160008877338
461.01,-1.9066112668689952
461.365,-1.9404238552822004
461.72,-1.8806490652944878
462.075,-1.913409244068514
462.43,-1.969498997058138
462.785,-2.005032758333288
463.14,-1.9812063401590307
463.495,-1.9794679588350206
463.85,-2.013503157675059
464.205,-1.9888599604244752
464.559,-2.0230281825445453
464.914,-2.020059490373659
465.269,-2.029233863579446
465.623,-2.0327969939547432
465.978,-2.057662889757467
466.332,-2.0148361214323973
466.687,-2.0717748183243976
467.041,-2.0307035065900445
467.395,-2.0827829235692166
467.75,-2.078750354420834
468.104,-2.101415786828793
468.458,-2.066638198257067
468.812,-2.216568533489679
469.166,-2.0896504780044958
469.52,-2.0604606627646986
469.874,-2.1308141002271754
470.228,-2.080214601862809
470.582,-2.109968341745603
470.936,-2.059851959388562
471.29,-2.1066472149691395
471.644,-2.118674667406773
471.998,-2.1198498775634915
472.351,-2.1204090465412344
472.705,-2.1228467432844673
473.058,-2.088916800615504
473.412,-2.116756499768012
473.766,-2.14194776247666
474.119,-2.1665638054079284
474.472,-2.153474141371808
474.826,-2.144574837584871
475.179,-2.1119088981528327
475.532,-2.15997650347027
475.886,-2.194519032874276
476.239,-2.1524520771731885
476.592,-2.1746920686418405
476.945,-2.2372861469076057
477.298,-2.2212844127462232
477.651,-2.1804016177779797
478.004,-2.235014946211093
478.357,-2.2077474824350536
478.71,-2.1983605767646957
479.063,-2.2266851549908377
479.415,-2.1954536301648377
479.768,-2.284793028064568
480.121,-2.2686618192023382
480.473,-2.285801041272771
480.826,-2.190302051913359
481.179,-2.3075805231184394
481.531,-2.222995013111163
481.883,-2.2787860343608397
482.236,-2.23388516022097
482.588,-2.217931356852176
482.94,-2.2889218780712755
483.293,-2.297425536719465
483.645,-2.3239217263319176
483.997,-2.2328459853324025
484.349,-2.2329398773337177
484.701,-2.235351737751019
485.053,-2.3206720723289314
485.405,-2.2788557335417585
485.757,-2.2722355805944203
486.109,-2.3038286557418313
486.461,-2.2771576016389004
486.813,-2.3023442351565384
487.164,-2.307748503417224
487.516,-2.331620098569675
487.868,-2.383924977677135
488.219,-2.319442578634704
488.571,-2.3692418969001823
488.922,-2.3101206156916256
489.274,-2.3502665183475444
489.625,-2.3235035990848556
489.977,-2.264996788647143
490.328,-2.3049600926560077
490.679,-2.3575339629450847
491.03,-2.3428752889327686
491.382,-2.3296153239606268
491.733,-2.389025774648945
492.084,-2.3675550970813615
492.435,-2.3708933680905515
492.786,-2.4216021509748393
493.137,-2.3380080186187264
493.488,-2.37853534605231
493.839,-2.3378222810919222
494.189,-2.386509511198657
494.54,-2.3790727748515352
494.891,-2.4169702734896337
495.242,-2.419213743393624
495.592,-2.454119717806747
495.943,-2.4082973548859203
496.293,-2.4079982843284933
496.644,-2.466483287463039
496.994,-2.427504995037525
497.345,-2.4514521972811627
497.695,-2.494669774445319
498.045,-2.4802796182213718
498.395,-2.4712998033159588
498.746,-2.4667611649070946
499.096,-2.456460058862772
499.446,-2.446704497098758
499.796,-2.428888831495419
500.146,-2.534986499654885
500.496,-2.5404522775300618
500.846,-2.537529949272011
501.196,-2.4747155819507585
501.545,-2.460850264196518
501.895,-2.4635280266612414
502.245,-2.5052909450584986
502.595,-2.513543612416562
502.944,-2.518970120936186
503.294,-2.5259028804135917
503.643,-2.4709475085909545
503.993,-2.5379530972525286
504.342,-2.497970690567602
504.692,-2.5210334894240676
505.041,-2.517452896261649
505.39,-2.572217784051258
505.74,-2.5978924673633506
506.089,-2.5419682811180833
506.438,-2.548196337306192
506.787,-2.535275220344844
507.136,-2.580744517546732
507.485,-2.5677696448484126
507.834,-2.5531246871004396
508.183,-2.581467148603909
508.532,-2.5782993166665746
508.881,-2.563493210750648
509.229,-2.580968084023459
509.578,-2.6352733520852776
509.927,-2.603957541625727
510.276,-2.6013268219096783
510.624,-2.5819311207025555
510.973,-2.564661369633251
511.321,-2.560810933267086
511.67,-2.5917794426575567
512.018,-2.622362753625146
512.366,-2.6285366721339556
512.715,-2.6306989146736828
513.063,-2.64287717153437
513.411,-2.639172335175814
513.759,-2.649689939205461
514.107,-2.57603761660463
514.456,-2.655315578678449
514.804,-2.62600071242653
515.152,-2.6623526024922297
515.499,-2.661128178032012
515.847,-2.655670965549863
516.195,-2.6603307780457417
516.543,-2.656561064451812
516.891,-2.6305072216807703
517.238,-2.7162360044235667
517.586,-2.6519893781216135
517.934,-2.6653648852605665
518.281,-2.6343553360766347
518.629,-2.6624973684214046
518.976,-2.6329428913928963
519.324,-2.7787893354751683
519.671,-2.666792588226609
520.018,-2.665327808051853
520.365,-2.6541560232703554
520.713,-2.7279888680948408
521.06,-2.748733710603652
521.407,-2.7555672445756794
521.754,-2.647396499887849
522.101,-2.694336494628903
522.448,-2.6855605587867424
522.795,-2.738562770481323
523.142,-2.7023244290307593
523.489,-2.719376688088466
523.836,-2.6963583086641023
524.182,-2.6609784658764646
524.529,-2.7157229889148415
524.876,-2.7524953253684132
525.222,-2.718295603480936
525.569,-2.746515880155241
525.915,-2.705547304228207
526.262,-2.666967316666712
526.608,-2.686627427075441
526.954,-2.7575115675643413
527.301,-2.6902938244072354
527.647,-2.729925083493993
527.993,-2.7366882549460523
528.339,-2.730685986068513
528.686,-2.704712465660356
529.032,-2.7028151306366235
529.378,-2.6650408910688053
529.724,-2.7158130597171546
530.07,-2.6871413021761605
530.415,-2.6828617556489833
530.761,-2.7328159644371155
531.107,-2.7612447227317105
531.453,-2.7400241992782552
531.799,-2.7732885484090812
532.144,-2.703480292764422
532.49,-2.6927779401903926
532.835,-2.727312763833546
533.181,-2.667302792408095
533.526,-2.663973319001671
533.872,-2.6159951911964376
534.217,-2.6686152986647733
534.562,-2.689806565391903
534.908,-2.639094943039217
535.253,-2.6424227844696846
535.598,-2.637380214187951
535.943,-2.6273068764557923
536.288,-2.6343244960938903
536.633,-2.601550915196485
536.978,-2.632305624535763
537.323,-2.6090094378889823
537.668,-2.5948559264640965
538.013,-2.615148546766749
538.358,-2.6178148340844762
538.702,-2.627212329697411
539.047,-2.6313991187202594
539.392,-2.612319478900813
539.736,-2.656248911619185
540.081,-2.626054755316639
540.425,-2.5754764642583874
540.77,-2.597284454021942
541.114,-2.616505998883885
541.459,-2.638701975824396
541.803,-2.651379005163741
542.147,-2.634903060619196
542.491,-2.6625708263668244
542.835,-2.6686669253381043
543.18,-2.6603656571618233
543.524,-2.68952680551271
543.868,-2.6440964114658025
544.212,-2.6310392404406224
544.556,-2.664250644178052
544.899,-2.663403103639915
545.243,-2.65801320551491
545.587,-2.6824686580974664
545.931,-2.6667754304878875
546.274,-2.637876503167096
546.618,-2.656162611822574
546.962,-2.6697270038010967
547.305,-2.7036058953071933
547.649,-2.661496820375632
547.992,-2.6600432647595484
548.336,-2.6882594273309217
548.679,-2.6514423917227816
549.022,-2.651943420918568
549.365,-2.722641552122856
549.709,-2.6638927325284407
550.052,-2.697035126541359
550.395,-2.7048951285198743
550.738,-2.7087535394868185
551.081,-2.6158873549311554
551.424,-2.6831608611475066
551.767,-2.6625770076868323
552.11,-2.630770819235657
552.453,-2.682036330081772
552.795,-2.6834572520407813
553.138,-2.73969145146119
553.481,-2.678755985776126
553.823,-2.6651716402850205
554.166,-2.680719175818341
554.508,-2.6300029111049126
554.851,-2.6709690743030565
555.193,-2.6951784164191808
555.536,-2.726404205522639
555.878,-2.635133714325294
556.22,-2.683724358912579
556.563,-2.732418423468482
556.905,-2.679338426041893
557.247,-2.719893754070141
557.589,-2.6845510956436707
557.931,-2.633560800663019
558.273,-2.635115072037558
558.615,-2.6442316337699205
558.957,-2.691110163314465
559.299,-2.677424942621413
559.64,-2.672496551687937
559.982,-2.6806841095640896
560.324,-2.673396404540908
560.666,-2.682689267832258
561.007,-2.686153729108034
561.349,-2.6984461106574207
561.69,-2.6499759359055495
562.032,-2.630386254367583
562.373,-2.7189251790287923
562.715,-2.634524007009915
563.056,-2.7292096269199013
563.397,-2.6708738779628094
563.738,-2.6526412961882757
564.08,-2.6595456417778633
564.421,-2.7320462159546133
564.762,-2.7097027645322846
565.103,-2.671724144945585
565.444,-2.712860778992002
565.785,-2.733222892624691
566.126,-2.678967430025955
566.466,-2.667586606055314
566.807,-2.6879441979105394
567.148,-2.7200086017561556
567.489,-2.6682173386068064
567.829,-2.6287250673918723
568.17,-2.6605118275365656
568.51,-2.602970089672527
568.851,-2.6569515085282087
569.191,-2.643962317095498
569.532,-2.6396831431440524
569.872,-2.659658299206346
570.212,-2.6720498724565873
570.553,-2.6114482964941432
570.893,-2.639009567694976
571.233,-2.646825559212122
571.573,-2.5679597579739424
571.913,-2.675198197284169
572.253,-2.6277605744206425
572.593,-2.6693921163490084
572.933,-2.6900243897525824
573.273,-2.6661592579770392
573.613,-2.6168996889519596
573.952,-2.6916166533963217
574.292,-2.6523053157479146
574.632,-2.6111429633340957
574.971,-2.6310641240666874
575.311,-2.6645112144540914
575.65,-2.6804743459327094
575.99,-2.6339562282506974
576.329,-2.7047771857876874
576.669,-2.6818086715238136
577.008,-2.7076582174526855
577.347,-2.754235647842936
577.687,-2.6535858832777923
578.026,-2.662991389324321
578.365,-2.700433261169948
578.704,-2.698288279145226
579.043,-2.655339091196892
579.382,-2.681845897355139
579.721,-2.7075190279396653
580.06,-2.7205003539188963
580.399,-2.732581788970813
580.737,-2.668790173899925
581.076,-2.6456170659245615
581.415,-2.6618011582471266
581.753,-2.6498469032576746
582.092,-2.6717092965449183
582.431,-2.6021489682362677
582.769,-2.689652738690992
583.108,-2.6432594151717
583.446,-2.651594918438031
583.784,-2.6832016207278038
584.123,-2.743544289768944
584.461,-2.679449930277455
584.799,-2.721158548687536
585.137,-2.670130502798265
585.475,-2.6717966937564426
585.813,-2.6504376991045153
586.151,-2.681977262900923
586.489,-2.6488876775899266
586.827,-2.691865508157369
587.165,-2.705950312993868
587.503,-2.6558866821667233
587.841,-2.67172269259326
588.178,-2.612076767754719
588.516,-2.646419654316385
588.854,-2.673707343651976
589.191,-2.6590688821046937
589.529,-2.6621314642447693
589.866,-2.627509467922552
590.204,-2.631730365055883
590.541,-2.6289024765990563
590.878,-2.631070493673413
591.215,-2.6234782563811283
591.553,-2.6300550340364968
591.89,-2.580545565254637
592.227,-2.6148224925963515
592.564,-2.6527854371678554
592.901,-2.5840156776875
593.238,-2.6018896831787783
593.575,-2.617677953098182
593.912,-2.619792544353008
594.249,-2.648998573856824
594.585,-2.5784373234344877
594.922,-2.668865106787499
595.259,-2.6398588985273763
595.595,-2.5933079083054658
595.932,-2.6247848371025055
596.269,-2.606364491407433
596.605,-2.615876817041342
596.941,-2.5900017577923617
597.278,-2.6560868997619194
597.614,-2.5990724396252602
597.95,-2.637707405502965
598.287,-2.647061524330353
598.623,-2.677438473394517
598.959,-2.646131676700355
599.295,-2.602326529309076
599.631,-2.667941676539893
599.967,-2.6618238602656565
600.303,-2.669408122231735
600.639,-2.5806929338112905
600.975,-2.6693271784003025
601.311,-2.6620980617970718
601.646,-2.6404613043733365
601.982,-2.5769031532986584
602.318,-2.6622666140649915
602.653,-2.704691560473729
602.989,-2.6417561997202936
603.324,-2.649355602672936
603.66,-2.633646155773787
603.995,-2.6825810614977943
604.331,-2.6642248478564623
604.666,-2.658628448211194
605.001,-2.648243870021207
605.336,-2.6822988178356963
605.671,-2.699084247172002
606.007,-2.6508183385470994
606.342,-2.675269555396958
606.677,-2.657719898424784
607.012,-2.67418331936724
607.346,-2.706339588897932
607.681,-2.7285680088312394
608.016,-2.700527907810893
608.351,-2.6961849042583825
608.686,-2.711277895243496
609.02,-2.6982920184385044
609.355,-2.656001827179606
609.689,-2.625678974647411
610.024,-2.647293813957986
610.358,-2.66726878058
610.693,-2.714694526017884
611.027,-2.6959112332268598
611.361,-2.664447375999957
611.696,-2.6694470410795534
612.03,-2.7335369792541697
612.364,-2.6730313339033156
612.698,-2.6504238977611254
613.032,-2.619094260294678
613.366,-2.698895676917243
613.7,-2.621181858569576
614.034,-2.6687531411813294
614.368,-2.7374272256554413
614.702,-2.6885986100981616
615.035,-2.647326717451871
615.369,-2.6535018055384083
615.703,-2.68418307644012
616.036,-2.693325797855786
616.37,-2.7075964854934864
616.703,-2.7045991796285556
617.037,-2.714249866691667
617.37,-2.753676637283258
617.704,-2.7087818043129883
618.037,-2.698978009678303
618.37,-2.6688446179740732
618.704,-2.721650532733676
619.037,-2.601098262797473
619.37,-2.7434392142388457
619.703,-2.754660260836155
620.036,-2.671697496836291
620.369,-2.7057803208528335
620.702,-2.73560222998245
621.035,-2.6846033836665826
621.367,-2.672992754973161
621.7,-2.687168422258063
622.033,-2.774697742238703
622.366,-2.7707927686081475
622.698,-2.74072112858917
623.031,-2.7442680725984037
623.363,-2.690262688612146
623.696,-2.7251748340326434
624.028,-2.7131131924674845
624.361,-2.7107349741779387
624.693,-2.7632225039441063
625.025,-2.6889091773478655
625.357,-2.6870830487295003
625.689,-2.7444044126946197
626.022,-2.7633760218208057
626.354,-2.7055821732787884
626.686,-2.6727709623826166
627.018,-2.706604091802584
627.35,-2.7429749699891803
627.681,-2.722191206653437
628.013,-2.7501943244089224
628.345,-2.763871576002633
628.677,-2.7263041341893013
629.008,-2.756698101765309
629.34,-2.754538056196051
629.672,-2.713256208914684
630.003,-2.7014894233213598
630.335,-2.758902456499396
630.666,-2.7080931793809015
630.997,-2.7834160496342966
631.329,-2.703761457392862
631.66,-2.7660206884708303
631.991,-2.7755647596835327
632.322,-2.743120210899887
632.653,-2.7028621777146413
632.984,-2.7858933517809317
633.316,-2.6861043623325687
633.646,-2.7446351344606774
633.977,-2.700924877207309
634.308,-2.7546389535477256
634.639,-2.7059268003513237
634.97,-2.6993935886392464
635.301,-2.74490866667025
635.631,-2.713089233025201
635.962,-2.7452437284367557
636.292,-2.7314919800301114
636.623,-2.8086314261808956
636.953,-2.6986235958888125
637.284,-2.77191759094539
637.614,-2.704330029093094
637.944,-2.7438442038255175
638.275,-2.6947529087639626
638.605,-2.7153797547181733
638.935,-2.7251738603224043
639.265,-2.743738944301879
639.595,-2.7136739834380377
639.925,-2.66227408262018
640.255,-2.72573630051972
640.585,-2.7152655691322787
640.915,-2.715688799671596
641.245,-2.772786207445728
641.575,-2.753663864309596
641.904,-2.7420231657016623
642.234,-2.7200473121525213
642.564,-2.832985364882295
642.893,-2.736055361641624
643.223,-2.7905427676132697
643.552,-2.760776672722569
643.882,-2.7436632522739974
644.211,-2.7241886922966017
644.54,-2.724264173754335
644.869,-2.7717516873284813
645.199,-2.7298747795612424
645.528,-2.7858105414314567
645.857,-2.76471411239561
646.186,-2.75437941166083
646.515,-2.809050920616833
646.844,-2.7777695997622476
647.173,-2.7907275815868173
647.502,-2.7851979769433526
647.83,-2.6788120971400105
648.159,-2.6815352285902456
648.488,-2.7724061430904463
648.817,-2.744933908815234
649.145,-2.69132666865697
649.474,-2.705435074813439
649.802,-2.7458611744183536
650.131,-2.771962556758371
650.459,-2.7381095043602457
650.787,-2.7273972745348916
651.116,-2.8306500724119226
651.444,-2.731552449848968
651.772,-2.7900356740657655
652.1,-2.755344418312964
652.428,-2.7593208106533544
652.756,-2.78732319011755
653.084,-2.8265776479755713
653.412,-2.739973454416687
653.74,-2.820187938330847
654.068,-2.7369926395964073
654.396,-2.734952260733343
654.724,-2.7810195689205663
655.051,-2.7483686065161472
655.379,-2.765596807810846
655.707,-2.7723462167505515
656.034,-2.72340394628696
656.362,-2.791662984482948
656.689,-2.699388863944217
657.016,-2.7442585231474537
657.344,-2.6964646744987326
657.671,-2.6905062504964357
657.998,-2.7551639728638446
658.325,-2.749682142695452
658.653,-2.727833969778488
658.98,-2.7682574589334883
659.307,-2.6543755153688906
659.634,-2.7949076144558633
659.961,-2.779100510292183
660.287,-2.714985938414949
660.614,-2.6883917461898705
660.941,-2.7303802525259453
661.268,-2.6860441279431497
661.595,-2.700525310612458
661.921,-2.749568185076396
662.248,-2.764657082372999
662.574,-2.7756549269080177
662.901,-2.745494051102284
663.227,-2.7732958407868074
663.553,-2.7308405730216183
663.88,-2.7148274383983044
664.206,-2.790583707776916
664.532,-2.7352876694844195
664.858,-2.787030159461302
665.185,-2.7260972754237964
665.511,-2.862192502084343
665.837,-2.716692902384674
666.163,-2.733959009812066
666.489,-2.8068715559932955
666.814,-2.696441848374123
667.14,-2.7739340963808816
667.466,-2.746377494237494
667.792,-2.777624501515996
668.117,-2.7144734411702887
668.443,-2.7331249953529664
668.769,-2.6987536012899165
669.094,-2.783330701377529
669.419,-2.8013089064005032
669.745,-2.779549291370034
670.07,-2.7933010476197384
670.396,-2.7962702586371373
670.721,-2.790710502266924
671.046,-2.80192557952539
671.371,-2.811379940974283
671.696,-2.6891969859302782
672.021,-2.7003253088008035
672.346,-2.753807451453273
672.671,-2.7790336307061656
672.996,-2.685867270704072
673.321,-2.8193386833560155
673.646,-2.677539404960039
673.97,-2.8008112422434492
674.295,-2.718908903551445
674.62,-2.828080548161134
674.944,-2.8005221810510483
675.269,-2.819262221816495
675.593,-2.7083705324527765
675.918,-2.746775444535934
676.242,-2.749729685450536
676.567,-2.8021210144325304
676.891,-2.719754596234127
677.215,-2.736319686785974
677.539,-2.7588132997692303
677.863,-2.7488298895483254
678.187,-2.7431577544988945
678.511,-2.7362686257873174
678.835,-2.6884149025528123
679.159,-2.6788601634523794
679.483,-2.775201757408795
679.807,-2.778901539403836
680.131,-2.770316422084404
680.455,-2.729277479713922
680.778,-2.768419783833963
681.102,-2.8096984109920626
681.425,-2.7582321806490664
681.749,-2.7621422147201153
682.072,-2.696590789275125
682.396,-2.703716004738735
682.719,-2.7624827133181746
683.042,-2.7919735418730407
683.366,-2.692942801862683
683.689,-2.787682162791627
684.012,-2.7841495582774387
684.335,-2.7304572899153707
684.658,-2.765390658402142
684.981,-2.817676784383865
685.304,-2.7962733678050204
685.627,-2.733359876776827
685.95,-2.7487820917923593
686.273,-2.7362502177563006
686.595,-2.7670964734244436
686.918,-2.6871161909559267
687.241,-2.7620918280741327
687.563,-2.7374947163771184
687.886,-2.7470142873652463
688.208,-2.8264982798663194
688.531,-2.7519145413097075
688.853,-2.7403747833985674
689.175,-2.6851307923549967
689.498,-2.7497392655468276
689.82,-2.700467704602862
690.142,-2.7128317898770584
690.464,-2.721960722909173
690.786,-2.7584711369621933
691.108,-2.6674976270805866
691.43,-2.689851178855103
691.752,-2.809097333590036
692.074,-2.676319798374239
692.396,-2.7831540256915877
692.718,-2.757554878603016
693.039,-2.790162106897885
693.361,-2.783943870721034
693.683,-2.8367292403570348
694.004,-2.71476236597858
694.326,-2.7573803322310813
694.647,-2.752562694362676
694.969,-2.7766739653384667
695.29,-2.699851548260594
695.611,-2.76521945229368
695.932,-2.701198469987264
696.254,-2.702034579257798
696.575,-2.695361909589394
696.896,-2.703624505734171
697.217,-2.7490276262075457
697.538,-2.756660619304967
697.859,-2.7674520327168444
698.18,-2.733414364808661
698.501,-2.833740566474678
698.821,-2.7379619348259197
699.142,-2.7190075293710905
699.463,-2.6593036199499522
699.783,-2.6272361409758895
700.104,-2.6791363796801377
700.424,-2.724714573073732
700.745,-2.686195529669685
701.065,-2.8205642394290416
701.386,-2.7450937766806764
701.706,-2.80400934548054
702.026,-2.7584107246480465
702.347,-2.8000883422951084
702.667,-2.8142715763042085
702.987,-2.7471731363873193
703.307,-2.7694739906619126
703.627,-2.7644177297856425
703.947,-2.7458323523936565
704.267,-2.7803297270413774
704.587,-2.7649997064339633
704.906,-2.9128469204617615
705.226,-2.841144643628923
705.546,-2.776082810843632
705.865,-2.749723695310641
706.185,-2.693253054631241
706.505,-2.8044859318782525
706.824,-2.7582790137577495
707.143,-2.750121632046817
707.463,-2.732156998726671
707.782,-2.787726910348428
708.101,-2.6854652760086335
708.421,-2.704532673973784
708.74,-2.709965836704355
709.059,-2.7639857504718433
709.378,-2.7169362179765653
709.697,-2.8052231151569234
710.016,-2.790019701377091
710.335,-2.816797946747016
710.654,-2.8605398554303574
710.973,-2.873260942947574
711.291,-2.803930426285068
711.61,-2.7534929778953456
711.929,-2.768507149418675
712.247,-2.7114129731384016
712.566,-2.8282832063727557
712.884,-2.8515455730784462
713.203,-2.932018722939238
713.521,-2.73769453035266
713.84,-2.751551587628599
714.158,-2.7172834825348042
714.476,-2.735898261218995
714.794,-2.649127486352661
715.112,-2.824968985168893
715.431,-2.799373983552858
715.749,-2.8013992643006387
716.067,-2.8008745450744286
716.384,-2.7544803928467556
716.702,-2.8304490339365573
717.02,-2.8337264540567144
717.338,-2.6727621495736926
717.656,-2.7728574540390585
717.973,-2.759026856292735
718.291,-2.6967995111207985
718.608,-2.702237298519421
718.926,-2.784510658799561
719.243,-2.7973484529686683
719.561,-2.742366701612009
719.878,-2.6460132704416957
720.195,-2.7125383603374016
720.513,-2.7383845591074456
720.83,-2.800210616946982
721.147,-2.7172113690598234
721.464,-2.7247899954186345
721.781,-2.787847531448609
722.098,-2.7419848971158736
722.415,-2.721379128779334
722.732,-2.8034409996028202
723.049,-2.687292307918313
723.366,-2.764310903264581
723.682,-2.9466929046475823
723.999,-2.8582093552170917
724.316,-2.7263892179618017
724.632,-2.662824598237162
724.949,-2.8287713180719836
725.265,-2.8707384534849703
725.582,-2.748663001860851
725.898,-2.817631496127484
726.214,-2.795027856091552
726.53,-2.668656464432688
726.847,-2.769212169046751
727.163,-2.735120750295099
727.479,-2.901630141117622
727.795,-2.8477713301869243
728.111,-2.7902977289763333
728.427,-2.7422343752079836
728.743,-2.8229672442693063
729.059,-2.6997764965941875
729.374,-2.79335377720662
729.69,-2.899529694178171
730.006,-2.8482135973270695
730.321,-2.772811364494855
730.637,-2.8831601071266775
730.952,-2.8105785654160704
731.268,-2.729342402159306
731.583,-2.82632050313234
731.899,-2.8169306292332355
732.214,-2.873334920937106
732.529,-2.9325954800690326
732.844,-2.7826367519123982
733.16,-2.8533800227014767
733.475,-3.0336699276422547
733.79,-2.7757331587796026
734.105,-2.7973833983792957
734.42,-2.767145313221625
734.735,-2.8659183393036027
735.049,-2.92904517112546
735.364,-2.7523321484324423
735.679,-2.738868208734663
735.994,-2.8224734915964604
736.308,-2.8042542523349065
736.623,-2.7469794245098376
736.937,-2.9412162880604367
737.252,-2.8799986100451482
737.566,-2.814029416889948
737.881,-2.833862487567554
738.195,-2.9113672940601627
738.509,-2.9089811748453567
738.823,-2.7369574730553516
739.137,-3.0114954074735154
739.452,-2.87183722901548
739.766,-2.837075254458367
740.08,-2.8393119318329503
740.394,-2.932465387218286
740.707,-3.002510121450266
741.021,-2.9408915380158693
741.335,-2.8360949508182443
741.649,-3.0023936913016662
741.962,-2.707971749170076
742.276,-2.845457780611587
742.59,-2.8262043335085507
742.903,-2.8299152664456844
743.217,-3.0345604282560825
743.53,-2.975267482395102
743.843,-2.8249588114414346
744.157,-3.012800307507679
744.47,-2.93014737522401
744.783,-2.818719449086731
745.096,-2.8589103072439546
745.409,-2.784722406108489
745.722,-2.811378281705182
746.035,-2.8172481635204822
746.348,-2.8796812283412363
746.661,-2.968554271425169
746.974,-2.9708446869103367
747.287,-3.0029405117281094
747.6,-2.9028860990582563
747.912,-2.883737647917326
748.225,-3.0076152586997016
748.537,-2.868786142324977
748.85,-2.977096249405868
749.162,-2.965025676352044
749.475,-2.677746566087781
749.787,-2.861910021289155
750.099,-2.9664989183540342
750.412,-3.1057313579272563
750.724,-2.991434260784934
751.036,-2.830348009107718
751.348,-2.925567733391424
751.66,-2.8634225982144317
751.972,-2.697723976669047
752.284,-2.8367341980244487
752.596,-3.114689103053496
752.908,-2.930834697711422
753.219,-3.0491177634599387
753.531,-2.8078428853947948
753.843,-2.8521897597028842
754.154,-2.9803821580014906
754.466,-3.014789619837212
754.778,-2.955410203212528
755.089,-2.9568256587217285
755.4,-2.9495367235227086
755.712,-3.132462303659517
756.023,-2.9388176980751024
756.334,-3.028752951786337
756.645,-2.9548589581669633
756.957,-2.865454651165044
757.268,-2.96773726415623
757.579,-2.92568086094966
757.89,-2.9169885571816216
758.201,-2.931021329582176
758.511,-3.0916118239893664
758.822,-2.999628109569249
759.133,-2.9834836852089714
759.444,-3.060220514970198
759.754,-2.9762921337750456
760.065,-3.036205998710742
760.375,-2.93885096834428
760.686,-2.7983912539698754
760.996,-2.909471270935865
761.307,-3.036325453712311
761.617,-2.9954336146336145
761.927,-2.9558370859629512
762.238,-2.9072743203436935
762.548,-2.982746677687595
762.858,-2.8020626151934116
763.168,-2.9807607120493844
763.478,-3.053078477252023
763.788,-3.1170198545159575
764.098,-2.9669041292078724
764.408,-2.8713585486665494
764.718,-3.0832235853433296
765.027,-2.9267822006131645
765.337,-2.971604091109959
765.647,-3.027897978298335
765.956,-3.0899174852424287
766.266,-2.9443884073102633
766.575,-3.1633066808925676
766.885,-2.8932170061479923
767.194,-3.116343765485489
767.503,-3.007581982754409
767.813,-2.956682594062441
768.122,-3.0295529039023616
768.431,-2.8963737482337795
768.74,-2.9748665536998997
769.049,-2.961353580927387
769.358,-3.0641923228923718
769.667,-3.045547043370926
769.976,-3.155278618221334
770.285,-3.051604331816748
770.594,-3.057317431766855
770.902,-3.0557142125435397
771.211,-3.110796200060707
771.52,-3.1878188572226147
771.828,-3.081631094561639
772.137,-3.0668934583795653
772.445,-3.251885380356937
772.754,-3.129270365966497
773.062,-2.974183844538685
773.37,-3.362564647435736
773.678,-3.1501473650550045
773.987,-3.125712145553714
774.295,-3.140662005356957
774.603,-3.0368048362623914
774.911,-3.122500964384166
775.219,-2.9946685179956214
775.527,-3.100889929869161
775.835,-2.946716306659746
776.142,-3.0310101050349356
776.45,-3.0520141956638716
776.758,-3.204848540195468
777.066,-3.070153917842741
777.373,-3.2318342692685147
777.681,-2.962503588096407
777.988,-3.2487886463714593
778.296,-3.0214964777912834
778.603,-3.110516736846293
778.91,-3.0374573775143654
779.218,-2.8478087204619627
779.525,-2.9150200815461056
779.832,-3.066866244008433
780.139,-2.9684138161287326
780.446,-2.990009987006407
780.753,-3.0133751875869375
781.06,-3.241531584130869
781.367,-3.07677311235819
781.674,-2.790537013146946
781.981,-3.190268216683575
782.288,-3.0961432137658225
782.594,-3.162729923300354
782.901,-3.147127053906951
783.207,-3.1799005524697765
783.514,-3.111015755769846
783.82,-3.0640785298725226
784.127,-3.254493182628125
784.433,-2.842972998905429
784.74,-2.8679876857372846
785.046,-3.1007552532545746
785.352,-3.258656767850801
785.658,-2.9605401187240443
785.964,-3.033267576253788
786.27,-2.847504268268051
786.576,-3.032890546400452
786.882,-3.2496395703387444
787.188,-2.9365437030275294
787.494,-3.1641261886588254
787.8,-3.0799751789794465
788.105,-3.105455930742664
788.411,-3.0878460862148196
788.717,-2.9774637608938237
789.022,-3.071582589129651
789.328,-3.16752263660582
789.633,-3.111190799827137
789.939,-3.274116393191396
790.244,-3.089660351036824
790.549,-2.862314868293405
790.855,-3.1107248471453692
791.16,-3.265889282187394
791.465,-3.2074240723926675
791.77,-3.1486026683958763
792.075,-3.0039596059323337
792.38,-3.1935131172472846
792.685,-3.113034352328433
792.99,-3.26190541955541
793.294,-3.371958622361271
793.599,-3.094776696149517
793.904,-2.9408496394594015
794.209,-2.9933864637281644
794.513,-3.044576896370935
794.818,-2.9384505654559927
795.122,-3.3172167226227374
795.427,-3.3777686732543435
795.731,-3.125202765599033
796.035,-3.2110888656949292
796.339,-3.0988692719048965
796.644,-3.0779066341829546
796.948,-3.1294317346815164
797.252,-2.7492998172349927
797.556,-2.9030223756670255
797.86,-3.0177569400919655
798.164,-2.9770447100533595
798.468,-3.397175367736827
798.772,-3.0762587756269095
799.075,-3.114014618448129
799.379,-3.1384335942832715
799.683,-3.446200204401115
799.986,-3.3067862410235973
800.29,-3.067291033626913
800.593,-3.50352541292148
800.897,-2.80582444680481
801.2,-2.8419214511630395
801.504,-2.988218865950659
801.807,-3.129936201965353
802.11,-3.01907509489243
802.413,-3.130769833490795
802.716,-3.03547598522833
803.019,-3.096973624527913
803.322,-3.2065039805484408
803.625,-3.234294167874534
803.928,-2.837459583741669
804.231,-3.013238064174939
804.534,-2.953576951764622
804.837,-3.4175575597966983
805.139,-2.916987796739357
805.442,-3.074881701368007
805.745,-2.9652561634018486
806.047,-3.152612886910049
806.35,-3.265681982627864
806.652,-3.436569538475018
806.954,-3.2508132394621447
807.257,-3.0397380255110575
807.559,-2.9147684061259027
807.861,-2.8743302315862023
808.163,-3.0258918666217642
808.465,-3.3853807628824093
808.767,-3.5626895979342845
809.069,-2.943958030803664
809.371,-3.1352682233511846
809.673,-2.9756640911275745
809.975,-3.218966559240555
810.277,-2.791855303661236
810.578,-3.249061557736013
810.88,-3.039750239910489
811.182,-3.0688666075820494
811.483,-2.927925846765312
811.785,-3.0165061728902427
812.086,-3.428873310858554
812.387,-3.331260139122353
812.689,-3.052818301653946
812.99,-3.278219979097725
813.291,-3.122428836494585
813.592,-3.2576230115281115
813.893,-3.041623398455863
814.195,-3.2319914424395426
814.496,-3.0614074434538727
814.796,-2.7433048556508615
815.097,-3.162532140592371
815.398,-3.3676532273254445
815.699,-2.8834353892288247
816,-3.0136166140106293
816.3,-3.5537050972374833
816.601,-3.6461844072356473
816.901,-2.9692642490773986
817.202,-3.428293055898221
817.502,-2.9659486469706895
817.803,-3.4449146070242733
818.103,-3.305326262892712
818.403,-3.172675841844428
818.704,-3.0057060857624864
819.004,-2.817950957631058
819.304,-2.9076475242328454
819.604,-3.162183254875428
819.904,-3.525112028828187
820.204,-3.0321046144186297
820.504,-3.1870304326203227
820.804,-2.7902883205488465
821.104,-3.485026578134585
821.403,-3.1288765448311917
821.703,-3.3941076525549447
822.003,-2.9757309264481306
822.302,-2.6307373397763554
822.602,-3.2339211183846
822.901,-3.5079473400748125
823.201,-3.0732316587871154
823.5,-3.667918901390284
823.799,-2.955440979329055
824.098,-2.9990103198493205
824.398,-3.018620388285159
824.697,-2.986826965033137
824.996,-2.7196701357807305
825.295,-2.922569712165225
825.594,-2.843914225134777
825.893,-3.4502979971283425
826.192,-2.938436497281651
826.49,-3.3676773776379227
826.789,-2.6347987946363634
827.088,-2.9851981272083905
827.386,-2.8073867859690678
827.685,-3.35729765112159
827.983,-3.6477267198832006
828.282,-4.014961067686294
828.58,-3.439084744545979
828.879,-2.8908825324081504
829.177,-3.0274357446296367
829.475,-3.590653220631126
829.773,-2.72451325645995
830.072,-3.1931325256943666
830.37,-3.2745063661164515
830.668,-3.559379940634555
830.966,-2.8401453846086437
831.264,-2.8261562868695655
831.562,-3.1465319368050317
831.859,-3.0395340062537457
832.157,-2.9299395587464185
832.455,-3.1616015459843085
832.752,-3.756830629731129
833.05,-2.7578142068189475
833.348,-3.201808175710122
833.645,-4.002208574814807
833.942,-3.523080620717594
834.24,-2.596630711075269
834.537,-3.458356699025521
834.834,-3.3246546642292705
835.132,-3.320598990504508
835.429,-2.863344131671399
835.726,-3.198905067019232
836.023,-2.8077073392386223
836.32,-2.9498283286254896
836.617,-3.5216024541171156
836.914,-3.4212809519304037
837.21,-3.0087225030388773
837.507,-3.3729393369508953
837.804,-3.205487001233049
838.101,-3.1041549523514274
838.397,-2.449136144153366
838.694,-3.1205930703256777
838.99,-3.466041368465756
839.287,-3.3667568148501985
839.583,-3.2720825386593715
839.879,-2.7197401141461506
840.176,-3.4137918491258468
840.472,-3.021088814851483
840.768,-3.2857686763443166
841.064,-3.99088856663505
841.36,-2.992829883829462
841.656,-3.421562583942019
841.952,-2.74626326042264
842.248,-3.0005858438685555
842.544,-3.359874215134863
842.839,-3.4010554482457303
843.135,-3.384488283390951
843.431,-3.8561571826506813
843.726,-2.748229723711631
844.022,-3.4563697657605967
844.317,-2.5871186533922015
844.613,-2.5544622126275423
844.908,-3.091430842635974
845.204,-3.640166599016203
845.499,-3.3959831440563777
845.794,-3.586454229853543
846.089,-3.0072955491555007
846.384,-3.291355406920104
846.679,-2.508966306065094
846.974,-3.3723388362861546
847.269,-3.4409266408040433
847.564,-2.5694964079718425
847.859,-2.779698235058871
848.154,-3.231758060946794
848.448,-3.0177271613107437
848.743,-3.150082058650329
849.038,-3.301480605144651
849.332,-3.0640886182480127
849.627,-3.70171088622111
849.921,-3.0398662346226164
850.215,-3.6197792326643667
850.51,-3.4011542078578194
850.804,-3.47392669611159
851.098,-3.6590727808606673
851.392,-3.8208289165813665
851.686,-2.8174919315199887
851.981,-3.482036514909392
852.275,-3.088923485933054
852.568,-3.4208569497363484
852.862,-3.0794014596229515
853.156,-2.7757851068820867
853.45,-3.1410308964594407
853.744,-2.9392625783953963
854.037,-2.972128131316427
854.331,-3.6514581868985747
854.624,-3.5123460359548666
854.918,-2.769410005161337
855.211,-3.065739103248349
855.505,-3.4119999654248216
855.798,-3.29395093937873
856.091,-2.99026063912005
856.384,-2.8136599805136875
856.678,-3.0485044075283216
856.971,-3.1663950253158326
857.264,-2.8164898891132597
857.557,-2.941637085936279
857.85,-2.9079508467177257
858.143,-3.195579976551788
858.435,-2.9057659159620046
858.728,-2.784278382019764
859.021,-3.124660610940949
859.313,-3.094622977784733
859.606,-3.2936126393310383
859.899,-2.8008349665176353
860.191,-2.869892460520761
860.483,-3.046345620088124
860.776,-3.616309838730244
861.068,-2.8510095658119843
861.36,-3.2184389930443063
861.653,-3.011797188830327
861.945,-3.019567297859541
862.237,-2.987252371298626
862.529,-3.488055570967638
862.821,-3.4348351191436297
863.113,-3.2152504969108566
863.405,-3.2351233072474352
863.696,-3.1638745716204837
863.988,-3.4374971871757376
864.28,-2.877821701258192
864.572,-3.962173653526535
864.863,-2.953713599555371
865.155,-3.3475565885124463
865.446,-3.303550825272175
865.738,-4.389676341458825
866.029,-3.0129259332521365
866.32,-3.2466822480928124
866.611,-2.8121546394142296
866.903,-3.573888789929622
867.194,-4.68080788135555
867.485,-3.1208403389796855
867.776,-3.3708986350195707
868.067,-3.7278665800195903
868.358,-3.421422508602245
868.649,-2.727122338624701
868.939,-4.213354042661244
869.23,-3.8963194827437766
869.521,-3.2393267067517892
869.811,-3.48708880284629
870.102,-2.744847799784983
870.393,-2.984301287024427
870.683,-1.7175073409832409
870.973,-3.046705922130256
871.264,-2.0683477974829985
871.554,-3.775720584249967
871.844,-5.499198569910224
872.135,-3.339694354439998
872.425,-2.36998547560837
872.715,-4.624995088169878
873.005,-4.105869721256507
873.295,-2.796336709327222
873.585,-1.8786592104441016
873.874,-3.077944797290851
874.164,-1.4086849024148433
874.454,-2.2857703877745084
874.744,-3.211674350671646
875.033,-3.1705366072313166
875.323,-3.5742304552579833
875.612,-2.9001906317832877
875.902,-2.1311214364373625
876.191,-2.337682661069464
876.48,-3.3430403305760517
876.77,-7.559165382945484
877.059,-2.3542390137015876
877.348,-3.5098209219526515
877.637,-2.3869671400747734
877.926,-3.290096005442217
878.215,-3.264884555142049
878.504,-2.814277046232476
878.793,-2.5085848900998897
879.082,-0.9957017151731729
879.371,-2.471246515801242
879.659,-3.8973751455952486
879.948,-3.7729037665117033
880.237,-2.7464278053702262
880.525,-2.4604406718304284
880.814,-3.1448326924395116
881.102,-2.3497844457807453
881.391,-2.7996116565168574
881.679,-1.8847341442301702
881.967,-3.5110576108328564
882.255,-2.520111139485044
882.544,-3.8102821915788074
882.832,-2.2954217239917796
883.12,-2.392701542509292
883.408,-5.200745003306583
883.696,-2.9024324563273045
883.983,-2.221226470913858
884.271,-2.536814964148776
