153.834,0.0
154.224,-0.9729098767633901
154.614,-18.13959770326055
155.005,7.736959043985526
155.395,3.671822769752696
155.785,-0.92551835817743
156.176,-9.151685858248808
156.566,0.0
156.956,3.8325133984088193
157.346,0.0
157.736,-0.49602138312139205
158.126,-4.480094129678559
158.516,1.8756607099972091
158.906,5.103484402247794
159.296,0.9178181293386287
159.686,-4.324925390649698
160.075,2.2594920481158645
160.465,-0.21002439574310305
160.855,2.5414301979607585
161.245,4.383505535950739
161.634,-7.810101084430038
162.024,1.9191479514571803
162.414,0.0
162.803,-1.7986402211788426
163.193,5.7383401082014505
163.582,-3.3129307498449094
163.971,0.0
164.361,4.652142002612027
164.75,9.178441222485814
165.139,-3.691346764134822
165.529,-1.7001834985034912
165.918,-4.209377770392045
166.307,0.0
166.696,-3.513858064018087
167.085,9.309016095857741
167.474,-9.004477138985914
167.863,10.299913466206405
168.252,-6.367941331230197
168.641,10.505278216291538
169.03,0.0
169.419,-0.14859941669471166
169.808,0.1807179924043789
170.197,7.653682503777826
170.585,0.5757310526056132
170.974,7.564479169356847
171.363,11.697564910023
171.751,14.462991462600177
172.14,0.8052063549178279
172.529,2.335354278895014
172.917,-6.337382745018913
173.306,1.6062727860199875
173.694,-1.6616341670874153
174.082,0.0
174.471,-11.036173396947587
174.859,0.0
175.247,-2.8020638982403225
175.635,2.415049995470901
176.024,-18.545718987980912
176.412,10.270194968517664
176.8,-3.2228178183305727
177.188,-2.739770065592548
177.576,-6.1972002948482405
177.964,0.0
178.352,0.0
178.74,5.1122813201034445
179.128,1.5290937504238131
179.515,9.141058406374487
179.903,0.3095539989489708
180.291,-0.7127572533650594
180.679,-1.703471881079926
181.066,-18.475455282757594
181.454,0.0
181.842,0.0
182.229,8.572182949877424
182.617,8.789244596677118
183.004,0.8356251928549407
183.391,1.193976139593694
183.779,6.8976340671348
184.166,3.0295264855506585
184.554,-5.9256853624024854
184.941,6.80112954987483
185.328,-0.24625509708414525
185.715,7.556776214310718
186.102,-5.501728892392311
186.489,-10.899425828942439
186.876,0.0
187.263,-0.46302148580761376
187.65,-17.838048265580902
188.037,2.387952279187388
188.424,-0.502873491914824
188.811,29.300522036564875
189.198,16.893796376322033
189.585,22.845343236011875
189.971,14.103401982622028
190.358,11.481256880658844
190.745,23.14494475513309
191.131,18.507259971491557
191.518,27.530837049880546
191.905,21.95909991866293
192.291,17.30257044374817
192.677,24.70244885144696
193.064,19.89954813671112
193.45,15.48806057320317
193.837,22.80912355883985
194.223,18.548074942258943
194.609,23.200085204238263
194.995,14.307399215684798
195.381,22.710444178399413
195.768,21.39912956251617
196.154,23.66461390664313
196.54,9.970736052075518
196.926,13.99472278292139
197.312,22.704794656617374
197.698,15.602614493339939
198.084,4.133785842801835
198.469,16.369807440621535
198.855,23.03860796944689
199.241,16.53323568018288
199.627,14.589135561731192
200.012,17.02494014268559
200.398,21.75313710076115
200.784,21.385047231163316
201.169,18.123401866009452
201.555,21.3573217441925
201.94,19.76353031281898
202.326,13.650571653841611
202.711,25.55395243892309
203.096,18.715743612341516
203.482,22.587257848127248
203.867,14.101852898097812
204.252,15.367422753325485
204.637,13.80806579856869
205.023,16.31417362235405
205.408,17.027044697823946
205.793,15.967633999148022
206.178,21.1897588477342
206.563,7.8383553151397605
206.948,22.432294892169764
207.333,14.820952030062745
207.718,22.553660473859576
208.102,11.127796024145708
208.487,16.84015253389192
208.872,23.313609261778517
209.257,11.086962316846186
209.641,23.464724098563767
210.026,15.47136490735614
210.41,15.815261202464706
210.795,14.291422803802986
211.18,18.231561087005584
211.564,13.233617654338413
211.948,16.7488312836493
212.333,20.913670158395238
212.717,17.562778956516453
213.101,18.139804767716036
213.486,19.195816194922482
213.87,15.433449883426526
214.254,13.306595505358356
214.638,17.236874358317458
215.022,21.815642259381924
215.406,17.52369425809572
215.79,17.129415142935898
216.174,26.4910758197814
216.558,15.285927472507668
216.942,16.498091610820463
217.326,20.922626918981386
217.71,18.379014712286125
218.094,24.91441640972917
218.477,15.275005494013964
218.861,16.391762959993798
219.245,18.21758289630429
219.628,24.36049060646194
220.012,19.927594337253257
220.395,16.403443018762733
220.779,18.08732486830557
221.162,20.57082183969976
221.546,15.674542845551597
221.929,17.665307100123822
222.312,18.287083336927854
222.696,13.737750584076046
223.079,16.729817593974936
223.462,18.09724719207334
223.845,14.299168110674003
224.228,19.38494892626776
224.611,8.607484503428525
224.994,21.11406963752743
225.377,17.32059914337112
225.76,27.07652396362707
226.143,19.595284549292394
226.526,17.153091186405206
226.909,17.994128645666773
227.292,19.621709860427146
227.675,21.071075132204218
228.057,14.840384584236242
228.44,19.595971116037695
228.822,19.91412140439794
229.205,12.676703793794843
229.588,24.965166437138212
229.97,7.1652055382137885
230.353,22.134549117108513
230.735,21.709005553181807
231.117,13.142481232855296
231.5,12.896497703785927
231.882,15.873488263493865
232.264,14.860874206437733
232.646,17.276109560903336
233.029,28.684218214787656
233.411,9.043165952120901
233.793,19.091066404649208
234.175,18.062197158801744
234.557,14.01741432519628
234.939,17.187518681049255
235.321,18.188827178757403
235.703,17.190307408179557
236.084,17.120112735491638
236.466,15.85490640644747
236.848,12.68981001886482
237.23,23.424452255887186
237.611,11.857015319918151
237.993,15.92214125166414
238.375,25.41182183642137
238.756,18.07516626378605
239.138,20.335067081274367
239.519,17.739873622926403
239.901,28.016704302448517
240.282,15.99661077006319
240.663,21.10131320679184
241.045,17.539696777812175
241.426,20.286851586034235
241.807,14.056423762583384
242.188,20.99569729174813
242.569,19.461381188171835
242.95,20.846073928735134
243.332,11.922797746220269
243.713,13.484138224830774
244.093,15.54880333615421
244.474,17.69687618369539
244.855,8.186239377957682
245.236,21.992559859957154
245.617,25.0000444317359
245.998,15.114742572519804
246.378,19.4611961336193
246.759,18.838473610741644
247.14,21.660809681350727
247.52,15.28320268724505
247.901,16.170173490368946
248.281,25.059980295199065
248.662,20.52422205507649
249.042,17.99774663306383
249.423,23.9511242313131
249.803,15.294748075736445
250.183,21.35560495143758
250.564,14.786394878403954
250.944,21.162839560017154
251.324,23.311068681169946
251.704,12.230365284940637
252.084,14.213481817432717
252.464,22.8085720246619
252.844,19.599862039882854
253.224,19.240815585476945
253.604,25.94300457366265
253.984,27.032255924615516
254.364,15.181716089786862
254.744,23.677655281404327
255.124,18.06764097883101
255.503,14.741681110613932
255.883,17.85762583654612
256.263,26.25695091486939
256.642,18.735047229981703
257.022,17.349619547912205
257.401,13.588246560517149
257.781,9.774188559858754
258.16,21.19325546137657
258.539,18.794439749323413
258.919,13.277437906471034
259.298,16.25238654883654
259.677,23.594675222532008
260.057,18.969397129226984
260.436,25.96742194788611
260.815,15.474881145133466
261.194,21.75448028112938
261.573,32.572534843196436
261.952,16.241781524032476
262.331,22.70360579365615
262.71,13.616374232430948
263.089,21.700030226648302
263.468,18.495560513853267
263.847,17.70615142146253
264.225,13.921008292960325
264.604,17.839022297146414
264.983,9.23136886231017
265.361,22.321069137175627
265.74,16.44505110439886
266.118,11.386334360777653
266.497,24.653388696954146
266.875,19.00090950952295
267.254,13.809040504421267
267.632,17.41284087636642
268.011,9.888013580498148
268.389,22.581088011808497
268.767,14.905644562857598
269.145,17.01168192355599
269.524,21.422981528706266
269.902,18.728692419042027
270.28,12.131401127857558
270.658,14.628523688782701
271.036,18.887298142571677
271.414,21.252420069234475
271.792,19.533021725674185
272.17,16.538292447738858
272.547,25.84557610489042
272.925,19.326610044313053
273.303,11.94750040696925
273.681,16.33939967553085
274.058,17.210034999711834
274.436,22.39495246932049
274.814,20.360779091311713
275.191,13.649238240071414
275.569,22.704499469647914
275.946,14.240725977136206
276.323,22.28021981061707
276.701,19.75356499751794
277.078,11.733590378537192
277.455,10.676664150768547
277.833,20.442360824474413
278.21,21.08628991853027
278.587,21.249519471610007
278.964,13.489915129654166
279.341,8.925961212477588
279.718,17.800858323907708
280.095,19.51606083707934
280.472,22.238273628073603
280.849,19.79493113283188
281.226,24.985873720607763
281.603,17.811876286987474
281.98,16.903051145164937
282.356,15.866867036566243
282.733,16.593732816781483
283.11,14.422049829575833
283.486,25.9494811940144
283.863,16.842860116689163
284.239,23.89487431410184
284.616,11.347192668266352
284.992,13.214343952932113
285.369,18.86700283628396
285.745,14.41211831819062
286.121,19.29479986585609
286.498,22.95432902306998
286.874,11.362868201277298
287.25,18.556515515231634
287.626,8.193711643359372
288.002,26.753369215241765
288.379,27.648942527551316
288.755,22.153327614467994
289.131,19.997535692880433
289.506,15.239880444911156
289.882,19.043351402401722
290.258,18.863208627386165
290.634,14.46893565390451
291.01,18.88106130507386
291.385,21.615317355488195
291.761,22.927241317492374
292.137,22.361238936843716
292.512,15.01607739617354
292.888,21.59327631455913
293.263,26.926141751617337
293.639,15.735597400869077
294.014,24.113698500336078
294.39,16.075165984081714
294.765,19.36305618618685
295.14,22.611039136917917
295.516,18.465891080772092
295.891,14.895173534820325
296.266,15.336620500841077
296.641,22.3015221560114
297.016,21.30362969561035
297.391,16.84782983268226
297.766,24.17402565781854
298.141,21.74452727808868
298.516,13.593096802231274
298.891,15.759325936875642
299.266,22.34430192402922
299.641,13.878490890673046
300.015,18.765290826931285
300.39,17.939532994475137
300.765,21.87369605476718
301.139,12.961730064083826
301.514,21.878163133423122
301.889,21.547408424553602
302.263,16.34854954098694
302.637,18.363761414448298
303.012,14.925661781805035
303.386,15.841475276676322
303.761,15.744839483995579
304.135,13.83438015657038
304.509,14.371378358262872
304.883,27.24885348804533
305.257,17.359422892035454
305.632,22.10513260359013
306.006,17.903789024826754
306.38,19.674588693858407
306.754,20.791108109164607
307.128,18.61894172747712
307.501,20.788330810106046
307.875,11.112603515899638
308.249,21.22336038257918
308.623,17.956487259048544
308.997,18.39642812553525
309.37,13.1506276222854
309.744,14.487151081936716
310.117,15.862411086560506
310.491,16.481998154446423
310.865,18.723085370017778
311.238,10.79742032941004
311.611,16.48099889558855
311.985,20.674773976192817
312.358,21.24744427272765
312.731,18.022528131478722
313.105,20.683208330802515
313.478,16.258939332716103
313.851,18.811042523187574
314.224,15.00185616549976
314.597,23.499261960470985
314.97,24.997377683206544
315.343,17.275450030856266
315.716,21.7376668633044
316.089,13.526720334365267
316.462,22.815968600886215
316.835,20.263807860568534
317.208,15.014541891350545
317.58,20.520859363439985
317.953,23.609785607788588
318.326,18.41256510148746
318.698,29.733745640288728
319.071,25.228238890880135
319.443,22.643428894450796
319.816,10.161905328700842
320.188,16.192963889122414
320.561,15.300761352649227
320.933,13.884304510870686
321.305,22.91763157801936
321.678,29.534140022371965
322.05,15.0026148744456
322.422,20.95845122854707
322.794,20.32481391033969
323.166,14.849572384375115
323.538,20.205615433939663
323.91,18.761070326558638
324.282,9.06282979437004
324.654,16.2743888201522
325.026,23.766979804621556
325.398,8.650234567029889
325.77,6.848009081420133
326.141,25.906805447694524
326.513,16.694962570125302
326.885,22.544606242782454
327.256,26.520276853298213
327.628,30.296626764640358
327.999,21.962200067141815
328.371,19.604917359076442
328.742,20.81014081992358
329.114,14.108661473267684
329.485,26.56852262583133
329.856,10.848160724189388
330.228,22.206152227372748
330.599,14.471964807369332
330.97,19.918331842146173
331.341,21.931686835287557
331.712,20.06509852828906
332.083,18.259190148181755
332.454,23.724711816875672
332.825,17.74193208672463
333.196,30.816450528900333
333.567,18.789793435068336
333.938,15.604062833486466
334.309,19.447789406886034
334.679,20.047307534269414
335.05,12.315218095721258
335.421,20.763888213703687
335.791,21.285600242093707
336.162,14.497108411670396
336.533,13.814681032579259
336.903,19.154114643350816
337.273,16.76390216216517
337.644,19.278736884085447
338.014,23.846048470846483
338.385,23.15265731440699
338.755,24.600423734680565
339.125,14.278771773471284
339.495,18.04612127049343
339.865,13.077275757157533
340.235,18.853253349088213
340.606,23.253244501871624
340.976,15.918019660583969
341.345,19.168838945096216
341.715,21.57536779999569
342.085,20.660403800736816
342.455,19.85412205983602
342.825,18.306344057148106
343.195,16.14526388895252
343.564,21.71494254377434
343.934,20.016484603222416
344.304,23.82005572140532
344.673,21.445974575978724
345.043,23.602165967125494
345.412,15.669040197948641
345.782,12.670590906183307
346.151,13.802309325106808
346.52,24.886765357879717
346.89,22.284955429827736
347.259,25.07028882525681
347.628,22.55750980126622
347.997,24.40014146750631
348.367,14.812835121307836
348.736,26.10341203325581
349.105,24.75406097949768
349.474,18.73902126491607
349.843,23.111431972742956
350.212,8.991269981159995
350.58,14.942037988334665
350.949,20.213781277249844
351.318,20.041293966596978
351.687,20.36581420446519
352.056,17.797150752034288
352.424,13.831072027631492
352.793,19.06145378057376
353.161,19.458967487145962
353.53,27.38915137591062
353.898,24.777468361523756
354.267,18.236826158746197
354.635,9.269592684349377
355.004,27.13260636440378
355.372,19.72398116972437
355.74,19.874788765859403
356.108,13.825293656772756
356.477,24.35688993807515
356.845,22.99981417868793
357.213,29.467235313615785
357.581,25.753787614902247
357.949,23.766303366332462
358.317,16.88256983761777
358.685,21.896617374755593
359.053,20.622598736089824
359.42,10.43458053687359
359.788,20.14280137155027
360.156,22.642499905158175
360.524,18.77437274929631
360.891,17.279702602634867
361.259,13.643557373331154
361.626,22.5595020053497
361.994,17.154699310320012
362.361,28.55211709268764
362.729,11.917104507708833
363.096,13.197311442179204
363.464,14.841909799086986
363.831,14.038410341750494
364.198,14.207276195902653
364.565,22.688885865054495
364.932,19.959050149182016
365.3,21.747149925140345
365.667,19.209338629408936
366.034,19.732759183384882
366.401,16.387363253280785
366.768,25.180887163249338
367.134,16.79458932432944
367.501,30.29919164776578
367.868,10.051493684583317
368.235,13.364280791765898
368.602,21.336111119107795
368.968,21.245037696300603
369.335,26.794375000028417
369.702,21.798359484204013
370.068,25.74129790012497
370.435,17.99072433204675
370.801,24.63198363336378
371.167,17.22796452822178
371.534,13.771410657918294
371.9,27.966114442392854
372.266,17.352146894812783
372.633,24.409900597977142
372.999,25.626858844614944
373.365,19.603200848137796
373.731,21.03600592333713
374.097,19.855228545359907
374.463,19.231985213333413
374.829,19.353821495934913
375.195,17.6974594653214
375.561,23.63608020206268
375.927,19.807638807913026
376.293,18.977423721784632
376.658,15.22176435367439
377.024,20.106684887865867
377.39,21.018865639737662
377.755,22.291085512769016
378.121,24.744255863512212
378.487,19.75982684730305
378.852,14.240885829419032
379.217,27.534983467545963
379.583,19.276121055583133
379.948,16.876250989034528
380.314,17.56061935052399
380.679,28.68146062675213
381.044,17.21535958592216
381.409,15.08641953625193
381.774,26.002816427167005
382.139,25.156770720227644
382.504,22.289266291948092
382.869,21.31672033229755
383.234,23.10588155830436
383.599,23.434960233381823
383.964,13.663361018435474
384.329,17.764486377598427
384.694,16.988280299072997
385.058,28.53819055555308
385.423,12.56026861860297
385.788,20.746483362250867
386.152,23.117613848598882
386.517,19.16681831548421
386.881,19.26381900386681
387.246,22.42682211119603
387.61,23.063125983153586
387.975,13.049730833107029
388.339,24.222515783697666
388.703,21.840479819528852
389.068,17.456578010524858
389.432,29.487740291304124
389.796,15.275228972988666
390.16,19.059177345180718
390.524,12.469962751698485
390.888,15.251885207721841
391.252,21.44597871057306
391.616,22.609046721135076
391.98,22.94117498642306
392.344,21.03430263553611
392.708,23.655848078394868
393.071,22.955901400725796
393.435,17.23061442751542
393.799,22.564403107775405
394.162,23.86425899985075
394.526,19.22376324149134
394.889,24.490334382235375
395.253,22.721200461755746
395.616,26.19192133593038
395.98,33.53764293652842
396.343,26.637946953351836
396.706,18.418005571475028
397.07,18.916778420642405
397.433,18.873303789968997
397.796,22.887801863884377
398.159,26.622087549807656
398.522,22.952353156192057
398.885,25.704623795342012
399.248,28.356641122367634
399.611,19.529950777211848
399.974,25.28941552844613
400.337,25.20784157117589
400.7,25.479715886578344
401.063,19.502645995238943
401.425,22.69975704373142
401.788,26.086585856199957
402.151,17.723065388158663
402.513,20.046792215639616
402.876,24.16640083939117
403.238,19.923985724633276
403.601,17.493600632114063
403.963,21.577394175484763
404.325,22.67178866912259
404.688,27.599201314321974
405.05,20.134098821596016
405.412,23.469400160466275
405.774,21.362300325401993
406.137,18.98158114943927
406.499,21.333702523344712
406.861,15.647262443292398
407.223,21.02941882375498
407.585,19.99061437700259
407.947,25.037576741519043
408.308,23.42310240131798
408.67,25.43195996670787
409.032,22.468796479804453
409.394,31.37769513725664
409.756,23.874739402737045
410.117,23.775820164372526
410.479,25.576950940771404
410.84,22.892218106160026
411.202,16.79551952693131
411.563,23.962952661556066
411.925,22.746984778364595
412.286,25.56533720695654
412.647,21.29825321577794
413.009,34.297168365114274
413.37,25.5333918759831
413.731,23.940146394602046
414.092,22.990169273921172
414.453,30.334593298501378
414.814,28.640869386283534
415.175,27.784603503951242
415.536,30.627213784974046
415.897,30.85896027971919
416.258,32.41982342338948
416.619,29.856304826817684
416.98,31.199126386422254
417.341,28.551950538552628
417.701,30.450402531063066
418.062,30.80497706743333
418.423,34.35415665985277
418.783,34.0066225424814
419.144,33.044882819228626
419.504,33.498534950554756
419.865,33.155345792527186
420.225,33.494434625452854
420.585,32.01634759839072
420.946,30.793769537008668
421.306,31.48771378237574
421.666,33.00826668069096
422.026,32.625528857059194
422.386,31.997792893227384
422.746,32.665551106195
423.106,32.3088295533201
423.466,33.526321375762215
423.826,33.43541001363311
424.186,33.83311173792103
424.546,33.07865671334891
424.906,33.96609321340873
425.266,32.143859332238016
425.625,32.39173880292164
425.985,32.83181298382358
426.345,31.86248273613182
426.704,31.65756309784612
427.064,31.305722190610584
427.423,31.152972371950767
427.783,31.25159462912419
428.142,31.729712848901173
428.501,30.937680759421028
428.861,30.272659829157007
429.22,31.168888319811618
429.579,30.150373123667784
429.938,30.372723716182005
430.297,30.217807949289877
430.656,30.027062557171195
431.015,29.074696683746463
431.374,29.083291161688614
431.733,28.882781115168715
432.092,29.105183464241797
432.451,28.64760254595868
432.81,28.623137568937352
433.169,28.345396121721397
433.527,28.14369720979629
433.886,28.591740940389307
434.244,27.996419063302227
434.603,28.063203648467905
434.962,27.493216376925748
435.32,27.067362004205094
435.678,27.121151850330335
436.037,26.946429506435663
436.395,26.536660846833993
436.753,26.605804511681956
437.112,26.608117263191097
437.47,26.615703895950563
437.828,26.407810817170592
438.186,26.528177534727696
438.544,26.37495460394942
438.902,25.716675992429074
439.26,26.00493640745908
439.618,25.997143763874192
439.976,25.92378643194832
440.334,25.69017277664702
440.692,25.328037479264292
441.049,25.573772594033546
441.407,25.50730179478705
441.765,25.09325608631682
442.122,25.149370546525994
442.48,24.95151982065327
442.837,25.072031218919104
443.195,24.320087079895263
443.552,24.790170240163896
443.91,24.525121242353688
444.267,24.348398496099616
444.624,24.081688762284973
444.982,23.909187761273976
445.339,24.434461982893534
445.696,24.370912705341237
446.053,24.175891037400927
446.41,23.55150685197476
446.767,23.325916889281824
447.124,23.68607204542333
447.481,23.35315389076052
447.838,23.406089365017298
448.195,23.18526835712452
448.552,23.14210593572188
448.908,23.550100751757792
449.265,23.141855220313452
449.622,23.479771832499885
449.978,23.311956677545222
450.335,22.857509693440953
450.691,23.07322828078128
451.048,23.231686738041276
451.404,22.73905636209388
451.761,23.04372597782127
452.117,22.75294423707786
452.473,22.589458069063568
452.829,22.425838595173012
453.186,22.862018338576906
453.542,22.614671831734356
453.898,22.848938629724024
454.254,22.66489226746936
454.61,22.336530726196234
454.966,22.466894590714997
455.322,22.39475860826571
455.678,22.872213501769224
456.033,22.148286616473666
456.389,21.940187682157724
456.745,22.431907687085438
457.101,22.17958590627635
457.456,22.476351793370775
457.812,22.03962949740652
458.167,22.204130018608648
458.523,22.253181176531683
458.878,22.225598623782087
459.234,21.967765198687257
459.589,21.96797455709989
459.944,22.135981897721784
460.3,22.415001213295753
460.655,21.800230094995435
461.01,21.833094757400026
461.365,21.89416901617546
461.72,21.765242102638112
462.075,21.74943654217897
462.43,21.689104223468888
462.785,21.685647226314636
463.14,21.522411533422336
463.495,21.797917574181646
463.85,21.489121904140948
464.205,21.192800486566536
464.559,21.504413546737496
464.914,21.3556154656596
465.269,21.144077917556437
465.623,21.244710773959632
465.978,21.183008416442007
466.332,21.418097067324265
466.687,21.465610512995283
467.041,20.94702661117104
467.395,21.250663984908925
467.75,21.24292755553163
468.104,20.937329159332254
468.458,20.901691699796984
468.812,20.88520937009377
469.166,20.69185647087982
469.52,20.968673903901102
469.874,20.881846598466055
470.228,21.01648030184252
470.582,20.8554976288782
470.936,20.849059817443194
471.29,20.91872897061177
471.644,21.203345364974624
471.998,20.80874053521719
472.351,20.909340604265967
472.705,20.96886973632321
473.058,20.712113939290177
473.412,20.542903726506246
473.766,20.648814163668646
474.119,20.465038150799025
474.472,20.721820815719827
474.826,20.651337167804375
475.179,20.73435816163643
475.532,20.758222432055973
475.886,20.589862639384155
476.239,20.767682146338807
476.592,20.46045217819737
476.945,20.281450583528727
477.298,20.388923818316254
477.651,20.27986714869227
478.004,20.182425888398285
478.357,19.998295440353026
478.71,19.871291501479384
479.063,19.87127148445092
479.415,20.10197429433724
479.768,20.34349831404769
480.121,19.75847304673851
480.473,19.76901605967343
480.826,20.163868408378537
481.179,19.941954545599593
481.531,19.711579023098373
481.883,19.63032364403357
482.236,19.911371587441888
482.588,19.931931507752886
482.94,20.23715984701335
483.293,19.444292971416093
483.645,19.306149441746108
483.997,19.63050039045915
484.349,19.688121913900023
484.701,19.77394655214439
485.053,19.721975437371707
485.405,19.42421673021721
485.757,19.517666669672824
486.109,19.189166031824087
486.461,19.50148311731382
486.813,19.587874385469892
487.164,19.6193077095237
487.516,19.418672648781218
487.868,19.1475082034118
488.219,19.370970375254178
488.571,19.367925738286708
488.922,19.428931781924994
489.274,19.268084268240457
489.625,18.999535169359252
489.977,18.8973264809263
490.328,18.680215458293045
490.679,19.000373398569668
491.03,18.868290487458292
491.382,18.829235087085234
491.733,18.924434509696837
492.084,18.58637063017562
492.435,18.359293337990955
492.786,18.608261382495794
493.137,18.68832131802321
493.488,18.389459139282938
493.839,18.210307472410168
494.189,18.221147075033006
494.54,18.287579669412015
494.891,18.539799814836563
495.242,18.061846797038484
495.592,18.328783845553986
495.943,18.157893703951082
496.293,18.29930734169061
496.644,18.427594961816496
496.994,17.968486742436202
497.345,18.006063912077995
497.695,17.60405450764807
498.045,18.05846165637944
498.395,17.824233309711552
498.746,18.02888451157971
499.096,17.776944598694598
499.446,17.551974169027787
499.796,17.530547201826057
500.146,17.364528765772512
500.496,17.234892707001077
500.846,17.535631526715655
501.196,17.535347031554856
501.545,17.17378654407087
501.895,17.44080101534269
502.245,17.67404527410757
502.595,17.641536646003626
502.944,17.44062101146549
503.294,17.117533239022336
503.643,17.269918455344005
503.993,17.198839827504337
504.342,17.187875015611915
504.692,17.258473466648084
505.041,17.056912602778397
505.39,17.13300191732501
505.74,17.33762621369719
506.089,16.834212633652406
506.438,16.997203090896036
506.787,16.274641970904476
507.136,16.921848540848252
507.485,16.682393569385905
507.834,16.815645094844143
508.183,16.873050871598963
508.532,16.903072538638458
508.881,16.902040564127265
509.229,16.27532067663639
509.578,16.55796428393838
509.927,16.730834299250173
510.276,16.326620488768274
510.624,16.545643259092152
510.973,16.21538695402989
511.321,16.12263998797276
511.67,16.714273036483025
512.018,16.121738685319265
512.366,16.451122026249628
512.715,16.145361550751485
513.063,16.06201127928852
513.411,16.322233240488732
513.759,15.947371981109432
514.107,15.850188368232333
514.456,15.961274505901544
514.804,16.060952591429178
515.152,15.971824695757062
515.499,15.749653663198318
515.847,16.024351385248522
516.195,15.663729241744283
516.543,15.75450396601918
516.891,15.666018105250984
517.238,15.475754623328278
517.586,15.513398500622875
517.934,15.68486205858206
518.281,15.6186277605378
518.629,15.52210594223012
518.976,15.71358778554631
519.324,15.433926861367288
519.671,15.34418185297714
520.018,15.400671375496499
520.365,15.345206142952385
520.713,15.389786041899068
521.06,15.403327930409116
521.407,15.279814042148754
521.754,15.339259647369149
522.101,15.253903901806023
522.448,15.159604545984706
522.795,15.552573461590233
523.142,15.46242564867401
523.489,15.480018695998039
523.836,15.50604833449726
524.182,15.516373092191884
524.529,15.677887880866525
524.876,15.246499681123694
525.222,15.148842702049082
525.569,15.27040729601735
525.915,14.932945367983566
526.262,15.177191343601038
526.608,15.146185736458557
526.954,15.171646497834237
527.301,15.101773617547448
527.647,15.236850453149478
527.993,15.076356781365515
528.339,15.195453293613518
528.686,14.89268990103003
529.032,14.946176174126999
529.378,15.148451064271546
529.724,15.327880616271855
530.07,15.39338984623327
530.415,15.273267569246059
530.761,15.010977600422418
531.107,15.271408301343333
531.453,15.203304667096939
531.799,15.165733377117045
532.144,14.94111647802039
532.49,15.330410565946323
532.835,15.123449710333476
533.181,15.059944843334689
533.526,14.809007231493384
533.872,15.09229908409212
534.217,15.128179448671663
534.562,15.035972461241975
534.908,15.145715893810442
535.253,15.27428924513077
535.598,15.18318895919739
535.943,15.252849838810505
536.288,15.038538126339063
536.633,15.140800540631721
536.978,15.152336822630588
537.323,15.437784803898408
537.668,15.124946109413203
538.013,14.919851335851215
538.358,15.001333111952558
538.702,14.983912849428394
539.047,15.104079395095297
539.392,15.12551326598061
539.736,15.165820285208344
540.081,15.11623815846189
540.425,15.404385692694678
540.77,15.21339645322871
541.114,15.202345668458733
541.459,15.010985368992973
541.803,15.181366755755196
542.147,15.180891398512545
542.491,14.94029881332526
542.835,15.02033914180613
543.18,15.093422060970973
543.524,15.176590088506671
543.868,14.999376844705354
544.212,15.152763761423422
544.556,15.142426251386107
544.899,15.177047216736947
545.243,15.31161647643972
545.587,15.192720467221703
545.931,15.042717319314601
546.274,15.216745034714124
546.618,15.204089825989808
546.962,15.16439172496187
547.305,15.207435056879989
547.649,15.178727689839878
547.992,15.019729874869482
548.336,15.196955549859934
548.679,15.279863974510842
549.022,15.551809248556335
549.365,15.18733319362806
549.709,15.288681354365794
550.052,15.414113509849207
550.395,15.26363912479229
550.738,15.362454761502267
551.081,15.0863636358522
551.424,15.415202962862555
551.767,15.340107618347504
552.11,15.31980943558021
552.453,14.718686882833996
552.795,15.184226456530723
553.138,15.213090064111272
553.481,15.226936225027993
553.823,15.332585449229367
554.166,15.282531710345204
554.508,15.356225596747755
554.851,14.988816659155615
555.193,15.229131403150566
555.536,15.397238843055934
555.878,15.238547545518344
556.22,15.33984503453415
556.563,15.384815708136438
556.905,15.247015883600731
557.247,15.298578743735419
557.589,15.692659720469978
557.931,15.127912882260658
558.273,15.418292568275412
558.615,15.435565422858213
558.957,15.30997217560946
559.299,15.355617817655952
559.64,15.390754891214382
559.982,15.810709091690068
560.324,15.45269181346848
560.666,15.611793844185707
561.007,15.400640083771215
561.349,15.220676048202249
561.69,15.194770015666727
562.032,15.492297446703173
562.373,15.201606087973337
562.715,15.324524625275242
563.056,15.58169746599264
563.397,15.563315055886017
563.738,15.59590058406924
564.08,15.243514421216377
564.421,15.626456558307149
564.762,15.594032433377837
565.103,15.311174191696438
565.444,15.318981887110974
565.785,15.492561795195533
566.126,15.58446693681247
566.466,15.728446005580578
566.807,15.613778940589466
567.148,15.447728436547088
567.489,15.56238029459426
567.829,15.400312727206359
568.17,15.513603640290492
568.51,15.689692237706401
568.851,15.596389592231564
569.191,15.795562977896653
569.532,15.698295468751228
569.872,15.56589785201615
570.212,15.853905233475347
570.553,16.0529092857378
570.893,15.923503444403906
571.233,15.898167657209365
571.573,15.748179794445461
571.913,15.6775754708482
572.253,15.788282417385087
572.593,15.80130854410022
572.933,15.717799719162345
573.273,15.77468976238741
573.613,15.815144499583786
573.952,15.496046001732925
574.292,15.691903320422629
574.632,15.887205678916267
574.971,15.671472109826029
575.311,16.10272878707735
575.65,15.939106142355524
575.99,15.949560705355474
576.329,16.00526860450466
576.669,15.605736849675484
577.008,15.732442708043463
577.347,15.911897552866979
577.687,15.902649026463154
578.026,15.955372737046822
578.365,15.821137982533326
578.704,15.942075578174475
579.043,15.933838251722868
579.382,15.896664185688804
579.721,15.736382815375247
580.06,16.025432346777908
580.399,16.189261998128934
580.737,15.794659990217253
581.076,15.912390600775584
581.415,15.826020531840888
581.753,16.08044171012811
582.092,15.777741663715766
582.431,16.35215746525977
582.769,16.04110240447173
583.108,16.111351475146588
583.446,16.08542514453
583.784,16.09937208061741
584.123,16.142720272729985
584.461,16.345434145420462
584.799,16.20652726054776
585.137,16.322415484387765
585.475,15.808705722384147
585.813,16.04594857378601
586.151,16.222188355161173
586.489,15.987382122177527
586.827,16.291861968076866
587.165,16.109220092495207
587.503,16.30552737151655
587.841,16.32522769459731
588.178,16.148374460132327
588.516,16.456369190890143
588.854,16.117711345337607
589.191,16.536929904594157
589.529,16.443171840217726
589.866,16.933594313261477
590.204,16.65823210952126
590.541,16.594437747313023
590.878,16.709088826486354
591.215,16.474589882989093
591.553,16.68377076714065
591.89,16.865007993812636
592.227,16.38509271016459
592.564,16.613079744566612
592.901,16.662432497005764
593.238,16.817420205469755
593.575,16.622057528908357
593.912,16.71771451715174
594.249,16.953358955552
594.585,16.745111614813325
594.922,16.900104831122206
595.259,16.758993099962733
595.595,16.76175997601706
595.932,16.68440570507068
596.269,16.83905698583838
596.605,16.787220305432715
596.941,16.939099289639778
597.278,16.792029122368458
597.614,16.728110057091495
597.95,16.776495656205892
598.287,17.035130093868645
598.623,16.96319098235842
598.959,16.91871118777653
599.295,16.83413584554033
599.631,17.037823768562117
599.967,16.892518375170905
600.303,16.697673326957162
600.639,16.851698279656134
600.975,16.622766542019193
601.311,17.186374777990007
601.646,17.00193383281845
601.982,16.762381527892348
602.318,17.284726018140063
602.653,16.969055442973662
602.989,16.926344567736933
603.324,16.804615664190138
603.66,17.02561455541192
603.995,16.78443668366932
604.331,17.10999909545094
604.666,16.994260185314165
605.001,17.005468356631507
605.336,16.760872183245105
605.671,17.19918419641854
606.007,17.15923750850761
606.342,17.09696698338182
606.677,17.102931293236995
607.012,17.4423320926836
607.346,17.28585546141182
607.681,17.408518811414098
608.016,17.401578356133168
608.351,17.300420052958057
608.686,17.015718289957796
609.02,17.08599375283585
609.355,17.475339195993413
609.689,17.33878387974756
610.024,17.446242063386197
610.358,17.470793154862143
610.693,16.89696942205993
611.027,17.458310366312933
611.361,17.396568200651373
611.696,17.442555719122016
612.03,17.602704994683737
612.364,17.73822297478602
612.698,17.635606950461227
613.032,17.777109289363498
613.366,17.44012660942281
613.7,17.26477013390314
614.034,17.413351879695764
614.368,17.692254481172135
614.702,17.604626919396217
615.035,17.930184855125017
615.369,17.52589423580823
615.703,17.926447709305165
616.036,17.806102139850235
616.37,17.409469423114956
616.703,17.838150167481135
617.037,17.717175035396117
617.37,17.732128627621048
617.704,17.669547534764863
618.037,17.81475941633586
618.37,17.842785360545797
618.704,17.857610417279393
619.037,18.130485497037068
619.37,17.804137004653334
619.703,17.885444582938998
620.036,18.02593748818771
620.369,18.075889886119178
620.702,18.331497038570507
621.035,18.11005857049277
621.367,17.907150576687272
621.7,18.377347575368432
622.033,18.300585639488812
622.366,18.083212666406087
622.698,18.125799103565946
623.031,17.96951301105623
623.363,18.4578635955524
623.696,18.269434791993834
624.028,18.566381192038452
624.361,18.291351086679377
624.693,18.52339871271372
625.025,18.144536258929193
625.357,18.358729965475565
625.689,18.423711646915223
626.022,18.34995953377538
626.354,18.353104644906033
626.686,18.37415737164777
627.018,18.600923403011326
627.35,18.676115346306222
627.681,18.253952778352726
628.013,18.496649808239788
628.345,18.63175287962312
628.677,18.409802646828158
629.008,18.697270843982842
629.34,17.957502368164135
629.672,18.569862802997328
630.003,18.772229485960317
630.335,18.488346293295496
630.666,18.705065752826513
630.997,18.5184308724858
631.329,18.33284819947133
631.66,18.88990158107373
631.991,19.005331928527713
632.322,18.560675767773535
632.653,18.869457807413635
632.984,19.06624688976592
633.316,18.908923018819095
633.646,18.814866624931845
633.977,18.961845020143674
634.308,18.85714057289514
634.639,18.661508943027055
634.97,18.75881112415325
635.301,18.802096613910656
635.631,19.018233749671893
635.962,19.052966360535486
636.292,19.068326939242723
636.623,18.84118017738153
636.953,18.933916503888153
637.284,18.894743007367122
637.614,19.32653967162408
637.944,18.873321034537316
638.275,19.145075866165374
638.605,19.3408664996912
638.935,19.428630113107268
639.265,19.07200287084992
639.595,19.124953846074153
639.925,19.425752962464674
640.255,19.250187624106847
640.585,19.48165863743818
640.915,19.42139060284088
641.245,19.345397822584562
641.575,20.04747696300154
641.904,19.425495188865725
642.234,19.487896771675008
642.564,19.401167050308597
642.893,19.438527373435377
643.223,19.482814394440343
643.552,19.1882582331009
643.882,19.864673351409156
644.211,19.30612335673233
644.54,19.607815812252465
644.869,19.779809437777555
645.199,19.423209545866634
645.528,19.819400722489206
645.857,19.892799029749582
646.186,19.90782617369595
646.515,19.71605197684701
646.844,20.059021123446886
647.173,19.592526065707304
647.502,19.941789259680643
647.83,20.131438766350104
648.159,19.915997150510407
648.488,19.901654215658382
648.817,20.152995597079386
649.145,20.266292620493452
649.474,19.9448945218055
649.802,20.35243890260111
650.131,19.855082247766024
650.459,20.08945610487051
650.787,19.78820607248949
651.116,20.03707939524031
651.444,20.14625523154912
651.772,19.95744861856042
652.1,19.94440055695815
652.428,20.338128101961374
652.756,20.224405094030335
653.084,19.915780413383153
653.412,20.18516480383457
653.74,20.10683495180046
654.068,20.053124740216234
654.396,20.29336238577605
654.724,20.367516015102577
655.051,20.20721612467442
655.379,20.073472756818816
655.707,20.80514217403558
656.034,20.151674794337747
656.362,20.837172045984953
656.689,20.386409275587514
657.016,20.098158846345903
657.344,20.293549455425083
657.671,21.26606369749018
657.998,20.63840517442226
658.325,20.69758933647928
658.653,20.688397170609434
658.98,20.919532210461924
659.307,20.76569172695595
659.634,20.738157562199802
659.961,20.378003082574352
660.287,20.720693229693904
660.614,20.65733139919669
660.941,20.622052591332444
661.268,20.933108997770304
661.595,20.748338611935697
661.921,20.481502399530022
662.248,21.003870740641606
662.574,21.016364982826797
662.901,20.96254817468828
663.227,20.38300867084475
663.553,20.732735872729457
663.88,20.858152710420562
664.206,20.78041376262683
664.532,20.746181684158923
664.858,20.785885450922578
665.185,20.682007780178658
665.511,20.852382037212845
665.837,20.78662261716127
666.163,21.182912076034665
666.489,20.780029296025617
666.814,21.071210771100578
667.14,20.772833892104675
667.466,21.2784516088637
667.792,20.879457361978037
668.117,20.729608577876363
668.443,21.281968579566957
668.769,20.71028941470861
669.094,21.298361915724932
669.419,21.25571646123234
669.745,21.207128269000442
670.07,21.226170820487
670.396,21.11679462016359
670.721,20.80805395439878
671.046,20.890053154744958
671.371,21.5614033559986
671.696,21.115136282008443
672.021,21.3298129350134
672.346,21.23395461802877
672.671,21.21105675662817
672.996,21.29358818084583
673.321,21.577995845363265
673.646,21.196633915472955
673.97,21.403077015493672
674.295,21.670935802659578
674.62,21.498092222297934
674.944,21.173417883005907
675.269,21.33830486147771
675.593,21.179177670911596
675.918,21.417911923587337
676.242,21.559034679691347
676.567,21.586395345169013
676.891,21.797664165118114
677.215,21.867005676493356
677.539,21.474359552354315
677.863,21.406951346706872
678.187,21.494525131452416
678.511,21.559828503565495
678.835,21.477253979481194
679.159,21.767972885373847
679.483,21.718416374721397
679.807,21.30745484691321
680.131,21.451751442396287
680.455,21.554161286051407
680.778,21.407034654373422
681.102,21.85418355399683
681.425,21.552132962379368
681.749,22.293982475509573
682.072,22.062358941533056
682.396,21.924560504232886
682.719,21.936318417054345
683.042,22.021470619120198
683.366,22.2814900708251
683.689,21.885802682877284
684.012,21.779873738689083
684.335,21.754516654323005
684.658,21.735533024853265
684.981,21.423788566022434
685.304,21.570092535173803
685.627,21.69973724058209
685.95,22.230122722229186
686.273,22.130348251003312
686.595,22.102148550279257
686.918,21.957309430565616
687.241,22.328768906258347
687.563,21.889821942443373
687.886,22.099822126392226
688.208,21.62557242160107
688.531,22.12018662695201
688.853,21.797926312278676
689.175,22.394776163608373
689.498,22.103699766959092
689.82,22.038778560671847
690.142,22.38745642604257
690.464,22.12207687265239
690.786,21.793661628820928
691.108,21.852105312966344
691.43,22.51307391707826
691.752,22.101043475286872
692.074,22.258728532268442
692.396,22.297013415330003
692.718,22.042597319184736
693.039,22.308686390190605
693.361,22.562794815794746
693.683,22.42350629963687
694.004,22.403975862980147
694.326,22.476301266285994
694.647,22.714793633242824
694.969,22.74227301635085
695.29,22.214239101975483
695.611,21.91777239073958
695.932,22.746181123661152
696.254,22.67556294602711
696.575,22.24141051748649
696.896,22.39154173242022
697.217,23.284017173157896
697.538,22.226642910548616
697.859,22.789274798697694
698.18,22.001508451899305
698.501,22.903210107953278
698.821,23.09848066798895
699.142,22.353932098555777
699.463,22.422413557373115
699.783,21.974317051719243
700.104,22.758919925025108
700.424,22.804492728788613
700.745,23.243222937438645
701.065,22.7188673131804
701.386,22.48428274653777
701.706,23.798528349115454
702.026,22.41168739241875
702.347,23.046572517976237
702.667,22.40060999197322
702.987,22.698022941112193
703.307,22.584617795726995
703.627,23.08684740000456
703.947,22.640548298313533
704.267,22.708318230878856
704.587,22.807902623516032
704.906,22.32103792675478
705.226,22.911200054612703
705.546,22.62704285219249
705.865,22.966215683998538
706.185,22.4339318665168
706.505,23.00177146831933
706.824,22.503254394101326
707.143,22.83422861581304
707.463,22.48207362460173
707.782,22.853887803469863
708.101,22.733163134299197
708.421,22.637908901624332
708.74,22.770382239014122
709.059,22.465735151561177
709.378,23.03979681033957
709.697,22.782606542932207
710.016,23.022952051345634
710.335,22.9287740351056
710.654,22.232601143300265
710.973,22.88666309627152
711.291,22.450998067541555
711.61,22.616665030505978
711.929,22.410699127656855
712.247,22.74592822285263
712.566,22.482859188655354
712.884,22.546618970415274
713.203,23.59187601264556
713.521,22.529751890958096
713.84,22.630934209016665
714.158,22.610528301292558
714.476,22.898001555384827
714.794,22.779640050772485
715.112,23.128850117784587
715.431,22.79108103065581
715.749,22.61009003722527
716.067,22.83177689132938
716.384,23.21159854253066
716.702,23.08792635372862
717.02,23.490302038457703
717.338,22.83890721774318
717.656,22.553895388008662
717.973,22.652554197154526
718.291,22.313325243522794
718.608,23.091046957931134
718.926,23.090163710930796
719.243,22.362412511751817
719.561,23.01736232324356
719.878,22.99234027644697
720.195,22.605078654108784
720.513,22.099299588469748
720.83,22.55537313651898
721.147,23.539656940165592
721.464,21.317924626539266
721.781,22.05713388175003
722.098,22.53091308708467
722.415,21.77332169847499
722.732,21.919675132638964
723.049,23.16158881871958
723.366,22.203437548085446
723.682,22.720587610090337
723.999,22.24191938230396
724.316,21.924676576140005
724.632,22.813135327314498
724.949,22.901328156915476
725.265,23.12031754712842
725.582,22.913977859128156
725.898,22.114109501119064
726.214,21.92581364329037
726.53,22.498983947929332
726.847,21.867201900267382
727.163,22.072268622830222
727.479,22.68038111044567
727.795,21.688639200578862
728.111,21.924522134987985
728.427,22.00920935393442
728.743,22.176435077137768
729.059,21.481539319876454
729.374,21.68464080436575
729.69,22.187506710810766
730.006,22.392572888600252
730.321,21.549947331625322
730.637,23.131562816882877
730.952,21.861625583187198
731.268,20.93951799925379
731.583,21.904615038139315
731.899,21.821792951103212
732.214,22.471493560922326
732.529,22.066284953486804
732.844,21.196746602168744
733.16,20.755298389579778
733.475,20.939878049914636
733.79,21.516605953025927
734.105,21.291418829223275
734.42,21.47944984705976
734.735,20.95643946707819
735.049,20.863279409105505
735.364,21.013632310675344
735.679,21.434550438336267
735.994,20.142997863504327
736.308,20.854313076976112
736.623,20.720922329304052
736.937,21.20266145139051
737.252,21.88831168029377
737.566,20.134970175752844
737.881,20.20140150283839
738.195,20.398973633977636
738.509,20.235190542222472
738.823,19.57446435704349
739.137,20.785688368364596
739.452,20.100279369698328
739.766,19.374586908773875
740.08,20.551616069487384
740.394,20.895269557164895
740.707,21.49519631043027
741.021,20.134094639383868
741.335,20.261197114359597
741.649,20.44424209871053
741.962,19.984604883431366
742.276,19.158471035937684
742.59,20.1557212876257
742.903,20.30442091254666
743.217,19.397954280931106
743.53,19.80744359505013
743.843,19.788781208340883
744.157,19.818712984370542
744.47,20.615326143976453
744.783,20.047045679428255
745.096,19.25892826898531
745.409,19.809927632613306
745.722,18.816664239867052
746.035,19.044790967912228
746.348,19.138649585348002
746.661,17.979055345856107
746.974,18.6578619525825
747.287,19.366611912666606
747.6,19.180751364463443
747.912,19.7258565020962
748.225,18.91150519755779
748.537,19.470432383542622
748.85,18.297434071173242
749.162,18.43134858846553
749.475,18.72213791682748
749.787,18.709512180354558
750.099,18.591360115840427
750.412,20.13774897274051
750.724,18.908527092015174
751.036,18.667121532184915
751.348,18.044224928836798
751.66,18.100295376858057
751.972,18.749189483119956
752.284,18.65053184609661
752.596,17.871691041944597
752.908,17.93705875441706
753.219,18.564648336581843
753.531,18.11120405504172
753.843,18.63177243104493
754.154,17.9395269817006
754.466,18.864107543126106
754.778,17.65278663860277
755.089,17.461601114535107
755.4,17.9349271930753
755.712,18.91667144463974
756.023,17.83715805796535
756.334,16.958163427427333
756.645,16.932946554597265
756.957,17.86060080226159
757.268,17.967179313842543
757.579,18.188139331338196
757.89,17.53522187694151
758.201,17.340212757217042
758.511,16.888610163185984
758.822,17.29586461800898
759.133,16.970428608646678
759.444,17.69576897940845
759.754,17.723722245886773
760.065,16.89213728060708
760.375,17.221474865860635
760.686,16.920492420201175
760.996,17.45805944241799
761.307,17.949703173508368
761.617,16.16115291727353
761.927,17.894097077939612
762.238,17.178958021798355
762.548,16.920886946826894
762.858,17.613845163479365
763.168,17.624299187836446
763.478,16.601706976506733
763.788,17.11901545035952
764.098,17.686542710572127
764.408,17.165633338186343
764.718,16.94395188717018
765.027,15.808793279021133
765.337,17.10708400729496
765.647,17.405339876650878
765.956,17.53937853965408
766.266,16.47699464076251
766.575,16.802538017838778
766.885,17.546550508229725
767.194,16.30909672634575
767.503,16.377269769271805
767.813,17.389250755261227
768.122,16.63996365558137
768.431,17.076282749371476
768.74,17.96541668805951
769.049,17.2247122929467
769.358,16.546683233863853
769.667,15.59762147667457
769.976,16.69426946277743
770.285,15.812374373016613
770.594,15.72830642004405
770.902,15.744834171179692
771.211,17.284051883748777
771.52,16.458481247993394
771.828,16.552058607418218
772.137,16.846497036049755
772.445,15.745017144630314
772.754,17.012771406221383
773.062,16.346564330251397
773.37,17.32880455442967
773.678,15.699933639749048
773.987,16.08229839841649
774.295,15.816575396636212
774.603,15.775939001794564
774.911,16.818013615635145
775.219,16.736205707354248
775.527,15.91645940044481
775.835,15.293965403208453
776.142,15.23161882699275
776.45,16.029368611181322
776.758,16.38878707574242
777.066,16.231409305674518
777.373,15.699892757792828
777.681,15.64535397300174
777.988,16.189510534708052
778.296,15.437882552310127
778.603,15.508978367716315
778.91,16.549362376869507
779.218,15.9568760450027
779.525,15.415975128288508
779.832,14.838618887463108
780.139,16.214622430910055
780.446,15.827076846423788
780.753,16.037943984423485
781.06,16.88643907233013
781.367,15.327924331217472
781.674,17.022245996497304
781.981,15.031152955492233
782.288,16.632153480121833
782.594,15.123250712873373
782.901,17.329905942109733
783.207,16.343350662237015
783.514,14.412295192036732
783.82,16.031680358715526
784.127,16.27939008701196
784.433,15.412513969115642
784.74,15.379633015630798
785.046,15.459123757943102
785.352,15.021448386048002
785.658,15.254117202070582
785.964,14.857435480479232
786.27,14.367254856635771
786.576,15.173704393143742
786.882,16.025508468152392
787.188,15.523779061292402
787.494,13.981323753066963
787.8,14.863688387993038
788.105,16.30264877865125
788.411,13.82371450390111
788.717,14.820738044640088
789.022,16.558262210719736
789.328,14.534167899539804
789.633,15.213210366873154
789.939,14.537031788163853
790.244,15.780864630828338
790.549,16.00324460579877
790.855,13.742978321409694
791.16,14.713739082927475
791.465,15.6772281864961
791.77,14.716132397444136
792.075,12.986454636180904
792.38,15.898297605181599
792.685,15.231731936435303
792.99,14.266896640871407
793.294,15.191895228038193
793.599,16.095128081286475
793.904,15.147671728737288
794.209,14.022552285870086
794.513,14.982804604797737
794.818,14.345156726581722
795.122,14.967631316332508
795.427,14.495517724409659
795.731,15.16528360250287
796.035,15.046355753215238
796.339,13.680995300484284
796.644,16.57809954171922
796.948,15.30125497945619
797.252,14.897317394619813
797.556,13.774955406538213
797.86,14.468251033379136
798.164,15.027891742468428
798.468,15.32234429756069
798.772,15.147428992573834
799.075,14.409067414259999
799.379,14.736596805440541
799.683,15.86707793797623
799.986,14.960106846860405
800.29,15.846310936200878
800.593,14.230937188863448
800.897,14.381476224390736
801.2,14.613341760227248
801.504,14.612011830374005
801.807,15.379633408153035
802.11,14.25963777200619
802.413,15.586098737612483
802.716,14.335140513740194
803.019,14.233030598283301
803.322,15.754250548605196
803.625,13.131257807531476
803.928,15.795554050213319
804.231,14.010120374853761
804.534,15.226552958844845
804.837,14.812997319016967
805.139,16.215904270725467
805.442,13.904616950636346
805.745,13.31655191186463
806.047,15.277630626427891
806.35,14.651815295296158
806.652,15.412706209324021
806.954,14.39480295319463
807.257,11.968913509987196
807.559,14.003898298399863
807.861,14.63954266057983
808.163,13.502534038880054
808.465,13.045729291540841
808.767,16.027992805905438
809.069,14.794524585838483
809.371,16.526071846628977
809.673,13.392426899351152
809.975,14.901357290702895
810.277,12.918759640453937
810.578,14.111714067260674
810.88,15.098153861378158
811.182,14.115797147703816
811.483,13.331172457957239
811.785,14.857333972817642
812.086,13.181731963984365
812.387,14.211509929030893
812.689,11.903870689990429
812.99,14.64934444459133
813.291,14.54363542934234
813.592,13.758505340156937
813.893,13.901643573438838
814.195,13.234602018246335
814.496,12.28965010826525
814.796,16.74895350882044
815.097,13.79838737445504
815.398,14.746958514373508
815.699,13.771175078349275
816,13.556133772474015
816.3,14.009759161509438
816.601,16.699956790380607
816.901,14.941389872863605
817.202,15.345197273794335
817.502,14.592663286133135
817.803,12.937721423571004
818.103,13.37434151114623
818.403,12.099277720867223
818.704,14.179056973473687
819.004,15.809703086227431
819.304,13.084293066866369
819.604,13.581628011769634
819.904,13.211468439410195
820.204,12.868328309091071
820.504,15.889584010217053
820.804,13.229089929306344
821.104,13.031732997493505
821.403,13.724530310098368
821.703,10.15852495739331
822.003,11.430333059450147
822.302,13.153302861248791
822.602,11.289790230760916
822.901,17.402114757905803
823.201,14.568086681452444
823.5,15.733751124518378
823.799,14.670087494767108
824.098,13.045006051794537
824.398,16.816183623636093
824.697,14.492089878024787
824.996,15.611476351812811
825.295,17.07154487792836
825.594,14.693060248553431
825.893,14.794158936986989
826.192,14.809284096654054
826.49,11.887515804804504
826.789,15.202684344629851
827.088,14.135700721730203
827.386,9.98537856225349
827.685,11.805643055721745
827.983,14.396037430471722
828.282,16.725344426083193
828.58,16.422648972597088
828.879,18.030371035329956
829.177,15.571810773737347
829.475,12.707260589548023
829.773,13.301187111009563
830.072,13.6271224915679
830.37,10.134341408864334
830.668,11.334923316124794
830.966,12.942698069850657
831.264,12.795723723913053
831.562,11.243829730057923
831.859,15.920151938645986
832.157,14.75296902844079
832.455,11.39788547685051
832.752,18.7665454420346
833.05,11.904717588011655
833.348,15.86154642393924
833.645,15.59160978945443
833.942,14.378880415600968
834.24,12.260543869949869
834.537,14.889119881803547
834.834,12.235180682628826
835.132,13.377134718613666
835.429,18.248612545454268
835.726,14.412231098545506
836.023,12.183150180917222
836.32,13.787647012805586
836.617,12.232836376033331
836.914,15.560960849644085
837.21,11.171735062213203
837.507,15.05605041894117
837.804,17.61638082561298
838.101,13.119402533646173
838.397,13.570840361861439
838.694,12.475394693183311
838.99,12.195785419770077
839.287,13.819614884897305
839.583,14.632573580069886
839.879,14.460729234031882
840.176,11.352876975745332
840.472,14.720048505120252
840.768,13.354427874755604
841.064,13.834679572571874
841.36,14.908214399624628
841.656,14.587193980004256
841.952,13.871517535307206
842.248,14.618877668547547
842.544,13.536207553939425
842.839,16.332325234817517
843.135,9.341111495456197
843.431,14.74370833528577
843.726,14.09526218911432
844.022,13.827532861774957
844.317,16.606081674203956
844.613,14.330587690956285
844.908,16.528699493712434
845.204,13.799874569331054
845.499,12.787714855096803
845.794,13.594839987104011
846.089,13.260861537432412
846.384,12.619297796163579
846.679,12.115488157643881
846.974,12.792611428961894
847.269,15.713526220859691
847.564,15.133310015629945
847.859,15.676771699271075
848.154,12.303496024947512
848.448,14.992637434313867
848.743,12.413189728939344
849.038,15.608398778157378
849.332,11.295694460465874
849.627,12.966100437241698
849.921,15.53264898654221
850.215,15.942684883749166
850.51,13.416617787368597
850.804,10.744272695697072
851.098,11.973295899069438
851.392,13.381596081578948
851.686,12.343537452073129
851.981,12.161485915057161
852.275,14.685901522115353
852.568,11.680197674006834
852.862,13.224399564508062
853.156,14.648624611189362
853.45,13.90387478016677
853.744,9.798178007948056
854.037,13.824943458916179
854.331,14.898598023296643
854.624,12.340011436443886
854.918,12.043425968258322
855.211,12.189424674816774
855.505,13.323730616962866
855.798,13.793153954974487
856.091,15.339106806394188
856.384,12.360309694017388
856.678,13.093856554678666
856.971,12.176099510034343
857.264,10.975581364773776
857.557,16.831286155721624
857.85,14.701736854084714
858.143,11.409290340062704
858.435,11.75564196124392
858.728,11.175069725563457
859.021,12.823154996721094
859.313,11.974032931593364
859.606,12.500039274126344
859.899,14.38875642551061
860.191,11.247599244042075
860.483,10.87372894258769
860.776,15.793514314946703
861.068,11.971729166789595
861.36,13.519617600033827
861.653,11.026259765827046
861.945,13.43436545821145
862.237,11.769599635528152
862.529,11.542961735192913
862.821,13.104423930561287
863.113,11.685838930784048
863.405,9.576169516810857
863.696,12.832121650176305
863.988,11.51316088660813
864.28,13.558193418808633
864.572,11.06045257975072
864.863,16.708920586241486
865.155,12.979260486357767
865.446,12.60982728015617
865.738,11.58420944029767
866.029,15.782728586337543
866.32,14.256861906459802
866.611,18.6283105762558
866.903,11.902910368619493
867.194,17.188019118654935
867.485,17.730074774646194
867.776,14.391465223528336
868.067,11.221583174378445
868.358,11.883618617801108
868.649,13.990034276374946
868.939,14.416952047890097
869.23,9.729317250354798
869.521,10.324090377047733
869.811,14.845505672347464
870.102,9.128013305467306
870.393,12.237623030535085
870.683,14.463398700493125
870.973,14.880551830118955
871.264,15.124406070252519
871.554,16.036688607542764
871.844,15.964154683173973
872.135,16.33486379790803
872.425,14.779585993192985
872.715,5.392520280580753
873.005,19.709300234713734
873.295,15.167557418853516
873.585,14.744317645997771
873.874,11.203370091424082
874.164,20.257538476503818
874.454,15.99545906814058
874.744,14.060180979170923
875.033,11.223346585790248
875.323,17.37234860733464
875.612,15.069699516170685
875.902,13.299877514756547
876.191,14.754551569471685
876.48,13.862620475596414
876.77,12.90832384018134
877.059,17.641744866589605
877.348,6.0274632128092644
877.637,12.849284548058195
877.926,11.98800543090454
878.215,14.242478523749384
878.504,10.575351295887396
878.793,8.461245933964472
879.082,12.122518819758497
879.371,12.756463547293512
879.659,15.899284870166682
879.948,15.158930968576032
880.237,13.538103908653104
880.525,5.69936333054689
880.814,17.70128676776291
881.102,7.128912560852907
881.391,12.727939072198293
881.679,-7.286328535720924
881.967,18.464129274530155
882.255,16.501270787967897
882.544,4.151405406087327
882.832,8.876769935690008
883.12,11.262915867759038
883.408,24.382620982058985
883.696,15.692894758312933
883.983,9.782574757136931
884.271,12.729466660093905
