153.834,0.0
154.224,0.5970263935468884
154.614,-23.94537166700182
155.005,5.954008910720114
155.395,5.536531571953545
155.785,-1.9675422854262974
156.176,-8.70715068979154
156.566,0.0
156.956,2.788390701888442
157.346,0.0
157.736,0.484550065040282
158.126,-0.17600919889909178
158.516,0.6206402995276267
158.906,4.051167281573738
159.296,-3.032249940963238
159.686,-3.744327744488066
160.075,3.1680815455061375
160.465,0.4791857713037596
160.855,2.655388756390806
161.245,4.936766375964629
161.634,-6.901538900305057
162.024,1.2452871569544204
162.414,0.0
162.803,1.2936254195125094
163.193,7.318837183703526
163.582,0.8319995315057642
163.971,0.0
164.361,3.828929707204525
164.75,10.89263108683529
165.139,-2.7867514221455614
165.529,-1.6537838752047
165.918,-2.0190098186827616
166.307,0.0
166.696,-3.079563598782385
167.085,10.544282101955616
167.474,-8.20447846029851
167.863,6.798510801729433
168.252,-3.816991611385963
168.641,6.707605883733388
169.03,0.0
169.419,-0.44803566935213546
169.808,1.7227783550914249
170.197,4.869893335797352
170.585,1.0834432476901197
170.974,8.328137506240965
171.363,11.115999991703845
171.751,16.87113130885702
172.14,1.8824791979589364
172.529,4.455815374245675
172.917,-3.4602334891601148
173.306,0.5231064205391738
173.694,1.1091830221609214
174.082,0.0
174.471,-6.844855435952468
174.859,0.0
175.247,1.5746593857062543
175.635,0.5235515417853577
176.024,-23.481230067831614
176.412,10.61022164642783
176.8,-2.034865719613828
177.188,-2.3443922736851106
177.576,-4.699403370411504
177.964,0.0
178.352,0.0
178.74,3.485055118467692
179.128,0.4099955523413551
179.515,8.515692657711273
179.903,-0.6141884058736369
180.291,-5.821943396040932
180.679,-3.9501317207613225
181.066,-19.87160438381175
181.454,0.0
181.842,0.0
182.229,6.410525235309669
182.617,8.076373211031502
183.004,-0.7634358694502639
183.391,1.5461586577050566
183.779,2.962355871668213
184.166,2.111756757895913
184.554,-4.136371723492323
184.941,9.99399279804696
185.328,-0.9438122767590281
185.715,9.577296972862184
186.102,-4.597692995477479
186.489,-15.382726129709976
186.876,0.0
187.263,0.40351057733418005
187.65,-15.454996280333136
188.037,2.622301768102525
188.424,-2.2211127706483738
188.811,22.732758231099634
189.198,12.15823738545467
189.585,18.53592940299865
189.971,11.092453539046453
190.358,8.855555116220303
190.745,18.72585652318073
191.131,15.525558688349337
191.518,23.964294126866736
191.905,14.749907295471528
192.291,15.136184025130074
192.677,20.42943981043087
193.064,15.588233465901654
193.45,12.677385642126778
193.837,19.87238788758428
194.223,16.934956877115827
194.609,23.230843589728547
194.995,11.724370307916692
195.381,14.627354991000642
195.768,17.822594173276613
196.154,18.190979311057024
196.54,6.726995342397628
196.926,9.930850330211458
197.312,18.182759790863
197.698,13.427875185477886
198.084,11.380720331592142
198.469,11.500264473709645
198.855,18.83958018391907
199.241,14.01930776437372
199.627,11.139216675822139
200.012,11.303767832273751
200.398,24.327326907078962
200.784,16.894982112920772
201.169,16.23746118868741
201.555,15.338974193688912
201.94,14.679274747578468
202.326,12.004609185550168
202.711,22.624183349462463
203.096,10.411101927296599
203.482,18.541957544983667
203.867,11.598627474884175
204.252,11.89158587479756
204.637,10.675539591503858
205.023,15.03908631667675
205.408,14.845157005192377
205.793,10.439788029168795
206.178,16.139580332366506
206.563,6.079093745480568
206.948,19.769423981955487
207.333,12.133950237843331
207.718,15.869450778077619
208.102,9.348273602802408
208.487,11.912488651319999
208.872,14.537979898594184
209.257,13.991671060955424
209.641,15.876028731360403
210.026,13.133544569637182
210.41,11.568250020046811
210.795,10.819976266421746
211.18,13.791129038546899
211.564,10.713098845617349
211.948,12.84014458887694
212.333,14.85248901584017
212.717,13.014347175425993
213.101,13.381504389280883
213.486,14.339155407288372
213.87,16.82461179844079
214.254,6.6903674026640365
214.638,12.713309904261273
215.022,18.008534679556263
215.406,13.206089132920448
215.79,10.349406710310472
216.174,18.091501346308135
216.558,10.318338539627977
216.942,12.443004057573415
217.326,12.057433726488847
217.71,12.372875613932143
218.094,19.48371324094285
218.477,9.899699745416765
218.861,11.200187695682553
219.245,11.202617685129594
219.628,18.738865625580914
220.012,17.158490492188633
220.395,13.150782973082855
220.779,14.792356995315643
221.162,12.719341233303126
221.546,10.537825620873903
221.929,10.138153102292385
222.312,14.351362127297802
222.696,10.623334519316398
223.079,12.893577315776714
223.462,13.481503306561885
223.845,10.56551327587991
224.228,14.266413276648825
224.611,7.675017264736277
224.994,14.364514722241333
225.377,12.714139475065823
225.76,19.64547484582508
226.143,15.405694454667717
226.526,13.239313340932421
226.909,14.493972477100995
227.292,22.80064295163355
227.675,17.028638208191367
228.057,9.922831048272334
228.44,12.640501561026742
228.822,14.619467161727032
229.205,7.980182743875352
229.588,16.205548205612462
229.97,1.9845694780745393
230.353,17.275881476964535
230.735,18.87304988591334
231.117,8.829295355289386
231.5,8.815490362327076
231.882,13.552307823750638
232.264,11.126978365624266
232.646,16.180327409209482
233.029,19.348921935007432
233.411,6.705592077045855
233.793,11.577469114748421
234.175,11.04280003889153
234.557,10.130369171345507
234.939,14.28159143472591
235.321,14.404565047865022
235.703,16.900825482156115
236.084,12.325608298865598
236.466,13.059121028457282
236.848,9.622767395724585
237.23,17.135929869674943
237.611,8.704043761031592
237.993,10.661681185367435
238.375,20.32411639105038
238.756,21.467716919256635
239.138,12.291470339394687
239.519,11.183558157409003
239.901,21.303128731298422
240.282,6.081527222686733
240.663,17.934582819107167
241.045,21.152808037248064
241.426,19.773732433434123
241.807,10.616644957498329
242.188,19.151199595654226
242.569,12.509473467944598
242.95,19.86034281118716
243.332,8.608949032172859
243.713,14.690788600782033
244.093,16.969511001237727
244.474,12.29798586752448
244.855,5.42737168128409
245.236,17.489574872350374
245.617,24.64126249215544
245.998,12.418925428931932
246.378,13.258663462618253
246.759,16.11991413766355
247.14,16.935726856448415
247.52,12.539085253036697
247.901,12.100601048796152
248.281,17.442372279105424
248.662,15.3665340282692
249.042,11.567959458060137
249.423,19.43782149895269
249.803,11.018677737733402
250.183,16.666719699735506
250.564,9.935129967202345
250.944,15.777377154934777
251.324,17.19402937857423
251.704,13.037242233297231
252.084,11.457541616705573
252.464,18.20855100845989
252.844,20.294389905140065
253.224,14.843889581276317
253.604,21.434369353769334
253.984,25.374401918000558
254.364,11.117976811695737
254.744,21.48338893782506
255.124,17.887648339205008
255.503,21.521599951976665
255.883,15.747106530638893
256.263,20.37300847045073
256.642,15.62397967707031
257.022,11.955061823593038
257.401,10.077365471947429
257.781,3.9019645488780403
258.16,14.85236626693484
258.539,16.111751211120875
258.919,9.161177740903845
259.298,13.015240954106332
259.677,15.04281084476534
260.057,12.453544044033078
260.436,21.764950938797462
260.815,13.3725584726122
261.194,14.247385055218924
261.573,25.04418540354968
261.952,12.907159931550309
262.331,16.36913846854955
262.71,8.768303577304383
263.089,18.31569395322493
263.468,15.880106319439927
263.847,13.67594279941172
264.225,11.126385699801284
264.604,10.309776792075075
264.983,5.973181321860684
265.361,16.944053244792855
265.74,10.575436578826995
266.118,14.851420455369544
266.497,19.83623618784337
266.875,13.49732252636092
267.254,10.680609521304067
267.632,13.243330857253902
268.011,7.837230937081818
268.389,18.865330602042835
268.767,11.213769951793388
269.145,12.557102732314492
269.524,16.17547308526968
269.902,11.868057453501475
270.28,8.132214324753217
270.658,12.794739145597477
271.036,17.890656578837913
271.414,17.32343947054454
271.792,14.791896122594991
272.17,20.779856638940522
272.547,18.765231112626616
272.925,16.42790473548093
273.303,7.94797045395226
273.681,11.585523180566682
274.058,13.909859981213636
274.436,20.848382076775522
274.814,17.172266840869963
275.191,8.035197782156455
275.569,14.572272175482682
275.946,12.081315994829826
276.323,18.935205149817662
276.701,14.267686630827125
277.078,7.111557726867641
277.455,6.651375785679202
277.833,13.29277683999914
278.21,20.346678064725708
278.587,15.315375817210239
278.964,8.70621830406046
279.341,7.804405317868946
279.718,12.287287785491786
280.095,10.889274491534623
280.472,14.123077859690815
280.849,17.25767067113782
281.226,20.48538324169993
281.603,11.825215638478555
281.98,10.968669156654428
282.356,9.288967540395264
282.733,12.785770994919728
283.11,11.573328322611442
283.486,25.2742705978563
283.863,10.490792857990089
284.239,18.899629852724836
284.616,7.061878326344888
284.992,9.188704166894889
285.369,14.359484361701202
285.745,10.74009325734717
286.121,14.095599590054157
286.498,18.56795268130013
286.874,10.001126782246956
287.25,14.34192216910367
287.626,2.4850320633339296
288.002,20.86009329094674
288.379,26.29113633521784
288.755,15.542761603595796
289.131,15.79896421018029
289.506,11.834571866595907
289.882,16.258068563868136
290.258,13.299620230914037
290.634,11.783540542112481
291.01,12.499123767422097
291.385,14.404150630814025
291.761,19.93899390068752
292.137,13.533186809971337
292.512,11.222389996184948
292.888,21.301326830489298
293.263,18.99955567083168
293.639,11.37780762087638
294.014,15.751573029310427
294.39,8.684201918019857
294.765,12.912267771540852
295.14,16.077208898892195
295.516,13.532426978004388
295.891,11.386645920261792
296.266,9.79864293081156
296.641,14.363930503587092
297.016,18.181715953442115
297.391,11.821299141511005
297.766,27.292845131476874
298.141,16.54039021689987
298.516,9.913687860169025
298.891,10.537127171041465
299.266,18.455931221176552
299.641,7.593448467392968
300.015,15.731101159156228
300.39,12.829164690653535
300.765,14.924113474319473
301.139,10.056756910059484
301.514,17.493870811133807
301.889,14.87521139601524
302.263,17.283697129236195
302.637,11.172422760183595
303.012,10.652610840263879
303.386,12.322229442543804
303.761,12.860166890314407
304.135,11.207995186344531
304.509,11.323406060082368
304.883,20.412102216327437
305.257,12.432805650894883
305.632,15.280482377776982
306.006,14.139866808661614
306.38,16.319935037858013
306.754,15.041976706420893
307.128,13.13888393146392
307.501,16.715379676280048
307.875,8.924927311413555
308.249,16.55284931237979
308.623,12.485564690441992
308.997,12.102969757899555
309.37,10.886573723859374
309.744,9.101069526281307
310.117,13.387808387850498
310.491,10.965700600664924
310.865,14.54589989400668
311.238,7.939160554836199
311.611,10.635821422520293
311.985,15.727580800160723
312.358,15.329262577125233
312.731,14.936472102184249
313.105,15.771140591128347
313.478,12.028437259970303
313.851,20.862644760441146
314.224,12.05065010676247
314.597,20.338382348016776
314.97,20.30196223293913
315.343,13.75284546890728
315.716,18.872965448407058
316.089,9.428646795219125
316.462,17.30352890751576
316.835,15.785796281681678
317.208,11.941319536809013
317.58,17.137118187979933
317.953,17.789955220674752
318.326,13.12158390210536
318.698,21.39733387113225
319.071,19.219556089855132
319.443,17.330797812393545
319.816,6.117465853700201
320.188,12.718632122119448
320.561,10.867155928266174
320.933,9.897106371479735
321.305,15.726067044063628
321.678,21.842538272982615
322.05,11.448885009834408
322.422,17.924845720899118
322.794,14.77084952377267
323.166,12.145083759442443
323.538,14.20935547645886
323.91,12.285516556018608
324.282,7.427830355366018
324.654,12.795254038008313
325.026,17.926902931235315
325.398,2.8804306642107997
325.77,4.401271180480055
326.141,18.73752418452194
326.513,12.734494731826905
326.885,13.69367840450428
327.256,24.049256561765127
327.628,21.154757400451246
327.999,19.894063344721264
328.371,16.698691090317837
328.742,22.464153305447706
329.114,9.233327038479677
329.485,21.03544752950682
329.856,7.129220675596666
330.228,18.097823175548594
330.599,11.90791181735952
330.97,13.3268529855198
331.341,17.954466509896974
331.712,17.370312652442998
332.083,14.6260574672049
332.454,26.81448030464066
332.825,15.080558689305475
333.196,26.387819633151416
333.567,13.516163453045856
333.938,13.705375708922963
334.309,15.217658824382784
334.679,14.333113214846573
335.05,9.521465866260888
335.421,19.212762243786866
335.791,16.860267614136273
336.162,10.128628837642047
336.533,12.058915656492363
336.903,12.203060401959283
337.273,13.62276461317943
337.644,14.702849296552563
338.014,17.445651899183243
338.385,19.82905284563486
338.755,21.756593305516382
339.125,8.913657630954075
339.495,15.070258083627607
339.865,10.909830450681497
340.235,14.90918356637649
340.606,24.45710689770976
340.976,10.399262814139652
341.345,13.204541472170034
341.715,13.318454536417155
342.085,15.868725534697825
342.455,13.976563443338314
342.825,11.723886528643574
343.195,12.249632327454433
343.564,20.48705384232961
343.934,14.462833751692079
344.304,17.797602042884073
344.673,14.699480956130476
345.043,17.09968926625858
345.412,12.016908722803205
345.782,9.96804145186577
346.151,10.187766400097324
346.52,15.184927934678196
346.89,14.116792000506154
347.259,15.19489578131304
347.628,14.363231986529353
347.997,18.119572494525023
348.367,12.765923937905251
348.736,23.145187833200563
349.105,18.646275298094398
349.474,14.410549726129382
349.843,18.71105833412706
350.212,5.849109649457121
350.58,13.008975481325592
350.949,17.275075172678807
351.318,13.883139447593743
351.687,12.497992288899793
352.056,14.045174200745791
352.424,11.075629199719497
352.793,15.773570229570414
353.161,14.682883716369606
353.53,21.14904460330027
353.898,19.5754364877363
354.267,14.34587837545927
354.635,1.6215228353237559
355.004,16.351031593104615
355.372,13.044656485065483
355.74,14.2515467846353
356.108,9.39051799844534
356.477,13.543853533587285
356.845,18.86160437648801
357.213,19.907049623274432
357.581,16.78919108713381
357.949,18.75257972623402
358.317,12.790466875459728
358.685,21.88521592235344
359.053,16.186550590535006
359.42,7.663358656274351
359.788,16.58929578143908
360.156,14.423961402891178
360.524,13.95705565322475
360.891,13.432672500264529
361.259,8.677673235117807
361.626,17.113246772000604
361.994,12.497542909790313
362.361,22.024816925705323
362.729,9.43546152994761
363.096,7.84023248796243
363.464,10.46349852284613
363.831,11.256095493079094
364.198,11.139156540889255
364.565,15.470860873275708
364.932,11.286110788470108
365.3,19.304340856902986
365.667,13.61201789199852
366.034,14.250457255827655
366.401,9.315212162114898
366.768,18.084638897824103
367.134,11.718252901919582
367.501,19.480415493458125
367.868,4.137020112988834
368.235,10.156143670157483
368.602,16.606694117164178
368.968,17.760775565920568
369.335,19.95902150538477
369.702,14.959783609285855
370.068,19.51605726694235
370.435,13.17629177723809
370.801,16.360637663980388
371.167,15.762882060803086
371.534,13.222162470428644
371.9,17.802493759205568
372.266,12.543057298655611
372.633,15.718612125455575
372.999,18.29122028058167
373.365,14.361801551727716
373.731,16.909669745612952
374.097,16.8566407182047
374.463,13.248533196658329
374.829,15.304511717362475
375.195,13.05320584973481
375.561,17.985383169096735
375.927,13.833179104257006
376.293,14.382807333329357
376.658,11.357964407934805
377.024,14.381053975933025
377.39,16.012020497704217
377.755,16.735818230289432
378.121,16.163881864528467
378.487,16.161242863403036
378.852,11.34820117725034
379.217,20.690524023014934
379.583,11.021227154260192
379.948,13.634977656270149
380.314,12.424992710001778
380.679,17.468785790776288
381.044,11.855810846262436
381.409,11.232789341011424
381.774,17.545635370805847
382.139,18.078410822915785
382.504,15.769858895268985
382.869,16.848847785406118
383.234,17.709210307128192
383.599,16.61500260473483
383.964,10.43670404323825
384.329,13.598947561269807
384.694,10.993269795575628
385.058,18.63902361681437
385.423,8.965560282371195
385.788,16.42124809206466
386.152,14.922618175531621
386.517,14.503403410902843
386.881,13.152394730122195
387.246,14.939003911022409
387.61,18.588185863019916
387.975,8.686407120625
388.339,14.967867374456826
388.703,14.447034061667962
389.068,12.556335429091508
389.432,21.38380239653005
389.796,11.972718066322358
390.16,15.442979653371607
390.524,9.820230864756526
390.888,11.29362370833449
391.252,15.24798638754823
391.616,17.356597851824265
391.98,17.20898289172489
392.344,12.952870547906578
392.708,18.435983311846687
393.071,17.93382102800026
393.435,11.498430188255986
393.799,15.309212924867156
394.162,17.036002555770924
394.526,13.797600610055522
394.889,17.368059928196388
395.253,16.979159561999417
395.616,17.942264646677994
395.98,24.172071600195274
396.343,21.717231441318553
396.706,13.950850934003325
397.07,14.14004168523299
397.433,15.029067599099246
397.796,17.169021779845263
398.159,17.973266255563292
398.522,15.67771470041976
398.885,19.19848365551138
399.248,21.606594298217075
399.611,14.307098036520985
399.974,17.295104232041435
400.337,17.98567849672916
400.7,18.41267011835832
401.063,15.624020066500133
401.425,17.115837612935724
401.788,20.05503730536299
402.151,13.695773419395397
402.513,15.633927396510762
402.876,17.902327735927607
403.238,14.08434982730454
403.601,12.751566414683676
403.963,16.83794592585381
404.325,17.193587684682164
404.688,19.56991405670672
405.05,15.070035024977496
405.412,18.85001983146581
405.774,15.865459460712188
406.137,13.387350813645808
406.499,15.794124666387416
406.861,11.906967152585192
407.223,15.305781245628372
407.585,14.371036547915528
407.947,17.263332812696657
408.308,18.01471519121189
408.67,19.078126246333397
409.032,16.976866734935218
409.394,21.503595119385004
409.756,17.984052542669918
410.117,18.20163297116771
410.479,19.576988591024577
410.84,17.92065307667644
411.202,13.082057445573893
411.563,17.020329966082826
411.925,17.35246615747065
412.286,19.73763805221709
412.647,15.385734506260272
413.009,21.95337859952192
413.37,19.59427475042889
413.731,19.189628687511263
414.092,18.188077319655648
414.453,23.5476021187031
414.814,22.558655529992283
415.175,21.75451627397331
415.536,24.632385537127387
415.897,24.636018757869312
416.258,25.679030086528634
416.619,24.243801434982345
416.98,24.766053426663166
417.341,23.14699452115013
417.701,24.48522877497953
418.062,25.083286186180473
418.423,26.911007876097297
418.783,26.99557749860325
419.144,26.73588043344283
419.504,27.01578213802541
419.865,26.4057431998685
420.225,26.718269655633396
420.585,26.034160277612234
420.946,25.23479408937237
421.306,25.2382639607915
421.666,26.519543399690154
422.026,26.283042006258295
422.386,25.746295717737738
422.746,26.147165249288975
423.106,26.10041374932896
423.466,26.88687937101284
423.826,26.434864677006175
424.186,26.834834505318806
424.546,25.95468379157412
424.906,26.620484101568543
425.266,25.344552462403566
425.625,25.4233985336876
425.985,25.987357244120304
426.345,25.061457751265905
426.704,25.073372958571166
427.064,24.32031686129859
427.423,24.478381257544736
427.783,24.191463801453548
428.142,24.833887576713884
428.501,23.909084510780875
428.861,23.637025071009784
429.22,24.149726633562906
429.579,23.357318510093656
429.938,23.35096184188675
430.297,23.215901315782414
430.656,23.10436366267752
431.015,22.27784206150364
431.374,22.168097615688087
431.733,21.891573315512673
432.092,22.123897894336526
432.451,21.64779593914186
432.81,21.47012104810463
433.169,21.175779547472736
433.527,20.8664282281312
433.886,21.429899503888
434.244,21.039602109415355
434.603,20.784118598908144
434.962,20.32207363640512
435.32,20.183754170044885
435.678,19.98844675506269
436.037,19.989148995274025
436.395,19.492471633432267
436.753,19.53947522569985
437.112,19.547772248996946
437.47,19.392801526918277
437.828,19.54415408656525
438.186,19.4715834017269
438.544,19.08169269074948
438.902,18.72029373243359
439.26,18.915581566248747
439.618,18.973196468961408
439.976,18.880594447390614
440.334,18.639325279261943
440.692,18.27040182669043
441.049,18.48211874975124
441.407,18.550097283983987
441.765,17.915639614701345
442.122,18.022411285598732
442.48,17.859258150868275
442.837,18.111920178719206
443.195,17.62498293415625
443.552,17.722343228804924
443.91,17.596225023122106
444.267,17.3581621998766
444.624,17.210277561415413
444.982,17.191112654910622
445.339,17.30070210853213
445.696,17.40248173584191
446.053,17.164897950952312
446.41,16.780465955719222
446.767,16.469798839583696
447.124,16.71312673516837
447.481,16.44566687251253
447.838,16.517321610277882
448.195,16.261200020932858
448.552,16.210291974409994
448.908,16.667902217047438
449.265,16.338969457546042
449.622,16.47527936532869
449.978,16.443560987781606
450.335,16.197822052842312
450.691,16.26027581192065
451.048,16.318851802353265
451.404,15.943301606447614
451.761,16.122845642266434
452.117,15.884287357474498
452.473,15.888383289366217
452.829,15.506091144598283
453.186,16.04175771308235
453.542,15.55733597483167
453.898,15.859658660900848
454.254,15.860784592811408
454.61,15.515477093114166
454.966,15.560669432684728
455.322,15.647296943576917
455.678,16.045126378771396
456.033,15.415899386007519
456.389,15.135743835330755
456.745,15.488291665412705
457.101,15.508707660494453
457.456,15.676127127588078
457.812,15.30373442888895
458.167,15.490419331090393
458.523,15.549292424700464
458.878,15.500236175320959
459.234,15.21926087765057
459.589,15.191319160297601
459.944,15.392148157297006
460.3,15.692436423564205
460.655,15.167079434506357
461.01,15.181681849516659
461.365,15.23781700473922
461.72,15.07998014839103
462.075,15.178782162675919
462.43,15.047041729960114
462.785,15.18155164720146
463.14,15.095448585645427
463.495,15.352306616609592
463.85,15.10878511017016
464.205,14.898999992134666
464.559,15.006437321979304
464.914,14.922117287696713
465.269,14.797802172356748
465.623,14.77512774065923
465.978,14.913540088866956
466.332,15.103285797754461
466.687,14.978746342278317
467.041,14.571589286355948
467.395,14.98105027044043
467.75,14.95001593541305
468.104,14.717588891143212
468.458,14.58122646373819
468.812,14.632282541423821
469.166,14.348406721240858
469.52,14.776948961780985
469.874,14.720018732341723
470.228,14.762202741652947
470.582,14.66369205050155
470.936,14.652046200523088
471.29,14.753306073158065
471.644,14.967880007351189
471.998,14.654276640992059
472.351,14.81033487926489
472.705,14.805325742193654
473.058,14.55637068611364
473.412,14.502437694376935
473.766,14.692209819361352
474.119,14.503204841809273
474.472,14.65166846221108
474.826,14.617290564972246
475.179,14.806076404174755
475.532,14.686002337305656
475.886,14.638951173205783
476.239,15.07940737030315
476.592,14.548447295570046
476.945,14.509609792872219
477.298,14.507728518818144
477.651,14.45797093469786
478.004,14.466722256458286
478.357,14.302779527074577
478.71,14.126901098253251
479.063,14.206489971119588
479.415,14.463682333781412
479.768,14.802991231438842
480.121,14.195435191312056
480.473,14.295685000020203
480.826,14.635700595407995
481.179,14.414969648442272
481.531,14.196317068078738
481.883,14.295387683452185
482.236,14.422764852655973
482.588,14.58581976225021
482.94,14.843677266710568
483.293,14.038383520417852
483.645,13.877807421679538
483.997,14.362735149525804
484.349,14.483754443494632
484.701,14.583602414317367
485.053,14.373614785086387
485.405,14.202459617126415
485.757,14.243633398847939
486.109,13.994810101133567
486.461,14.369836921720385
486.813,14.435622165752335
487.164,14.49292562434876
487.516,14.1642981302181
487.868,14.029540657323881
488.219,14.248247348132814
488.571,14.319541333817398
488.922,14.536783509108124
489.274,14.329234589325027
489.625,14.20121133225982
489.977,13.996998825061981
490.328,13.863796244748105
490.679,14.207911333664851
491.03,14.013425746875866
491.382,14.175148171557549
491.733,14.200737803704966
492.084,13.87615966189147
492.435,13.638187865476196
492.786,14.017481069146072
493.137,13.988594533899304
493.488,13.880961661177341
493.839,13.614669187909342
494.189,13.728179647788462
494.54,13.796276048012745
494.891,14.260740265101816
495.242,13.623712093613829
495.592,13.898939085552067
495.943,13.731529477387774
496.293,13.887762695083646
496.644,14.209241495446848
496.994,13.799947853311659
497.345,13.888150525977553
497.695,13.414300792028468
498.045,13.994485436795975
498.395,13.562248519170371
498.746,13.99509821307903
499.096,13.800347773065816
499.446,13.609218599986844
499.796,13.527756853012432
500.146,13.52526228917387
500.496,13.407076466271226
500.846,13.636981356545652
501.196,13.694139380382985
501.545,13.529309769675619
501.895,13.72956541011318
502.245,13.902175417560198
502.595,13.812140311920457
502.944,13.719959655768196
503.294,13.585896490839795
503.643,13.635738164438589
503.993,13.578752961748833
504.342,13.750808120414744
504.692,13.79245262101735
505.041,13.486534298176982
505.39,13.671687432570733
505.74,13.852985723514811
506.089,13.434520713203796
506.438,13.619790158697157
506.787,12.930105449376438
507.136,13.604471888094452
507.485,13.308403894942147
507.834,13.612231708625949
508.183,13.567176364034243
508.532,13.783020933736509
508.881,13.819596303083088
509.229,13.124645954525555
509.578,13.409566202040047
509.927,13.700153899663666
510.276,13.291932318543997
510.624,13.625617522453386
510.973,13.258009453597891
511.321,13.26860465707769
511.67,13.81942019022776
512.018,13.277173435124844
512.366,13.60568116519209
512.715,13.319502328491202
513.063,13.23150887977191
513.411,13.5234994098392
513.759,13.142151492977916
514.107,13.04411550034974
514.456,13.215282848851205
514.804,13.281468399244096
515.152,13.343154733068461
515.499,12.999176036667942
515.847,13.471572154643786
516.195,13.083356950063298
516.543,13.144108728782124
516.891,13.06537586004705
517.238,12.971253512117613
517.586,13.033995278527973
517.934,13.105564306133347
518.281,13.10079306642191
518.629,13.091352187841135
518.976,13.278436912959549
519.324,12.914997674743399
519.671,12.945785505755783
520.018,12.93065297112661
520.365,12.88527017511139
520.713,13.090365090661686
521.06,12.975727092393589
521.407,12.914767369227258
521.754,13.017841093370887
522.101,12.887432306013892
522.448,12.835409892245847
522.795,13.214751784867074
523.142,13.189056790866058
523.489,13.23384172146421
523.836,13.303917448761242
524.182,13.208388905201675
524.529,13.375468108672804
524.876,13.025025394770573
525.222,12.934766381094846
525.569,12.991438811069317
525.915,12.69357090291969
526.262,12.88404152647345
526.608,12.887367751269338
526.954,12.935317412929585
527.301,12.92196526547212
527.647,13.042719453589916
527.993,12.976861909186304
528.339,13.013176343097387
528.686,12.740677959684907
529.032,12.761118158045917
529.378,12.867480052739609
529.724,13.142845167928812
530.07,13.182623296757528
530.415,13.102567188725596
530.761,12.81834478895008
531.107,13.046789357022542
531.453,13.06266707085226
531.799,13.020779576556619
532.144,12.814102928940288
532.49,13.101926329149583
532.835,12.881343402637011
533.181,12.878790912850631
533.526,12.580194747195865
533.872,12.919692372460151
534.217,12.9545886200885
534.562,12.829165054662024
534.908,12.969102372053673
535.253,13.000835122778962
535.598,12.934149111661927
535.943,13.04764277608552
536.288,12.803176814278377
536.633,12.918084813077252
536.978,12.923809777011193
537.323,13.277892561323563
537.668,12.961538094009166
538.013,12.807508319015698
538.358,12.81593212939484
538.702,12.884018966487865
539.047,12.952934659763025
539.392,13.038175243273392
539.736,12.921510275681765
540.081,12.983560039085717
540.425,13.220067948915005
540.77,13.145134526043984
541.114,13.104964395888098
541.459,12.99154588734528
541.803,12.992253961897797
542.147,13.109043149008652
542.491,12.807870550219231
542.835,12.88303811681082
543.18,13.090557566515681
543.524,13.096508554121069
543.868,12.897145848385977
544.212,13.051044253623223
544.556,13.075023629423598
544.899,12.969781491547664
545.243,13.047674398174756
545.587,13.01923595925918
545.931,12.828806216705734
546.274,12.985469654740951
546.618,13.011726557670162
546.962,12.920746666535424
547.305,12.953766219387756
547.649,12.90608350018221
547.992,12.724466355361258
548.336,12.944856696044683
548.679,13.032589251247384
549.022,13.262512804638632
549.365,12.95053075504599
549.709,12.99736496212499
550.052,13.10003621611588
550.395,12.975825935852782
550.738,13.108185965347191
551.081,12.827362481939929
551.424,13.100673703078366
551.767,13.080558708470539
552.11,13.063063326100925
552.453,12.535652904707089
552.795,12.923692626326835
553.138,12.89099251184331
553.481,12.990946412778506
553.823,13.074147695939846
554.166,13.006182379896847
554.508,13.074860114021536
554.851,12.670808475199243
555.193,12.93237114492281
555.536,13.057544477719789
555.878,12.907897126796987
556.22,13.083373427845814
556.563,13.041186230795
556.905,12.899217358870768
557.247,12.928574800183515
557.589,13.31566856204077
557.931,12.80907334047329
558.273,13.100161059544048
558.615,12.994658933104532
558.957,12.878607274892314
559.299,12.959417557019503
559.64,12.929958097808946
559.982,13.361671243920972
560.324,13.077061819768211
560.666,13.183838235465425
561.007,12.921835408543846
561.349,12.84883005458361
561.69,12.764191058639868
562.032,12.9641290094075
562.373,12.701309487595275
562.715,12.778890357682103
563.056,13.084826713084706
563.397,13.015236693187246
563.738,13.052588259081135
564.08,12.738607108586155
564.421,13.12813432741916
564.762,12.982139280708944
565.103,12.74351591755556
565.444,12.710674281599003
565.785,12.909452712044436
566.126,12.991032657924016
566.466,13.10648749004096
566.807,12.929643326084452
567.148,12.801253555062727
567.489,12.948556276271232
567.829,12.791565253027239
568.17,12.922761609713964
568.51,13.056964557878118
568.851,12.994101303515594
569.191,13.12017117976689
569.532,13.002401938810022
569.872,12.843472835154222
570.212,13.127303621944227
570.553,13.27831278014359
570.893,13.221625087726524
571.233,13.192461407145416
571.573,12.964101485998853
571.913,12.918235902347025
572.253,13.037367528899269
572.593,13.00614899610308
572.933,12.965428944850647
573.273,13.014336022451348
573.613,13.006966314973226
573.952,12.739205171126729
574.292,12.984434104866098
574.632,13.07968314582067
574.971,12.89272263443688
575.311,13.31361261577174
575.65,13.089008198291287
575.99,13.132665964149533
576.329,13.27091801938348
576.669,12.784002286537717
577.008,12.78232325804286
577.347,13.022070667498518
577.687,13.113213704413337
578.026,13.166428430116232
578.365,12.912232539961806
578.704,13.025847422213939
579.043,13.130200768089015
579.382,13.051521644687185
579.721,12.905553062255239
580.06,13.107486584387916
580.399,13.232305478486163
580.737,12.771013750762629
581.076,12.91708684488996
581.415,12.829480652446344
581.753,13.162273841458374
582.092,12.817668329537462
582.431,13.33117278507652
582.769,13.065604239185106
583.108,13.089850334020515
583.446,13.037934706545025
583.784,13.183527166230729
584.123,13.016351178622694
584.461,13.32528967162807
584.799,13.05444574744535
585.137,13.182691153648602
585.475,12.684998208538884
585.813,12.78525636872779
586.151,13.10905593594414
586.489,12.85716460228846
586.827,13.096971667338746
587.165,12.983768499836106
587.503,13.093341790835854
587.841,13.054617332917982
588.178,12.853496673930847
588.516,13.114665674443387
588.854,12.883380842427295
589.191,13.117345473786436
589.529,13.128300704024461
589.866,13.543117262167202
590.204,13.330048770853832
590.541,13.120737302821484
590.878,13.2452349754968
591.215,13.061825078296673
591.553,13.318068587777734
591.89,13.412130135620696
592.227,13.016989436364481
592.564,13.184594021367728
592.901,13.196175738089721
593.238,13.3504140648357
593.575,13.180599494158848
593.912,13.323036384991479
594.249,13.400849220005437
594.585,13.312661870798388
594.922,13.544532337455884
595.259,13.285467770143653
595.595,13.375462514902305
595.932,13.173216667281467
596.269,13.370381424745048
596.605,13.253960360144417
596.941,13.360073524164108
597.278,13.093794356000691
597.614,13.141983080491814
597.95,13.111748823660385
598.287,13.266125099979053
598.623,13.223447745898802
598.959,13.155303279826471
599.295,13.234749848338025
599.631,13.301690516952482
599.967,13.110761072096698
600.303,12.967237061194437
600.639,13.196647470264928
600.975,12.972655332275467
601.311,13.552404239551613
601.646,13.333533855211499
601.982,12.926791088593095
602.318,13.44037373227447
602.653,13.222353659958667
602.989,13.13149235204208
603.324,12.968602283558818
603.66,13.203631092827406
603.995,13.002682799084246
604.331,13.238072972268165
604.666,13.151065792378905
605.001,13.147953579305828
605.336,12.789746474303172
605.671,13.332694647005209
606.007,13.194439782902238
606.342,13.284939436806518
606.677,13.168027018198789
607.012,13.602124973469127
607.346,13.449719094661795
607.681,13.440146919894016
608.016,13.363240881026211
608.351,13.216037548302548
608.686,12.999702347806643
609.02,12.999872598483414
609.355,13.426858477574976
609.689,13.319465817351496
610.024,13.315434400564797
610.358,13.309319247325394
610.693,12.805093985590014
611.027,13.304150217926107
611.361,13.21756708493542
611.696,13.143325392669817
612.03,13.313209302417471
612.364,13.482946833691058
612.698,13.270651199014184
613.032,13.395251533855673
613.366,13.198360243637321
613.7,13.037925525793495
614.034,13.08757039007061
614.368,13.344326440833362
614.702,13.278441050073488
615.035,13.494267402520544
615.369,13.105340730317769
615.703,13.44061418733369
616.036,13.3925678457885
616.37,13.006754048092375
616.703,13.415967847606945
617.037,13.286203431036292
617.37,13.280847422642278
617.704,13.183562231265325
618.037,13.263165717927567
618.37,13.366166816333243
618.704,13.243932312357275
619.037,13.52732587809625
619.37,13.231575068855626
619.703,13.253989551286809
620.036,13.387321535285245
620.369,13.417387597605515
620.702,13.58064691413652
621.035,13.341954289861807
621.367,13.106734302286268
621.7,13.611846264730529
622.033,13.5672402762948
622.366,13.38672247829216
622.698,13.21246601837713
623.031,13.182985617686615
623.363,13.640262911096928
623.696,13.361613691081605
624.028,13.670749723121547
624.361,13.487225574867896
624.693,13.67088148498375
625.025,13.296335725952805
625.357,13.378354840189715
625.689,13.50757617470212
626.022,13.475918466504005
626.354,13.281334092461755
626.686,13.344285731327986
627.018,13.571614935824892
627.35,13.620335962286369
627.681,13.231980067139
628.013,13.404851355212802
628.345,13.56806533942209
628.677,13.259679916667737
629.008,13.537411312315864
629.34,12.929724856471132
629.672,13.295738291591661
630.003,13.606834272397876
630.335,13.418886910398209
630.666,13.551612380701156
630.997,13.328473369298207
631.329,13.148189629311604
631.66,13.703863207230064
631.991,13.774166286400485
632.322,13.369843271373488
632.653,13.473914709664195
632.984,13.749286832573578
633.316,13.670598110187047
633.646,13.457555541769281
633.977,13.585819676911365
634.308,13.423302386826492
634.639,13.25533878054819
634.97,13.363309221187599
635.301,13.423331313665058
635.631,13.41822094821865
635.962,13.492494318919988
636.292,13.586114223052823
636.623,13.51907351546127
636.953,13.386648494849167
637.284,13.41613739717049
637.614,13.711909059001698
637.944,13.294932401750765
638.275,13.498201981469803
638.605,13.600756483095463
638.935,13.718912608926114
639.265,13.508912241008005
639.595,13.420707392122118
639.925,13.71052533950617
640.255,13.50533171255919
640.585,13.525907669417116
640.915,13.639965035098298
641.245,13.425632146797836
641.575,14.158631666270749
641.904,13.586061147648888
642.234,13.672025746998889
642.564,13.37933555560058
642.893,13.561593515311085
643.223,13.501303205171999
643.552,13.231185324603983
643.882,13.907930004567266
644.211,13.242947476818577
644.54,13.812416820374928
644.869,13.64174297503657
645.199,13.259792861433294
645.528,13.65033894432267
645.857,13.774829096848462
646.186,13.798203267872859
646.515,13.63796730364306
646.844,13.983853184178164
647.173,13.41042051207549
647.502,13.665223504475687
647.83,13.847247706972858
648.159,13.62812831543303
648.488,13.688537152728015
648.817,13.846724241353764
649.145,13.976843881248097
649.474,13.677671153756243
649.802,14.048041782073383
650.131,13.628443838421306
650.459,13.76223660689805
650.787,13.390571674541189
651.116,13.667168203917651
651.444,13.808876235758724
651.772,13.594948441984771
652.1,13.404308387172028
652.428,13.777203542746543
652.756,13.818915054815532
653.084,13.477037459695183
653.412,13.670627500578316
653.74,13.45160341867944
654.068,13.51631277217632
654.396,13.64274502542533
654.724,13.64580145904625
655.051,13.682982920373533
655.379,13.54898399883079
655.707,13.864819539481381
656.034,13.566680431250058
656.362,13.972487122226704
656.689,13.51629931726683
657.016,13.348125764976825
657.344,13.359114741793235
657.671,14.230189695502226
657.998,13.60104261612557
658.325,13.667800448565263
658.653,13.701866359461759
658.98,13.94474410977709
659.307,13.719677853999102
659.634,13.685416396756242
659.961,13.426528610103036
660.287,13.677245233780042
660.614,13.73642389210807
660.941,13.61263171968615
661.268,13.923755511691308
661.595,13.735097981101442
661.921,13.484661758462444
662.248,14.109024605018012
662.574,13.982405176486123
662.901,13.951085360768198
663.227,13.453445257683475
663.553,13.746241680855515
663.88,13.869657668118599
664.206,13.889548610889396
664.532,13.764132753193286
664.858,13.757606813331206
665.185,13.710708232338895
665.511,13.794819333952821
665.837,13.660765082947917
666.163,14.010379454780953
666.489,13.643907622003494
666.814,14.015939446453352
667.14,13.559469035513386
667.466,14.15092289191749
667.792,13.783246944028063
668.117,13.582117986199549
668.443,14.02816199427715
668.769,13.419286987014647
669.094,14.076007223919405
669.419,13.921359990638171
669.745,14.089309530893338
670.07,14.073102575062642
670.396,13.853557627535187
670.721,13.534050353245298
671.046,13.572711726762238
671.371,14.28782764460481
671.696,13.745972813062403
672.021,13.90457209137579
672.346,13.922130254469778
672.671,13.767063185154532
672.996,14.024879139841246
673.321,13.958710717627724
673.646,13.833816861646026
673.97,13.902860871989205
674.295,14.065363166040763
674.62,14.139888389874358
674.944,13.73428320067549
675.269,13.815399437618922
675.593,13.778909542470165
675.918,13.828189762673885
676.242,13.897537116489625
676.567,13.894377497490568
676.891,13.985653505118043
677.215,14.252303071025397
677.539,14.060627181040523
677.863,13.703238280862871
678.187,13.814160911451834
678.511,13.969641282821623
678.835,13.689714580189662
679.159,13.984701690170317
679.483,14.063639290097562
679.807,13.672091127995225
680.131,13.799570686385405
680.455,13.962188032311179
680.778,13.763821673570755
681.102,13.962754505936482
681.425,13.894437798606393
681.749,14.276780136953253
682.072,14.090373076790916
682.396,14.330564820603042
682.719,14.076680194744101
683.042,14.197564000045494
683.366,14.218991481026551
683.689,14.050464167703536
684.012,13.713169230833914
684.335,13.847247701666063
684.658,13.942651049643016
684.981,13.56164925834304
685.304,13.629938031584135
685.627,13.892105867917456
685.95,14.184659168880387
686.273,14.141826155850447
686.595,14.108074903213186
686.918,14.18644830894458
687.241,14.217775440747905
687.563,13.980588848882405
687.886,14.219199608947063
688.208,13.795335868926294
688.531,14.027496748070453
688.853,13.66458270906111
689.175,14.302257579842243
689.498,14.083159411489987
689.82,14.17451887078022
690.142,14.156367841622703
690.464,14.040250250616403
690.786,13.974071768493321
691.108,13.660103384746561
691.43,14.330573127845899
691.752,13.703834561442202
692.074,13.914606423569593
692.396,14.238802240243597
692.718,13.83899018373769
693.039,14.128112049899613
693.361,14.20529591272832
693.683,14.129340305348142
694.004,14.200425391887311
694.326,14.333986716870864
694.647,14.603844448475327
694.969,14.472968091450477
695.29,13.979529611802622
695.611,13.846243180460545
695.932,14.444763943562704
696.254,14.111735511401506
696.575,13.988122798880802
696.896,14.028187041935645
697.217,14.587656960687495
697.538,14.05939636534811
697.859,14.473338539246798
698.18,13.626977545511775
698.501,14.412971428236467
698.821,14.298749990485234
699.142,13.72423020423199
699.463,13.916795314472735
699.783,13.626238706449426
700.104,14.47467256982957
700.424,14.361066368205453
700.745,14.621118789626003
701.065,13.842115251815416
701.386,13.877138410618532
701.706,15.081201403691935
702.026,13.938865256863687
702.347,14.29788399176505
702.667,13.857950533777288
702.987,14.080167223854783
703.307,13.957700265270766
703.627,14.55340097593276
703.947,14.014528082853282
704.267,14.035314849548508
704.587,14.22104302386962
704.906,14.08258073205061
705.226,14.172768089605007
705.546,14.204442510705436
705.865,14.385699114249537
706.185,13.614427873205987
706.505,14.44964454816987
706.824,14.084982074494095
707.143,14.179145780512513
707.463,14.010873519816746
707.782,14.537203798683537
708.101,13.976211423050497
708.421,14.024700014305473
708.74,14.3124114234207
709.059,13.98845861207549
709.378,14.50633835481217
709.697,14.214335777719388
710.016,14.50559547106044
710.335,14.362106293067725
710.654,14.040593388509933
710.973,14.242248554906555
711.291,14.17376858331799
711.61,14.260960396347953
711.929,13.853726688950239
712.247,14.117644003196306
712.566,14.069982956975391
712.884,13.895010091122076
713.203,14.73031200539648
713.521,14.202693840275353
713.84,14.430716010947929
714.158,13.969885013708058
714.476,14.294163169938017
714.794,14.331892537537458
715.112,14.76404441706205
715.431,14.278153020494138
715.749,14.325903761458019
716.067,14.448434773298317
716.384,14.424747984775994
716.702,14.29948975766509
717.02,14.544347065023564
717.338,13.978646633490179
717.656,14.321706745095204
717.973,14.08128601327011
718.291,14.075510182601997
718.608,14.486263994832315
718.926,14.539338480775834
719.243,14.35498796807799
719.561,14.537330908822415
719.878,14.476105541782115
720.195,14.180810887362943
720.513,13.741808915340057
720.83,14.059088996977062
721.147,15.005782932942731
721.464,13.136040151140149
721.781,13.97112720558126
722.098,14.067846131289262
722.415,13.914483318381183
722.732,14.027973724004553
723.049,14.725898763601524
723.366,13.94702366260187
723.682,14.632609198247089
723.999,14.091699944530298
724.316,13.83753581748521
724.632,14.662104639615716
724.949,14.904099062864635
725.265,14.724100367506527
725.582,14.503742054149777
725.898,14.157238590366747
726.214,14.007667757438199
726.53,14.3680371451378
726.847,14.066167790958636
727.163,14.052345788263143
727.479,14.670394336620584
727.795,13.900910408684249
728.111,14.361268296870549
728.427,14.275155674542978
728.743,14.232831413521795
729.059,14.035683073618422
729.374,13.962230155037778
729.69,14.39906254789176
730.006,14.425865446170505
730.321,13.897771702824635
730.637,14.859083830183236
730.952,14.352831905648072
731.268,13.70675210194268
731.583,14.823432200496267
731.899,14.520650866738002
732.214,14.805901256900121
732.529,14.115986511503232
732.844,13.917062455950928
733.16,13.854653378726105
733.475,13.604630681371919
733.79,14.136687654482945
734.105,14.230338313632892
734.42,14.593290822774426
734.735,13.965928961976385
735.049,14.263425832500088
735.364,14.003505651654194
735.679,14.35147039573394
735.994,13.320415214402413
736.308,14.107463458421876
736.623,13.977002898210568
736.937,14.163555024218423
737.252,15.16216179244329
737.566,13.848284256074596
737.881,13.74422808321231
738.195,13.86688755730137
738.509,13.663702112243023
738.823,13.152751494217606
739.137,14.324200064491171
739.452,14.200205972649304
739.766,12.982890366629736
740.08,14.473803664910626
740.394,14.150003109621673
740.707,14.734504188074112
741.021,13.82345443506012
741.335,14.615085565037639
741.649,14.56428036890738
741.962,13.986948654765271
742.276,13.512087480286953
742.59,14.09748065912643
742.903,14.206095841088347
743.217,13.299916998050445
743.53,13.802088399665594
743.843,14.291775363040692
744.157,13.959371030050235
744.47,14.515195586953116
744.783,14.225706020001127
745.096,13.892418842167988
745.409,13.94629532453168
745.722,13.266306814845988
746.035,13.553316983739396
746.348,13.472964743842326
746.661,12.572673899742286
746.974,13.377799510398768
747.287,14.076115919638097
747.6,14.0409832458193
747.912,13.967907501079694
748.225,13.61412172098219
748.537,14.127921268506217
748.85,13.45814618883127
749.162,13.444430822812704
749.475,13.507716479334118
749.787,13.56449300638134
750.099,13.639214332813065
750.412,15.330569005296809
750.724,14.09644853551565
751.036,13.465477882820238
751.348,13.306382739033195
751.66,13.324572133822997
751.972,13.815658953600375
752.284,13.647743307181106
752.596,13.148294859794422
752.908,13.096507522403567
753.219,13.862249385843798
753.531,13.464899471810906
753.843,13.973579294778638
754.154,13.298409468627188
754.466,14.03241500437015
754.778,13.38970069783443
755.089,13.201464873441754
755.4,13.118896433355339
755.712,14.649194492768359
756.023,13.317075044365904
756.334,12.79945631079654
756.645,12.780886582516093
756.957,13.582087883863725
757.268,13.365843675356853
757.579,13.653798103818039
757.89,13.177586277661366
758.201,13.250251640445978
758.511,12.748906948413046
758.822,13.028448800290766
759.133,13.087001300909757
759.444,13.38965429379184
759.754,13.530498818926416
760.065,12.831677529597478
760.375,13.069166186762741
760.686,13.021726436657001
760.996,13.51357638208105
761.307,14.005984055013846
761.617,12.231122007198717
761.927,13.749966228950711
762.238,13.195007446972449
762.548,12.571610632753632
762.858,13.513792696889029
763.168,13.434495208830837
763.478,12.848565735510801
763.788,13.23646924147883
764.098,13.49980589902348
764.408,13.614523304065063
764.718,12.701617050406593
765.027,12.01667426830718
765.337,13.497083940192832
765.647,13.754694014451559
765.956,14.038488731920074
766.266,12.685408746057561
766.575,12.68471242766497
766.885,13.541933743403755
767.194,12.35093077136191
767.503,12.899831384111144
767.813,13.670172813279144
768.122,12.858765781160326
768.431,13.30338910399627
768.74,14.088422959161958
769.049,13.561675028603243
769.358,13.214460454403579
769.667,12.201648842131057
769.976,13.215876772890585
770.285,12.503163637744029
770.594,12.257656775950984
770.902,12.085697869881223
771.211,13.558325497690683
771.52,13.128957503477858
771.828,13.33471609028657
772.137,13.5579044758584
772.445,12.61273362584561
772.754,13.587954110430415
773.062,13.068934245032235
773.37,14.137311359521053
773.678,12.69054718652683
773.987,12.768127047520865
774.295,12.78114291642851
774.603,12.568472297315912
774.911,13.90063031514676
775.219,14.044087770263072
775.527,12.892658907592232
775.835,12.532235934479296
776.142,12.371001619665353
776.45,13.428567547759572
776.758,13.38872331400346
777.066,13.361681804514008
777.373,12.913393001848691
777.681,12.679805481099455
777.988,13.352071201363309
778.296,12.812491988637404
778.603,12.490560443509729
778.91,13.83398111815268
779.218,13.150597614520303
779.525,12.88239724097202
779.832,12.044973596165315
780.139,13.389392961868387
780.446,13.076787930087976
780.753,13.381700348397235
781.06,14.323644994713213
781.367,12.308921712829001
781.674,13.95731035545809
781.981,12.612947027561427
782.288,14.01833489665022
782.594,13.254569089226937
782.901,14.624442388237009
783.207,13.632107117460485
783.514,12.119161408439389
783.82,12.931755293341777
784.127,13.707811842159842
784.433,13.507157812108503
784.74,12.99409967264956
785.046,12.945059168257082
785.352,13.082429018157182
785.658,13.009727274934264
785.964,12.920361972607537
786.27,11.867246032653917
786.576,13.304380909584777
786.882,13.540651294422592
787.188,12.509558320882856
787.494,11.817729712379931
787.8,12.59542185831616
788.105,13.98046825171513
788.411,11.71703432436781
788.717,12.47773750938133
789.022,13.991207892586516
789.328,12.468729172409208
789.633,12.880061425406252
789.939,12.65252680784101
790.244,13.462633031630745
790.549,13.925777338682849
790.855,11.736519613748252
791.16,12.631670564359425
791.465,13.487550218442992
791.77,12.672435221914698
792.075,11.317472452142578
792.38,13.56490745884642
792.685,13.131644453961776
792.99,12.438811557511283
793.294,12.93725749565486
793.599,14.77143393761738
793.904,13.068006812916872
794.209,12.410369088719845
794.513,12.460966580453368
794.818,12.612209507257742
795.122,12.986781349063344
795.427,12.163900682863103
795.731,13.338630571872235
796.035,13.05980543901838
796.339,11.996466639955393
796.644,14.566175615073364
796.948,13.415400368530012
797.252,13.234382339131571
797.556,11.8809769906264
797.86,12.62493545943951
798.164,13.04635138823363
798.468,13.939791576530427
798.772,12.92964337247475
799.075,12.791872062538854
799.379,12.95730305303983
799.683,13.456386520835176
799.986,12.350013530523636
800.29,14.25359240488955
800.593,12.435664687388863
800.897,12.6162567251975
801.2,12.717422385224605
801.504,12.584676019894811
801.807,13.796789606896558
802.11,12.733881191907967
802.413,14.016633545691471
802.716,12.633247914023533
803.019,12.408698231019232
803.322,13.842164418951437
803.625,11.904163529985997
803.928,13.95589116492844
804.231,12.902654775131493
804.534,13.799729883003272
804.837,13.1023141648486
805.139,14.366148842255669
805.442,12.387536939612271
805.745,11.828502192102825
806.047,13.076332724456261
806.35,13.217305476367798
806.652,14.303263874665614
806.954,12.365045003038784
807.257,10.597512562503388
807.559,12.431165978847321
807.861,13.345698538004488
808.163,12.731088117364681
808.465,11.434458599303396
808.767,14.13969275892749
809.069,13.445562275021294
809.371,15.253769717321491
809.673,11.949835721357436
809.975,13.599268804103241
810.277,11.353720013880919
810.578,12.594043731733377
810.88,13.465349216130782
811.182,13.098615674053073
811.483,12.080460339833575
811.785,13.552152308621936
812.086,11.811731753829601
812.387,12.656446416752823
812.689,11.21753944363973
812.99,13.552360445784222
813.291,13.30808055222023
813.592,12.07651033577364
813.893,12.677757693524075
814.195,12.376239272146073
814.496,11.371789841996332
814.796,15.527589540142841
815.097,12.096248191293917
815.398,14.005796013431492
815.699,12.782835108685484
816,11.388494073217055
816.3,12.317366592341003
816.601,15.115276958713952
816.901,13.29814958031422
817.202,13.490949132897729
817.502,13.543700204567477
817.803,11.3378199647024
818.103,12.136039578576495
818.403,10.807154685707646
818.704,12.716504720512766
819.004,14.356996641591886
819.304,12.365585059068813
819.604,13.102169091116869
819.904,11.731837145294287
820.204,11.373679262278191
820.504,14.563727702542696
820.804,11.80320939256227
821.104,12.423350019472853
821.403,12.779617217582492
821.703,9.315142281903737
822.003,10.942555479045836
822.302,12.035589048821507
822.602,10.001824490355101
822.901,15.688340045200128
823.201,13.46054048550173
823.5,15.370837947966114
823.799,12.7855817228376
824.098,12.046322209682575
824.398,14.984717000680543
824.697,13.889466721528475
824.996,14.379524113654721
825.295,15.648974834126623
825.594,13.894785663988243
825.893,13.683022732160982
826.192,13.454759163454543
826.49,11.677962140266544
826.789,13.292917330493353
827.088,13.461714002190138
827.386,8.822066126036107
827.685,11.50609591141544
827.983,13.123189880055357
828.282,14.733169236450664
828.58,15.581350454143022
828.879,15.067845313947013
829.177,13.73900805311071
829.475,10.931682411325111
829.773,12.093272518074201
830.072,12.960071267165382
830.37,9.083254213133332
830.668,10.646368891369946
830.966,12.172197214023791
831.264,12.68954669306974
831.562,9.90663525821568
831.859,14.825805264813665
832.157,13.245043865262227
832.455,9.907955126980275
832.752,17.756034287899595
833.05,10.777556678817998
833.348,14.723156036438446
833.645,16.459145508082546
833.942,13.07051015724154
834.24,11.428612800855111
834.537,15.182238861397256
834.834,9.982800128451114
835.132,12.510555130691268
835.429,16.663993940362996
835.726,13.853984507307368
836.023,11.231392395273238
836.32,13.207469121939043
836.617,11.88072911981137
836.914,14.224915697267347
837.21,9.329328593950581
837.507,14.265811428431446
837.804,15.664985949690136
838.101,11.841530086101955
838.397,12.851460893899985
838.694,12.295066507381222
838.99,10.553467484099363
839.287,12.640315671625071
839.583,13.662578278947754
839.879,13.717268801107204
840.176,11.32188827491597
840.472,14.114174994330057
840.768,12.103433945826536
841.064,13.381422596558043
841.36,12.174084960966027
841.656,13.684340168958986
841.952,11.97344323312794
842.248,13.05996084575283
842.544,12.215055233821372
842.839,15.68752668108562
843.135,8.768371375951034
843.431,13.51632814665164
843.726,12.791953983152778
844.022,13.259760318834427
844.317,17.759251277834753
844.613,13.590928242927296
844.908,16.23463658974485
845.204,13.130743023433913
845.499,11.357584461500412
845.794,12.843490759066231
846.089,11.952938121467792
846.384,11.533861002330086
846.679,10.893211706530089
846.974,11.401998611734959
847.269,14.785943172882298
847.564,13.719058016282537
847.859,14.378953030067963
848.154,12.040849308253957
848.448,13.716434274483975
848.743,11.960188653089284
849.038,15.259879663407945
849.332,10.109603715784539
849.627,12.472416332064096
849.921,15.74390637277738
850.215,14.60894404217667
850.51,12.808840934882712
850.804,10.778920534072586
851.098,11.87584106661744
851.392,12.697395721909068
851.686,11.417247728470757
851.981,12.290274182040783
852.275,14.951617466144954
852.568,11.797142462101533
852.862,12.990485500495089
853.156,13.416525017075617
853.45,12.883324408910225
853.744,9.20363493972663
854.037,13.569157456692096
854.331,15.008619583231253
854.624,12.578778576130084
854.918,11.504500734523226
855.211,12.778568867739711
855.505,12.952934537363555
855.798,14.379691623313605
856.091,13.794596570037184
856.384,12.066604714857721
856.678,12.999084896456992
856.971,11.899956496912228
857.264,10.634515863668629
857.557,16.583181186765724
857.85,14.337829271717226
858.143,11.624833285395633
858.435,11.76098060186971
858.728,11.206582258770718
859.021,12.443411022285353
859.313,12.93187191868369
859.606,12.494696642018866
859.899,14.278345832034262
860.191,11.542205857490806
860.483,11.394978766463135
860.776,16.45960502598692
861.068,11.888631587713492
861.36,14.115285767746032
861.653,12.042433767303464
861.945,14.071433815525488
862.237,11.806055183426993
862.529,11.846305251197649
862.821,12.581438833970529
863.113,12.014632668315656
863.405,8.792637107220036
863.696,13.258126409718743
863.988,11.478158495124156
864.28,13.839876169908758
864.572,10.96753440845909
864.863,16.278124481551206
865.155,12.089636290647254
865.446,13.504393158127971
865.738,12.005761950060979
866.029,14.514061511835443
866.32,12.493519966241045
866.611,15.590999482660713
866.903,11.419640805944166
867.194,17.203340710396986
867.485,17.21910796686954
867.776,14.792056913267283
868.067,10.901246466796465
868.358,11.291773984742624
868.649,13.739846899609153
868.939,14.093565652392046
869.23,10.254001942352234
869.521,9.157313717523595
869.811,13.085390484530755
870.102,9.093320464566782
870.393,10.39753387368991
870.683,12.387873611855348
870.973,14.243892436586071
871.264,17.37875241967751
871.554,14.970642499435362
871.844,14.5874971162231
872.135,21.230665496572556
872.425,14.18734219913166
872.715,5.923306509429769
873.005,20.201341476386375
873.295,11.895234400267473
873.585,14.120804105483359
873.874,9.508781189888982
874.164,18.83869116579051
874.454,15.802168979915196
874.744,13.420346686129434
875.033,10.273574289741132
875.323,12.662772967778306
875.612,12.172221711619702
875.902,11.460533087815602
876.191,11.02891134018573
876.48,11.956189580623725
876.77,12.06234538152175
877.059,15.091629244833864
877.348,5.635248324758956
877.637,19.627544425714103
877.926,14.45565709918017
878.215,8.732103305038322
878.504,13.796559094681296
878.793,7.987203796365705
879.082,11.351872988929106
879.371,10.103860053353516
879.659,13.905204378222415
879.948,17.168739978579566
880.237,15.044167369176659
880.525,5.640231936394502
880.814,17.31368506537143
881.102,5.663024293476198
881.391,6.385895236947053
881.679,-13.499147899232476
881.967,20.318987151833564
882.255,19.404693114707058
882.544,1.8230609053409157
882.832,6.275548723496241
883.12,8.69374601837599
883.408,17.627336248357125
883.696,17.24355143766882
883.983,7.67576563405547
884.271,11.621028251375478
