153.834,-0.5636752814336252
154.224,-0.02632893872234915
154.614,0.2589067897584002
155.005,2.808772602994908
155.395,1.9787850067445891
155.785,-0.09691001300805642
156.176,0.0
156.566,-2.4482910615864304
156.956,-0.31806333496276157
157.346,1.717675702857171
157.736,0.7448944991217487
158.126,-0.986247969053359
158.516,-3.0697562075810736
158.906,3.0694717079673834
159.296,0.1628804004665701
159.686,1.500143190904399
160.075,2.0159212307290555
160.465,0.5314789170422551
160.855,0.06384769162673887
161.245,0.0
161.634,1.44314187599276
162.024,0.3010299956639812
162.414,-0.680327715907471
162.803,1.7185807665226098
163.193,0.25527250510330607
163.582,1.7906824019288445
163.971,0.8376789646050679
164.361,0.0
164.75,-0.6321750128072501
165.139,0.0
165.529,1.7807754473771282
165.918,1.7006423635583905
166.307,-0.7064142921367196
166.696,0.19127301537472258
167.085,2.770270170209265
167.474,1.089533707238477
167.863,0.0
168.252,-0.24303804868629444
168.641,-1.0723418215173193
169.03,0.6989752041909275
169.419,4.264160057187669
169.808,0.5111537813290723
170.197,-0.8671649770941112
170.585,1.3543990454058845
170.974,0.0
171.363,3.962366747421596
171.751,-1.06135732786333
172.14,-3.2247960644124767
172.529,2.90499879258367
172.917,0.3010299956639812
173.306,-4.350324186811091
173.694,-0.8238026990729816
174.082,-0.7006330266002347
174.471,0.0
174.859,-1.3946160685411655
175.247,2.1045125758742635
175.635,0.0
176.024,-3.1522453972638647
176.412,-1.2024811601317482
176.8,-2.052657877444698
177.188,-3.8096691207332016
177.576,-2.5617377777811345
177.964,1.7932033157995506
178.352,0.0
178.74,1.5161179369658466
179.128,0.0
179.515,-0.6296361580825874
179.903,0.0
180.291,1.9158600326453854
180.679,1.9534397479034928
181.066,0.0
181.454,3.237863568209561
181.842,1.9084850188786497
182.229,3.968298285720638
182.617,1.0813170527630884
183.004,2.713786025967781
183.391,-0.4191293077419757
183.779,0.0
184.166,0.8312850467138981
184.554,5.757834572473139
184.941,-3.418239450199747
185.328,1.6036245991968525
185.715,0.0
186.102,0.7487841760111378
186.489,5.12102785686922
186.876,-1.0791812460476249
187.263,2.073317043595895
187.65,-0.3521825181113625
188.037,2.555393697360118
188.424,0.0
188.811,-6.542223934277154
189.198,-4.2890949161623695
189.585,-4.219343542612439
189.971,-5.031637796227379
190.358,-3.760815620068996
190.745,-4.789402479878755
191.131,-4.8366085919700215
191.518,-5.403530902420611
191.905,-4.814003376593449
192.291,-5.071200766850186
192.677,-4.406769545280391
193.064,-4.99507856899683
193.45,-4.323301952913242
193.837,-4.377542802878195
194.223,-3.7538508325982556
194.609,-4.264683777207176
194.995,-5.217589973086319
195.381,-6.116871872744876
195.768,-6.111851386196393
196.154,-5.840710474851656
196.54,-7.100978388609342
196.926,-5.123485610663809
197.312,-4.973306392741557
197.698,-4.075097785689842
198.084,-5.914921581375228
198.469,-5.813137766833563
198.855,-4.140685941751755
199.241,-4.615966953536899
199.627,-4.601834958483087
200.012,-5.025286687963078
200.398,-5.043561788854601
200.784,-4.200108256823225
201.169,-4.770665108309795
201.555,-4.836879660007879
201.94,-5.807759512703433
202.326,-4.247467603303129
202.711,-4.1376733874454334
203.096,-4.5639597439555954
203.482,-4.430546188824574
203.867,-5.302729493578218
204.252,-5.178932548490443
204.637,-4.313302538645483
205.023,-5.186356133648108
205.408,-5.541917711358296
205.793,-6.2424120075018665
206.178,-5.2492248252041245
206.563,-3.801189389478825
206.948,-4.129461846508218
207.333,-3.710392822787716
207.718,-4.35726428739219
208.102,-4.177992251508539
208.487,-4.980593524857036
208.872,-3.7535816571917398
209.257,-4.768063510654058
209.641,-5.094440508433043
210.026,-5.506269445190823
210.41,-5.066317619924183
210.795,-4.3296895612013415
211.18,-4.338532896861208
211.564,-4.587690909813555
211.948,-4.985023082709608
212.333,-4.992012657249678
212.717,-4.902514513755503
213.101,-5.446532445998002
213.486,-4.229582971288417
213.87,-5.091849620357785
214.254,-4.5435333009440795
214.638,-5.394401838458383
215.022,-4.314732191342281
215.406,-4.924234016797186
215.79,-4.027656307822515
216.174,-4.813090428250324
216.558,-4.4878669020274
216.942,-5.020299845042545
217.326,-7.3548035070545295
217.71,-5.677386006701788
218.094,-3.2567392424573036
218.477,-4.3041489996765145
218.861,-5.800131434554746
219.245,-4.039522509243564
219.628,-3.8485249508641908
220.012,-4.44977779265891
220.395,-5.7584580000712196
220.779,-4.425247937038901
221.162,-5.88342778485873
221.546,-3.9437352949810816
221.929,-4.158633710530571
222.312,-5.607962123150981
222.696,-4.7320910302592605
223.079,-4.49300110229635
223.462,-3.574095538346258
223.845,-5.666802592043097
224.228,-3.7335283007398092
224.611,-5.242908404174828
224.994,-4.339314032199898
225.377,-4.571812590855445
225.76,-4.5794302778144145
226.143,-4.8491790586807175
226.526,-5.497908357779827
226.909,-4.628610771147396
227.292,-6.4207242376872715
227.675,-4.236189741770755
228.057,-5.050581285674145
228.44,-5.464073162626232
228.822,-4.2983763951568275
229.205,-4.7132656538821385
229.588,-4.282040096755731
229.97,-4.759652312177204
230.353,-4.525285579295417
230.735,-5.385983315616321
231.117,-5.645714149450099
231.5,-4.840355483791099
231.882,-5.606187660509278
232.264,-4.3708780355532495
232.646,-4.2645650109444615
233.029,-4.675300049446974
233.411,-4.185136400940969
233.793,-4.865332743229274
234.175,-3.464334139346433
234.557,-4.51823942097114
234.939,-4.71066843614611
235.321,-4.527613495182165
235.703,-4.872164531152424
236.084,-4.876457520344267
236.466,-5.937425700729708
236.848,-5.3795678090978845
237.23,-6.4839358632873525
237.611,-5.104977123621927
237.993,-5.776296249893133
238.375,-5.325675758262092
238.756,-4.3009450052478835
239.138,-4.1466716259854035
239.519,-5.575963563992498
239.901,-4.90838817071465
240.282,-5.6731728558658245
240.663,-4.679741116131313
241.045,-5.025520893632802
241.426,-3.985247177789
241.807,-4.479177914500886
242.188,-4.354476040583618
242.569,-5.356398435696326
242.95,-4.331909647578405
243.332,-4.498220598326326
243.713,-4.350408107227467
244.093,-4.691209351639117
244.474,-4.626678649211471
244.855,-6.352371181328956
245.236,-4.41090203530971
245.617,-4.210177645236981
245.998,-5.14014979874714
246.378,-4.106018107678342
246.759,-4.852818823651889
247.14,-4.698888163718106
247.52,-3.8104997613624407
247.901,-5.003130544908361
248.281,-5.263221491153636
248.662,-4.044437867046744
249.042,-4.8640408239513615
249.423,-3.9447067888408847
249.803,-5.685181189056779
250.183,-4.722107917619607
250.564,-4.012125300215338
250.944,-4.424990666224142
251.324,-4.473860438103413
251.704,-5.055021305117045
252.084,-4.324486309586906
252.464,-5.6203393399651285
252.844,-4.900331842644621
253.224,-5.026206318902493
253.604,-4.451529706648471
253.984,-4.066130417719639
254.364,-4.902741109726994
254.744,-4.347490641083805
255.124,-4.8343093948773666
255.503,-3.593060934053338
255.883,-4.95864018043459
256.263,-5.480315795969487
256.642,-5.458693014558508
257.022,-5.796732979768177
257.401,-5.2020419131521
257.781,-5.802552916298833
258.16,-4.620689277999834
258.539,-4.584302858904187
258.919,-4.306480569358598
259.298,-3.932742904048354
259.677,-4.507062186023635
260.057,-4.643627926818162
260.436,-4.483951951473489
260.815,-4.852635370142393
261.194,-4.702698277489038
261.573,-4.2393641017239165
261.952,-4.237590794574638
262.331,-4.481248861363607
262.71,-4.30537745360632
263.089,-5.3118796491061815
263.468,-7.077969597726621
263.847,-5.962066021518244
264.225,-4.712708705544634
264.604,-4.432085952661399
264.983,-4.830821526092598
265.361,-5.290369988549271
265.74,-4.600253551378194
266.118,-5.095698989056315
266.497,-4.213336625800683
266.875,-4.67374351920149
267.254,-5.6776374121415945
267.632,-4.722872004593418
268.011,-4.522113104045488
268.389,-4.23398045759807
268.767,-5.829476716319158
269.145,-3.7643487936300097
269.524,-4.223188051108974
269.902,-4.939186486024926
270.28,-3.7235404994718606
270.658,-5.037418551513225
271.036,-4.498204001240693
271.414,-3.9054343371386184
271.792,-4.004278275254198
272.17,-4.138863294847546
272.547,-4.155912785881386
272.925,-5.322355740710474
273.303,-3.905534082671762
273.681,-4.434569494634867
274.058,-5.130396169369694
274.436,-5.311014415155331
274.814,-4.694742272363411
275.191,-4.698780876384745
275.569,-4.4716298095393885
275.946,-4.5275877316040924
276.323,-5.574920537294286
276.701,-4.898167898220793
277.078,-5.588501337229925
277.455,-4.514553925376081
277.833,-5.98174437901931
278.21,-4.38943802936989
278.587,-5.003934789039899
278.964,-4.9851621969549464
279.341,-4.595507389449142
279.718,-4.927635819723128
280.095,-4.7966267124837
280.472,-4.625541843423806
280.849,-4.213238439027654
281.226,-4.292502370256685
281.603,-4.70538874724244
281.98,-5.520977643319223
282.356,-3.924768532282852
282.733,-4.274028387430151
283.11,-4.430423318840356
283.486,-4.766207761984571
283.863,-3.846309422917041
284.239,-5.3505914967423855
284.616,-5.169226294524632
284.992,-4.974432115588076
285.369,-4.221313307771156
285.745,-4.582283073310539
286.121,-4.660303787001827
286.498,-3.726971039051686
286.874,-4.615065466075776
287.25,-4.20825339915652
287.626,-6.021301420577928
288.002,-4.79213286445472
288.379,-4.352514858895603
288.755,-4.056048265709617
289.131,-3.8938288444604137
289.506,-4.5018291141819
289.882,-4.447189329162701
290.258,-4.519926121053535
290.634,-5.12116758694244
291.01,-4.571916179747539
291.385,-5.013596796196474
291.761,-4.436088095452328
292.137,-3.838271090336946
292.512,-3.8085877242283024
292.888,-4.358165863863604
293.263,-4.47521047777756
293.639,-5.4407316736269475
294.014,-4.380730756455413
294.39,-4.252819886987218
294.765,-4.201136472702005
295.14,-4.865624047770857
295.516,-4.470970281885318
295.891,-4.995738626056796
296.266,-4.391725873111835
296.641,-4.52539919614011
297.016,-3.4929947686102807
297.391,-4.797575972391635
297.766,-5.409706490282723
298.141,-5.410675701439054
298.516,-3.929264385553529
298.891,-4.228546217984369
299.266,-4.2505259075520545
299.641,-5.124031880830624
300.015,-4.737467058679178
300.39,-4.1072452935842945
300.765,-4.578095499825481
301.139,-4.914256060489117
301.514,-4.978063018349851
301.889,-3.2953011440941857
302.263,-3.7737198989988983
302.637,-3.7700956400421055
303.012,-4.075443763895048
303.386,-4.417603334982724
303.761,-4.126283714224205
304.135,-4.072443839995965
304.509,-5.096533838297691
304.883,-6.3786330783301715
305.257,-4.915537350514244
305.632,-4.305134007287023
306.006,-4.997640397995761
306.38,-3.9186705383531653
306.754,-4.440470934611437
307.128,-4.789201588038172
307.501,-4.379124391586087
307.875,-3.7506910938646376
308.249,-4.305535695089433
308.623,-4.698013808768711
308.997,-3.9713964016273167
309.37,-4.462290339209834
309.744,-4.410248913389772
310.117,-3.317784106869518
310.491,-4.594152969569118
310.865,-3.433711880742969
311.238,-5.792309232886813
311.611,-4.291960309016006
311.985,-4.163917556188737
312.358,-4.391078778137519
312.731,-4.1333708440780255
313.105,-5.256006102171274
313.478,-3.5278490684909474
313.851,-3.710017847653533
314.224,-4.647249788355671
314.597,-4.252545667330818
314.97,-4.984199993851003
315.343,-4.695833852015141
315.716,-3.4412779455589604
316.089,-4.465369315333664
316.462,-4.151134618110565
316.835,-4.412028537212255
317.208,-4.191876538090381
317.58,-4.948560861037901
317.953,-4.616611706438247
318.326,-3.790043095802164
318.698,-4.065313611578013
319.071,-4.07720854404065
319.443,-5.79005860432612
319.816,-4.28577027095978
320.188,-4.685122598711465
320.561,-4.809858040987681
320.933,-3.7305492801933102
321.305,-4.395825468003863
321.678,-4.112202727597879
322.05,-4.400834869606753
322.422,-4.205714398332665
322.794,-3.92437242002079
323.166,-4.851583320214714
323.538,-4.404675053299353
323.91,-4.928323416231121
324.282,-4.223189552667773
324.654,-3.731108366410623
325.026,-5.1026195956036124
325.398,-3.350684428101527
325.77,-4.187695269187664
326.141,-5.539793630037234
326.513,-4.758830673817609
326.885,-5.362333710775689
327.256,-4.437166159951184
327.628,-4.0024878487493005
327.999,-5.201428450932324
328.371,-4.155101884584152
328.742,-3.876472820046229
329.114,-4.112248550919859
329.485,-5.230092377760402
329.856,-4.597341703549844
330.228,-4.069773331154621
330.599,-3.805770411435271
330.97,-5.356535124217504
331.341,-5.989575718939677
331.712,-4.491043095300051
332.083,-5.599592350172346
332.454,-4.553616638792521
332.825,-4.3554938691458345
333.196,-4.803703111498477
333.567,-5.263653012873174
333.938,-4.5455111986065235
334.309,-3.6060178383625656
334.679,-3.8216335755926867
335.05,-4.739416075361699
335.421,-3.204120032306349
335.791,-4.2376733798554005
336.162,-4.124260600415885
336.533,-2.9357608698541897
336.903,-4.838021225738595
337.273,-3.9729296555781586
337.644,-4.512163367693638
338.014,-4.25955618836676
338.385,-4.347279305966901
338.755,-4.224026197393218
339.125,-4.189336554183447
339.495,-4.5964094989867466
339.865,-4.416418245221884
340.235,-4.551068846286808
340.606,-4.065900606388631
340.976,-4.162176367144956
341.345,-4.126212400233644
341.715,-4.748845839103297
342.085,-3.4061073052870534
342.455,-4.548384966476036
342.825,-4.588859951691187
343.195,-4.624983662254135
343.564,-4.22873141536734
343.934,-4.475734714062601
344.304,-4.937412898981754
344.673,-4.296753311349068
345.043,-3.3129193408851934
345.412,-4.157469109714008
345.782,-3.2369725696476457
346.151,-3.490922765012821
346.52,-4.121448493035179
346.89,-4.322104581921185
347.259,-3.715303500235409
347.628,-5.773456324433533
347.997,-4.433227867115466
348.367,-4.635218233867711
348.736,-4.07904964905228
349.105,-4.012931887700198
349.474,-3.8220715130175127
349.843,-3.899118701124664
350.212,-4.049429264048147
350.58,-5.071321997790233
350.949,-5.117142465031656
351.318,-4.0467987908373955
351.687,-4.306255493518397
352.056,-4.468101052656458
352.424,-4.410524151463588
352.793,-4.252922556922026
353.161,-4.40279010770474
353.53,-4.091942855667672
353.898,-4.553707732299911
354.267,-4.957087564085981
354.635,-3.895797314931137
355.004,-4.912522506398353
355.372,-4.296408037239439
355.74,-4.589098647361634
356.108,-4.581599268301879
356.477,-6.41794991856163
356.845,-4.182270700205766
357.213,-3.7397175040707773
357.581,-3.718231212244556
357.949,-3.512583758330673
358.317,-4.107128908342954
358.685,-3.8112282640276427
359.053,-5.264134098773916
359.42,-4.675772800439713
359.788,-5.676791898714915
360.156,-3.9612241976384874
360.524,-4.301591998425389
360.891,-4.0683755847791385
361.259,-4.438010753548906
361.626,-4.659622808553296
361.994,-4.634463690605973
362.361,-3.9479369002605798
362.729,-4.257770441596602
363.096,-4.284725437417633
363.464,-4.024405655483753
363.831,-4.483490134971921
364.198,-4.07969844678737
364.565,-3.807541019698507
364.932,-4.63264321995504
365.3,-4.380802633398805
365.667,-4.83500737632709
366.034,-4.019836129429404
366.401,-4.241500298667643
366.768,-5.648699286677535
367.134,-4.076414898474929
367.501,-4.384657520296461
367.868,-5.194930536372874
368.235,-3.4060513304278186
368.602,-4.055215551840772
368.968,-3.825316270071869
369.335,-4.742357536494138
369.702,-4.113431315199118
370.068,-4.209996591445172
370.435,-4.328142889063082
370.801,-4.667886621806414
371.167,-4.027133477817937
371.534,-4.303273410303763
371.9,-4.383814832096809
372.266,-4.620339743232017
372.633,-4.187719132363407
372.999,-3.9898896162195374
373.365,-3.9270854072755124
373.731,-4.251105738486517
374.097,-3.883168434636601
374.463,-5.721382213134877
374.829,-4.043573301627235
375.195,-5.047891803369619
375.561,-4.937208870092875
375.927,-3.993752151082802
376.293,-3.5457738280204834
376.658,-4.664479610757243
377.024,-4.6689422011559945
377.39,-4.011950516339087
377.755,-3.9732680126434254
378.121,-4.329357014390375
378.487,-4.10207517304294
378.852,-4.2320332578653055
379.217,-3.385779262815928
379.583,-4.103163411016808
379.948,-3.9532444660209314
380.314,-4.926577484411589
380.679,-3.9183073862848987
381.044,-4.067539069719583
381.409,-4.243001289797201
381.774,-3.967826334377267
382.139,-4.944242327293254
382.504,-4.103332550048467
382.869,-3.86936335347306
383.234,-4.0775051505210635
383.599,-3.637671502910688
383.964,-3.617937377723423
384.329,-3.6235435280146016
384.694,-4.089674944394745
385.058,-3.684688048563335
385.423,-3.787306882326283
385.788,-4.454700146461183
386.152,-4.791145226498024
386.517,-4.246086817426314
386.881,-3.8679390706594146
387.246,-3.8900775952201796
387.61,-3.3805735745141208
387.975,-4.823229203669646
388.339,-3.6733354743148876
388.703,-3.7076461568370256
389.068,-3.84102888499542
389.432,-3.7801702124158623
389.796,-3.7723983977332174
390.16,-3.3537058541994584
390.524,-3.654519075803332
390.888,-3.6449851645305773
391.252,-4.284308234468505
391.616,-3.71254854913158
391.98,-3.8045218703505195
392.344,-3.746284940527671
392.708,-3.7739784999165833
393.071,-3.3805707208615283
393.435,-3.517645200946063
393.799,-3.82740261574893
394.162,-4.073617016539664
394.526,-3.698057337381318
394.889,-3.736602149037296
395.253,-4.361475924917945
395.616,-3.4299978332339185
395.98,-3.5256727251434263
396.343,-4.099708184325763
396.706,-3.868108182381364
397.07,-3.813818576125821
397.433,-3.4481639724669195
397.796,-3.840085802575245
398.159,-3.937033400797371
398.522,-3.733294194671598
398.885,-3.667416293436189
399.248,-3.4178498118081
399.611,-3.778816287466681
399.974,-3.6747598207311816
400.337,-3.885457596822878
400.7,-3.5150639601942673
401.063,-3.334506846887254
401.425,-4.238261529711772
401.788,-3.2885043930648723
402.151,-3.579917015550053
402.513,-3.106739528830302
402.876,-3.545431786374782
403.238,-3.6247884161301713
403.601,-3.3492772603445875
403.963,-3.5800441338717492
404.325,-3.6981181816644813
404.688,-3.4360403969894366
405.05,-3.418025569695532
405.412,-3.2721958520916683
405.774,-3.242584011839489
406.137,-3.2596208481342015
406.499,-3.3271564595886107
406.861,-3.381080013348142
407.223,-3.805030165793187
407.585,-3.501527320035393
407.947,-3.195887040990122
408.308,-3.3309823015882833
408.67,-3.2120621975718473
409.032,-3.3571060313885996
409.394,-2.940082108556891
409.756,-3.2922197043949306
410.117,-3.2083940790188765
410.479,-2.6726889653659547
410.84,-2.891930581615612
411.202,-3.2978203829754293
411.563,-2.7883036866628563
411.925,-2.4912066764219
412.286,-2.98205357566537
412.647,-2.827173818176035
413.009,-2.3044083708973973
413.37,-2.4702309397438538
413.731,-2.3832807228900674
414.092,-2.4116081324015672
414.453,-2.2942051756456596
414.814,-2.3033840633122296
415.175,-1.8364664794325094
415.536,-1.6268518869533226
415.897,-1.4029275117408466
416.258,-1.1505994794465166
416.619,-1.316011527133406
416.98,-1.2763238984691248
417.341,-0.8713637483152918
417.701,-0.6553625831929263
418.062,-0.6844033055361591
418.423,-0.5983413063032934
418.783,-0.46240413590650387
419.144,-0.4362424088204558
419.504,-0.21479213736817893
419.865,-0.14513389742227514
420.225,-0.0986038280929362
420.585,-0.19423808622909114
420.946,-0.17421934909067688
421.306,-0.1279551482436837
421.666,-0.15395881886328133
422.026,-0.15577005125084536
422.386,-0.018566853213989747
422.746,-0.2685600439201215
423.106,-0.02947203062970019
423.466,-0.12571870161639645
423.826,-0.23498105290024357
424.186,-0.15601267279402706
424.546,-0.3165341947002391
424.906,-0.3949178768699239
425.266,-0.38933169537685414
425.625,-0.3774808336478629
425.985,-0.619782702722577
426.345,-0.6519236222689392
426.704,-0.6705603240222537
427.064,-0.753588776933526
427.423,-0.8008334080845598
427.783,-0.8440745409652317
428.142,-0.9019882482772955
428.501,-0.9223654605941802
428.861,-1.033409905382324
429.22,-1.0783862856387172
429.579,-1.2399811634346756
429.938,-1.2178120587014303
430.297,-1.291020244583085
430.656,-1.3886376160806115
431.015,-1.4338117598108073
431.374,-1.4640525177120551
431.733,-1.5545309716899387
432.092,-1.5927544020656372
432.451,-1.7042921038214098
432.81,-1.7519089922539723
433.169,-1.8334603762016932
433.527,-1.9269017965229447
433.886,-1.937085332217616
434.244,-2.026430945390122
434.603,-2.1427936219082406
434.962,-2.1355770689072657
435.32,-2.14452007832275
435.678,-2.1940778847476388
436.037,-2.268467017219983
436.395,-2.3283711390400876
436.753,-2.418100181293208
437.112,-2.5062483367269652
437.47,-2.447512788785779
437.828,-2.5814408856026843
438.186,-2.6202713421077384
438.544,-2.5799134055500565
438.902,-2.680417913300819
439.26,-2.7640983505639323
439.618,-2.7571166053164413
439.976,-2.8399423829645203
440.334,-2.7987613555806847
440.692,-2.8378392595831685
441.049,-2.845968998539607
441.407,-2.9179318940924115
441.765,-2.9729561734065673
442.122,-2.9739460576056067
442.48,-3.0359833309449344
442.837,-3.036846455670611
443.195,-3.1284022373317786
443.552,-3.1551452135655773
443.91,-3.2116604564354145
444.267,-3.2576252427211765
444.624,-3.234942965469986
444.982,-3.2723811547994157
445.339,-3.254916912268918
445.696,-3.40836116535847
446.053,-3.387343985499734
446.41,-3.3974635200711796
446.767,-3.4404646240170917
447.124,-3.499578073608836
447.481,-3.484760156650521
447.838,-3.4592986880750662
448.195,-3.5861023968203116
448.552,-3.499653979535794
448.908,-3.5113159343660203
449.265,-3.576537024065149
449.622,-3.5321362085047747
449.978,-3.5736208835016328
450.335,-3.6201778373112967
450.691,-3.5429642355058233
451.048,-3.6837685526643407
451.404,-3.591064207838857
451.761,-3.6276434279933247
452.117,-3.6066254565156726
452.473,-3.633190540354247
452.829,-3.6617785217692105
453.186,-3.6882354684085876
453.542,-3.704830970627756
453.898,-3.7012991747790465
454.254,-3.70865339423975
454.61,-3.7052290951682343
454.966,-3.6934425883852118
455.322,-3.7169971015790924
455.678,-3.688292426739308
456.033,-3.717708730574101
456.389,-3.781710549218691
456.745,-3.811073988333874
457.101,-3.767028528057002
457.456,-3.78674584847326
457.812,-3.7996187358257525
458.167,-3.8204986052632535
458.523,-3.819360869526349
458.878,-3.799823312805282
459.234,-3.817385822011623
459.589,-3.8389115118457195
459.944,-3.8372366436774326
460.3,-3.8302268252134173
460.655,-3.8967117381476006
461.01,-3.8973260258380877
461.365,-3.915814291402497
461.72,-3.8574676600183873
462.075,-3.874452556386278
462.43,-3.9416438341314386
462.785,-3.977147287508936
463.14,-3.9520759065788584
463.495,-3.9729046576289324
463.85,-4.00115331416789
464.205,-3.956852690863066
464.559,-3.9771845691068175
464.914,-4.00081578270255
465.269,-4.000307291543995
465.623,-4.005683785435192
465.978,-4.032253965275024
466.332,-3.997467387573223
466.687,-4.060812441692346
467.041,-4.011280382602807
467.395,-4.0578571032408774
467.75,-4.039405146901993
468.104,-4.0665257618332955
468.458,-4.039534853294653
468.812,-4.181262412066148
469.166,-4.058489535767408
469.52,-4.034370406308476
469.874,-4.096845738397831
470.228,-4.056143172790014
470.582,-4.0747279415883115
470.936,-4.012050680718793
471.29,-4.07826847073707
471.644,-4.089058549651611
471.998,-4.084597390468067
472.351,-4.084775892262455
472.705,-4.068154007738666
473.058,-4.034448065960352
473.412,-4.058898689070367
473.766,-4.087394745854323
474.119,-4.115183371716571
474.472,-4.0976949649104695
474.826,-4.06177011997356
475.179,-4.054275959401115
475.532,-4.098023445844755
475.886,-4.144972301746382
476.239,-4.101529930014323
476.592,-4.115664898867881
476.945,-4.177395735022943
477.298,-4.152024101556352
477.651,-4.102145692812302
478.004,-4.1625341614222044
478.357,-4.133403210574388
478.71,-4.136495338339481
479.063,-4.1676447902454585
479.415,-4.139527519238524
479.768,-4.209738681322078
480.121,-4.198162374725487
480.473,-4.206101613874076
480.826,-4.146218283531741
481.179,-4.23990613413076
481.531,-4.177346494440995
481.883,-4.210092491078394
482.236,-4.177220354829909
482.588,-4.16256460862227
482.94,-4.224669045282618
483.293,-4.240577007205064
483.645,-4.244646873071151
483.997,-4.164497275903517
484.349,-4.176147413667043
484.701,-4.165773320936869
485.053,-4.23805433378145
485.405,-4.217067435696835
485.757,-4.2217437843575345
486.109,-4.238383436457081
486.461,-4.22686097710538
486.813,-4.234146866760362
487.164,-4.238158438068579
487.516,-4.294851937805019
487.868,-4.31249887700949
488.219,-4.248054734554924
488.571,-4.291457588131832
488.922,-4.247352657879528
489.274,-4.284121746806002
489.625,-4.238148825633718
489.977,-4.197889979120808
490.328,-4.222056862624117
490.679,-4.287979075101263
491.03,-4.286790417511476
491.382,-4.271444219181001
491.733,-4.3139619311799
492.084,-4.306186527920941
492.435,-4.309591705452987
492.786,-4.3540086591895895
493.137,-4.262417337335923
493.488,-4.305451059112498
493.839,-4.283131479154787
494.189,-4.340130475692992
494.54,-4.312284313817385
494.891,-4.355923656497677
495.242,-4.342641333048333
495.592,-4.379635620889518
495.943,-4.347083241511773
496.293,-4.324253533265005
496.644,-4.388537510655582
496.994,-4.363619655732879
497.345,-4.388057708961021
497.695,-4.423343599686513
498.045,-4.397190560205556
498.395,-4.391989615584163
498.746,-4.390127197316584
499.096,-4.377094733592522
499.446,-4.359930063041362
499.796,-4.361247556023402
500.146,-4.463853236040428
500.496,-4.47275166006001
500.846,-4.451150365118465
501.196,-4.397469622731635
501.545,-4.386520484442894
501.895,-4.393470298819349
502.245,-4.436077197751859
502.595,-4.442308765671083
502.944,-4.438997121723939
503.294,-4.447216935195818
503.643,-4.398227797906376
503.993,-4.439799135649496
504.342,-4.403792145646537
504.692,-4.444368192027518
505.041,-4.446057372749404
505.39,-4.478251361448938
505.74,-4.502711232353949
506.089,-4.444814571342341
506.438,-4.44417024105529
506.787,-4.429251827225067
507.136,-4.455521997374179
507.485,-4.452260115681318
507.834,-4.417392934095058
508.183,-4.464620322130081
508.532,-4.457613921454219
508.881,-4.427011413987195
509.229,-4.4413913260989695
509.578,-4.488822443852834
509.927,-4.450304264586425
510.276,-4.455168183883201
510.624,-4.442136976273426
510.973,-4.409362726597002
511.321,-4.418716490700585
511.67,-4.438908313199794
512.018,-4.462922040755039
512.366,-4.48963843670159
512.715,-4.479130341460421
513.063,-4.497992448630142
513.411,-4.4975844924995325
513.759,-4.513255687364677
514.107,-4.435428380214686
514.456,-4.501487759614505
514.804,-4.48454779487199
515.152,-4.516333050733266
515.499,-4.529645725094392
515.847,-4.52881895889618
516.195,-4.5345644203111615
516.543,-4.523816620224619
516.891,-4.520910420345414
517.238,-4.577243875500404
517.586,-4.532754586275881
517.934,-4.532028125863492
518.281,-4.5282735735750395
518.629,-4.543800136930212
518.976,-4.516401839731433
519.324,-4.65256171970514
519.671,-4.539535511684154
520.018,-4.543383953503685
520.365,-4.542224419758868
520.713,-4.600411821288726
521.06,-4.620577384745294
521.407,-4.617955046723455
521.754,-4.5163075472184895
522.101,-4.5876408919649
522.448,-4.5539297868379
522.795,-4.6175172294889855
523.142,-4.573664854721217
523.489,-4.595141885011716
523.836,-4.586081491535417
524.182,-4.549135164680241
524.529,-4.595524459144548
524.876,-4.623725207370302
525.222,-4.604418094775864
525.569,-4.617110794801954
525.915,-4.575907330721135
526.262,-4.546211646482138
526.608,-4.570014662277014
526.954,-4.633321971324064
527.301,-4.56002024754753
527.647,-4.608758472731097
527.993,-4.616167721937373
528.339,-4.590299351990113
528.686,-4.582171817264062
529.032,-4.554682425815874
529.378,-4.5444501613377275
529.724,-4.588708203831233
530.07,-4.543839721580034
530.415,-4.542030873197502
530.761,-4.58470715303984
531.107,-4.619458092493802
531.453,-4.590389368610557
531.799,-4.638274138984266
532.144,-4.543077522559052
532.49,-4.550825138806912
532.835,-4.5638633346643145
533.181,-4.502731702290427
533.526,-4.494241615770112
533.872,-4.442821730387332
534.217,-4.4970747667451105
534.562,-4.518848234666499
534.908,-4.444725973750165
535.253,-4.441004917039578
535.598,-4.424682778904552
535.943,-4.401180023282844
536.288,-4.403403143709491
536.633,-4.367440653266126
536.978,-4.381136572762475
537.323,-4.335483127849938
537.668,-4.321523156212733
538.013,-4.346534935960924
538.358,-4.331090426508043
538.702,-4.346140430474728
539.047,-4.349718019936792
539.392,-4.324674232952745
539.736,-4.366740697312556
540.081,-4.3391452669703785
540.425,-4.285069383196739
540.77,-4.302836618479677
541.114,-4.322044569645016
541.459,-4.358235497511408
541.803,-4.365161456116267
542.147,-4.350195361469582
542.491,-4.393766126975436
542.835,-4.397146344149353
543.18,-4.40574678054802
543.524,-4.44561557561429
543.868,-4.40331572279579
544.212,-4.404565307210244
544.556,-4.43330046091029
544.899,-4.455536871524822
545.243,-4.444401926670785
545.587,-4.472587781536745
545.931,-4.454960768380528
546.274,-4.437879866410407
546.618,-4.448936067951134
546.962,-4.470731339723073
547.305,-4.5082925691089075
547.649,-4.477436630085039
547.992,-4.459208824221396
548.336,-4.507991096206147
548.679,-4.453140847070021
549.022,-4.455618015685165
549.365,-4.508475715972048
549.709,-4.463820529178325
550.052,-4.508961329628463
550.395,-4.518032669975963
550.738,-4.5184873214315555
551.081,-4.418961641799526
551.424,-4.485158894424785
551.767,-4.478579458081378
552.11,-4.430819792605803
552.453,-4.493430819967649
552.795,-4.489197424478505
553.138,-4.558233017635561
553.481,-4.479444823843763
553.823,-4.481118460777726
554.166,-4.493273172145044
554.508,-4.457406347440586
554.851,-4.481652148817497
555.193,-4.505853647022649
555.536,-4.5558134769997185
555.878,-4.467478472815881
556.22,-4.516346101635
556.563,-4.559999924299581
556.905,-4.490624182591694
557.247,-4.536325194503672
557.589,-4.508362072740997
557.931,-4.455245094631579
558.273,-4.47544215825059
558.615,-4.470905936449337
558.957,-4.517325967437493
559.299,-4.515824012721225
559.64,-4.491474762391848
559.982,-4.517765204188083
560.324,-4.525994751942329
560.666,-4.521970982635181
561.007,-4.528122242620009
561.349,-4.532380596994616
561.69,-4.484943328336215
562.032,-4.459902667180695
562.373,-4.560463104828986
562.715,-4.487941095517192
563.056,-4.561985944012266
563.397,-4.514736899695819
563.738,-4.48476583462379
564.08,-4.50562885680693
564.421,-4.573577777135789
564.762,-4.5440920683435975
565.103,-4.5092492733795435
565.444,-4.545679443302609
565.785,-4.5628182645106685
566.126,-4.503331677641315
566.466,-4.502385965115455
566.807,-4.534480229726913
567.148,-4.550776799760945
567.489,-4.503872103876546
567.829,-4.432554792861348
568.17,-4.469576701150573
568.51,-4.429641890449853
568.851,-4.456921031437088
569.191,-4.435370491067127
569.532,-4.431987306020716
569.872,-4.455651123494566
570.212,-4.473644693163781
570.553,-4.4034638690219445
570.893,-4.439160700289318
571.233,-4.433438940104907
571.573,-4.344561347033958
571.913,-4.468759736738457
572.253,-4.415042199857511
572.593,-4.4573606470746645
572.933,-4.4744652437391155
573.273,-4.450203827475148
573.613,-4.404438361641272
573.952,-4.471648399857109
574.292,-4.458145191060098
574.632,-4.421870265646713
574.971,-4.421246232638559
575.311,-4.476705736408386
575.65,-4.484522480052195
575.99,-4.454006839373051
576.329,-4.506607279072786
576.669,-4.506922677510548
577.008,-4.52497710033634
577.347,-4.570403311052392
577.687,-4.483976686035236
578.026,-4.484752978965247
578.365,-4.529733681938542
578.704,-4.543330162246374
579.043,-4.494921518622765
579.382,-4.542677337254977
579.721,-4.540554689616112
580.06,-4.580916995208852
580.399,-4.589784993400206
580.737,-4.527357174288969
581.076,-4.493574037506512
581.415,-4.5216043318357
581.753,-4.515449444835185
582.092,-4.531650640695208
582.431,-4.458318816619445
582.769,-4.546208212040452
583.108,-4.494577720962244
583.446,-4.517665303307373
583.784,-4.549665964310584
584.123,-4.611311897675815
584.461,-4.5549402626925675
584.799,-4.583489366018121
585.137,-4.564328933168363
585.475,-4.541724419434755
585.813,-4.514851407496476
586.151,-4.56834087865674
586.489,-4.524520151376284
586.827,-4.562965838388192
587.165,-4.571628708602927
587.503,-4.521404221741447
587.841,-4.553139483488634
588.178,-4.459069720900615
588.516,-4.5041670396112945
588.854,-4.5356486280107795
589.191,-4.504327116579362
589.529,-4.518331744322222
589.866,-4.489865655639858
590.204,-4.476499914196
590.541,-4.4816713550204925
590.878,-4.475191882970023
591.215,-4.470653956871164
591.553,-4.467691945805735
591.89,-4.416565772118745
592.227,-4.430792716694095
592.564,-4.4910052500882225
592.901,-4.407214189387787
593.238,-4.4394795200154515
593.575,-4.468987808107462
593.912,-4.439792824233247
594.249,-4.48156822027574
594.585,-4.42026718608544
594.922,-4.492559361798416
595.259,-4.473177033815374
595.595,-4.409477166324077
595.932,-4.468761912295246
596.269,-4.448255149820043
596.605,-4.463471239332782
596.941,-4.43186518319063
597.278,-4.5089383247605905
597.614,-4.438811197018145
597.95,-4.503819972478808
598.287,-4.48979908755064
598.623,-4.527794569968465
598.959,-4.5011392445079315
599.295,-4.459100072785292
599.631,-4.514401907233344
599.967,-4.502222949113203
600.303,-4.532510988025918
600.639,-4.4299463708961015
600.975,-4.548316162194119
601.311,-4.523222491206992
601.646,-4.532573630423572
601.982,-4.452369909880052
602.318,-4.52856187455393
602.653,-4.562137431470255
602.989,-4.531111866451543
603.324,-4.519371114259608
603.66,-4.510713972058034
603.995,-4.553576063810124
604.331,-4.528721957643054
604.666,-4.535295042594869
605.001,-4.519293076032411
605.336,-4.558546863562282
605.671,-4.574330025735036
606.007,-4.511073861116179
606.342,-4.574239947060089
606.677,-4.555416626816396
607.012,-4.564586576146209
607.346,-4.58736465362316
607.681,-4.6238785935692235
608.016,-4.590988949292279
608.351,-4.586031783593295
608.686,-4.607316332107229
609.02,-4.592774386641511
609.355,-4.55224406044533
609.689,-4.50970491791959
610.024,-4.544045555383781
610.358,-4.552250450268673
610.693,-4.610157857169289
611.027,-4.599029627624055
611.361,-4.539918210758682
611.696,-4.555805333313131
612.03,-4.621493338181985
612.364,-4.559904823275407
612.698,-4.542421312473058
613.032,-4.523928779970363
613.366,-4.590327551152728
613.7,-4.502944806112722
614.034,-4.558727483204366
614.368,-4.622092257473473
614.702,-4.558055398204812
615.035,-4.532041724535936
615.369,-4.537390807105386
615.703,-4.571933422612219
616.036,-4.569825490462664
616.37,-4.59214194800785
616.703,-4.58935373788097
617.037,-4.583080773068112
617.37,-4.632400156474122
617.704,-4.572491742043154
618.037,-4.587420821913995
618.37,-4.553768717682516
618.704,-4.574383927938021
619.037,-4.492614760786028
619.37,-4.613244551321909
619.703,-4.627150498542134
620.036,-4.54008412172743
620.369,-4.573242512261054
620.702,-4.615051870332813
621.035,-4.562931048494062
621.367,-4.552183022001759
621.7,-4.551030747225821
622.033,-4.641674335971309
622.366,-4.633500490363427
622.698,-4.610127696301617
623.031,-4.606873052289798
623.363,-4.564619844116706
623.696,-4.574298105048288
624.028,-4.583961839467685
624.361,-4.575220954484817
624.693,-4.613828512331703
625.025,-4.544710230217525
625.357,-4.540860806402249
625.689,-4.6066256432188535
626.022,-4.630038277159552
626.354,-4.57171968040091
626.686,-4.5363761327516405
627.018,-4.564610548034457
627.35,-4.630526207333618
627.681,-4.604760389219249
628.013,-4.6126834662029275
628.345,-4.639778090546865
628.677,-4.611464566082407
629.008,-4.637413125584883
629.34,-4.629703209426136
629.672,-4.585789921621913
630.003,-4.565228522565695
630.335,-4.641118617561347
630.666,-4.581147119106044
630.997,-4.6398146690086985
631.329,-4.596320777474293
631.66,-4.629999100122735
631.991,-4.65552961857663
632.322,-4.603195508968324
632.653,-4.584429041605312
632.984,-4.641009016931399
633.316,-4.550424191558477
633.646,-4.609064962108599
633.977,-4.572127786546135
634.308,-4.6259905139755615
634.639,-4.581525943834963
634.97,-4.592163882858744
635.301,-4.632575602884386
635.631,-4.618746567417718
635.962,-4.616533053193762
636.292,-4.625686278366471
636.623,-4.677816620976303
636.953,-4.584392644924129
637.284,-4.644093077558868
637.614,-4.586840454989
637.944,-4.628326430536764
638.275,-4.570429235048002
638.605,-4.589255951899663
638.935,-4.611222275064166
639.265,-4.6334073781304514
639.595,-4.618082088121446
639.925,-4.564558587582365
640.255,-4.623087849934359
640.585,-4.607827438327758
640.915,-4.603334305006844
641.245,-4.660558214699782
641.575,-4.655741452161507
641.904,-4.613097046736382
642.234,-4.597638300425658
642.564,-4.713123562043559
642.893,-4.608859956493421
643.223,-4.672935322661528
643.552,-4.6400445396844585
643.882,-4.633326409846873
644.211,-4.6132222495243305
644.54,-4.623003107003083
644.869,-4.64512525722118
645.199,-4.609320833670788
645.528,-4.674199494024513
645.857,-4.661812189416505
646.186,-4.649126937891153
646.515,-4.696320873511055
646.844,-4.687421342158368
647.173,-4.673105690288957
647.502,-4.663515378911388
647.83,-4.580031746728985
648.159,-4.584451043591535
648.488,-4.657167679539714
648.817,-4.63086303206767
649.145,-4.569665465469788
649.474,-4.594594567116146
649.802,-4.634951838550415
650.131,-4.673252497223998
650.459,-4.612426920054111
650.787,-4.619712687032777
651.116,-4.715154346987402
651.444,-4.619467785179419
651.772,-4.6688634396275805
652.1,-4.640957588342527
652.428,-4.6341033571724894
652.756,-4.678632504008495
653.084,-4.711451527248192
653.412,-4.641266112101477
653.74,-4.71939615523411
654.068,-4.621382243358266
654.396,-4.622258757830128
654.724,-4.680705627811083
655.051,-4.64192453939818
655.379,-4.641372508208159
655.707,-4.675802415709938
656.034,-4.633616810537812
656.362,-4.6556891628598756
656.689,-4.603748110019479
657.016,-4.63799854197248
657.344,-4.583955460686166
657.671,-4.5724691718900345
657.998,-4.639284841449896
658.325,-4.626495704051281
658.653,-4.60686672639202
658.98,-4.642049771423494
659.307,-4.521664580314959
659.634,-4.681878136187192
659.961,-4.675105331042504
660.287,-4.587711051948549
660.614,-4.552577258626052
660.941,-4.608093475159945
661.268,-4.57017310209729
661.595,-4.574728494062782
661.921,-4.635915394534952
662.248,-4.643563553073438
662.574,-4.642938398135605
662.901,-4.630596594780802
663.227,-4.639900672267363
663.553,-4.609842685473833
663.88,-4.608851251139327
664.206,-4.670379880596747
664.532,-4.6005221574309125
664.858,-4.671413669604954
665.185,-4.608274303018523
665.511,-4.736043280949436
665.837,-4.584950190284654
666.163,-4.61209076619997
666.489,-4.680699714640109
666.814,-4.567972412217119
667.14,-4.643009132453286
667.466,-4.638828771230032
667.792,-4.665952875013301
668.117,-4.629854890695308
668.443,-4.625775577638879
668.769,-4.5705565755748
669.094,-4.6875999921109015
669.419,-4.690069907611898
669.745,-4.683132474052933
670.07,-4.673869005393482
670.396,-4.69626150943999
670.721,-4.689973722220681
671.046,-4.7033323822510305
671.371,-4.679469614273
671.696,-4.583432737807782
672.021,-4.600727082583326
672.346,-4.6687811267602255
672.671,-4.655987546516213
672.996,-4.5851824644961745
673.321,-4.711461371246201
673.646,-4.565227650574445
673.97,-4.6822908213326615
674.295,-4.623129885379812
674.62,-4.695678453722868
674.944,-4.706455140931778
675.269,-4.720778070230968
675.593,-4.602353168078205
675.918,-4.648759607689934
676.242,-4.650419735238708
676.567,-4.699374023024653
676.891,-4.62633087143284
677.215,-4.628068683484489
677.539,-4.665017443369497
677.863,-4.642880665289967
678.187,-4.6353453729892795
678.511,-4.631555141366193
678.835,-4.587954162431149
679.159,-4.555383575728859
679.483,-4.675315538902318
679.807,-4.664499243599905
680.131,-4.651062501855109
680.455,-4.619904840671759
680.778,-4.659822755792381
681.102,-4.70788624386789
681.425,-4.673533608655417
681.749,-4.668889229297184
682.072,-4.590328736629649
682.396,-4.606106038749354
682.719,-4.658502710289257
683.042,-4.671916641394466
683.366,-4.591297380197877
683.689,-4.652160507680418
684.012,-4.673293862741413
684.335,-4.611709979414616
684.658,-4.6431301480547065
684.981,-4.7108034060213795
685.304,-4.6605155373612766
685.627,-4.6222087485506105
685.95,-4.636386886811384
686.273,-4.630847149550979
686.595,-4.678175080916603
686.918,-4.588807280741075
687.241,-4.655851288813221
687.563,-4.6148998946723125
687.886,-4.651429598216866
688.208,-4.71037343355966
688.531,-4.638054093633938
688.853,-4.633619425814868
689.175,-4.571673941460113
689.498,-4.644880911348072
689.82,-4.601107349327695
690.142,-4.626765006945512
690.464,-4.6124015750191365
690.786,-4.6583419834735755
691.108,-4.549181499572822
691.43,-4.571089482163593
691.752,-4.686331521972756
692.074,-4.567474137714044
692.396,-4.685106011968187
692.718,-4.659700426095375
693.039,-4.697012957861711
693.361,-4.667298118189788
693.683,-4.732667258083132
694.004,-4.611017479024206
694.326,-4.6521866338992375
694.647,-4.638348747384583
694.969,-4.671738281441703
695.29,-4.590979717547865
695.611,-4.658778487158592
695.932,-4.593838851733617
696.254,-4.602786153958393
696.575,-4.590062059077496
696.896,-4.598923960327335
697.217,-4.647272988484518
697.538,-4.6625627619217775
697.859,-4.658451855862976
698.18,-4.640037550954361
698.501,-4.7548725956910864
698.821,-4.6533564980001225
699.142,-4.628968342955565
699.463,-4.547184455126307
699.783,-4.540291824193965
700.104,-4.575011234562977
700.424,-4.629233058512067
700.745,-4.616986114865264
701.065,-4.7225384802786925
701.386,-4.6494178751644295
701.706,-4.6974221399807865
702.026,-4.659190637811491
702.347,-4.700839927551001
702.667,-4.722345833296419
702.987,-4.656172160244356
703.307,-4.646748658468139
703.627,-4.68105884008563
703.947,-4.618770297532384
704.267,-4.66580490515963
704.587,-4.660268981515491
704.906,-4.821392223838038
705.226,-4.724245215149044
705.546,-4.676423719900784
705.865,-4.641520324714417
706.185,-4.5878407975566455
706.505,-4.667684077796103
706.824,-4.659091743809073
707.143,-4.634951566960144
707.463,-4.637397293883691
707.782,-4.6946209161494385
708.101,-4.600138278861897
708.421,-4.608287334379459
708.74,-4.632470975636158
709.059,-4.662453358361105
709.378,-4.593628237091882
709.697,-4.679780249242025
710.016,-4.6803977598765485
710.335,-4.7015709268965
710.654,-4.738296132803724
710.973,-4.758683530901315
711.291,-4.717241967749109
711.61,-4.673182414767474
711.929,-4.659877811495817
712.247,-4.59076731298852
712.566,-4.725352300743902
712.884,-4.74519382432578
713.203,-4.829042355804278
713.521,-4.638413897077722
713.84,-4.6442789790189245
714.158,-4.596285561703522
714.476,-4.624124625009008
714.794,-4.514777802972609
715.112,-4.726123290123691
715.431,-4.671982298042349
715.749,-4.695471103890707
716.067,-4.6738113604050255
716.384,-4.624242002914655
716.702,-4.6999530800051055
717.02,-4.721557654974716
717.338,-4.534453074237993
717.656,-4.681967042853745
717.973,-4.648654249564511
718.291,-4.579408253198064
718.608,-4.596780126588153
718.926,-4.659507346203968
719.243,-4.6681012607247405
719.561,-4.637592096056817
719.878,-4.536635323411796
720.195,-4.602131510758665
720.513,-4.623459117623124
720.83,-4.721934449400801
721.147,-4.5876151770088915
721.464,-4.644142777754119
721.781,-4.703555947934189
722.098,-4.631040031399376
722.415,-4.602351560633334
722.732,-4.703808923525187
723.049,-4.609955851752751
723.366,-4.613792742344822
723.682,-4.8273580313916264
723.999,-4.71459555947358
724.316,-4.63581367970959
724.632,-4.543485399844992
724.949,-4.679282120244732
725.265,-4.709110269207374
725.582,-4.634559193422963
725.898,-4.712968906215017
726.214,-4.668983944725236
726.53,-4.5591382687463495
726.847,-4.638905222495493
727.163,-4.600014134074588
727.479,-4.730907113796349
727.795,-4.704689963078652
728.111,-4.688968253158766
728.427,-4.592457657954189
728.743,-4.7160426214837
729.059,-4.558390508708429
729.374,-4.663432178539525
729.69,-4.787443280987897
730.006,-4.67671180041225
730.321,-4.673643893233296
730.637,-4.6985440323824434
730.952,-4.641941156635516
731.268,-4.593314694263577
731.583,-4.697496335270167
731.899,-4.739055345786313
732.214,-4.749295596253469
732.529,-4.814041560714447
732.844,-4.664725045114766
733.16,-4.720116992985502
733.475,-4.889421649293565
733.79,-4.641045830985601
734.105,-4.652594432650366
734.42,-4.673611126341102
734.735,-4.752975988247832
735.049,-4.812239029138771
735.364,-4.619203576263854
735.679,-4.5760881618667835
735.994,-4.713300414278095
736.308,-4.6693541229907645
736.623,-4.604303410288779
736.937,-4.856564612304929
737.252,-4.801729239024918
737.566,-4.656963174488654
737.881,-4.736353350031081
738.195,-4.744106926444649
738.509,-4.768904960610759
738.823,-4.614039597479908
739.137,-4.9227189211306115
739.452,-4.746795333644425
739.766,-4.708201132463921
740.08,-4.69366667039759
740.394,-4.79607050016648
740.707,-4.830873262535723
741.021,-4.795595297256986
741.335,-4.723449250434702
741.649,-4.880750599619936
741.962,-4.615319041026504
742.276,-4.718495353671097
742.59,-4.722948543538708
742.903,-4.687842001526017
743.217,-4.888788619163694
743.53,-4.809044281217573
743.843,-4.704051821250646
744.157,-4.881803180073578
744.47,-4.770754047963702
744.783,-4.674545479060201
745.096,-4.725406615267814
745.409,-4.63121843493768
745.722,-4.706548246129761
746.035,-4.717683327773246
746.348,-4.742420404423227
746.661,-4.880513058373537
746.974,-4.863957922228641
747.287,-4.857472886442783
747.6,-4.781782144967227
747.912,-4.761940461167491
748.225,-4.942148123778875
748.537,-4.716615638637857
748.85,-4.858879354712159
749.162,-4.822253001939476
749.475,-4.597072146162653
749.787,-4.753711021428655
750.099,-4.839086789612927
750.412,-5.0295625172737335
750.724,-4.910270497706019
751.036,-4.71621057285118
751.348,-4.8190145636925426
751.66,-4.739585013617825
751.972,-4.622912955935092
752.284,-4.75420953728851
752.596,-4.984996702828834
752.908,-4.803969201805171
753.219,-4.92880441962919
753.531,-4.732445319976445
753.843,-4.723408888496016
754.154,-4.89921414019212
754.466,-4.888484822457202
754.778,-4.847653486061608
755.089,-4.871264383632383
755.4,-4.8206585168596705
755.712,-4.998194134439425
756.023,-4.825421115686346
756.334,-4.927678011798513
756.645,-4.823175744697347
756.957,-4.762923102000343
757.268,-4.850841758480498
757.579,-4.8212925802143864
757.89,-4.834055541027787
758.201,-4.83761294669007
758.511,-4.998806461004972
758.822,-4.922328429448799
759.133,-4.839756483102398
759.444,-4.950034126204551
759.754,-4.919834948803234
760.065,-4.905002094152377
760.375,-4.825457297943612
760.686,-4.705431340411775
760.996,-4.828918656522093
761.307,-4.947821319418583
761.617,-4.870204615048412
761.927,-4.857057737287121
762.238,-4.856010700675775
762.548,-4.885951338548569
762.858,-4.67455049312059
763.168,-4.897633035820925
763.478,-4.936071126381312
763.788,-5.028341912010034
764.098,-4.873884172482609
764.408,-4.74312869888188
764.718,-5.035166604895953
765.027,-4.843463754142832
765.337,-4.873016026612448
765.647,-4.908765121098702
765.956,-5.01717169124141
766.266,-4.8734253711991515
766.575,-5.0733805487444235
766.885,-4.773161323234803
767.194,-5.00428950922424
767.503,-4.9000633542984255
767.813,-4.885029404444571
768.122,-4.951820127004738
768.431,-4.8092580433601855
768.74,-4.910538589400873
769.049,-4.859017643867609
769.358,-5.001877361642475
769.667,-4.964565649669403
769.976,-5.06141424940445
770.285,-4.952429902980521
770.594,-4.984972544141644
770.902,-4.958260375379061
771.211,-5.027598390310022
771.52,-5.087136502109783
771.828,-5.0498117237665205
772.137,-4.9474748451850425
772.445,-5.182984793003832
772.754,-5.051390499925995
773.062,-4.931125696647132
773.37,-5.258262937992423
773.678,-5.036096435205181
773.987,-5.035394441034216
774.295,-5.05891246065442
774.603,-4.958660185653711
774.911,-5.002743352276954
775.219,-4.932410674793839
775.527,-5.012818512384013
775.835,-4.847155372511477
776.142,-4.991491633596351
776.45,-4.975572082215155
776.758,-5.097149066288571
777.066,-4.959186655183768
777.373,-5.0854938689875935
777.681,-4.887013875452287
777.988,-5.13626275185792
778.296,-4.929701902980485
778.603,-5.02335742949225
778.91,-4.967795291275477
779.218,-4.724195578399286
779.525,-4.821152015886123
779.832,-4.9439263625907115
780.139,-4.878505061463848
780.446,-4.8742259114492645
780.753,-4.844746536430635
781.06,-5.121932800066414
781.367,-4.943788728961939
781.674,-4.631058060833145
781.981,-5.044193655795539
782.288,-5.0302738531194215
782.594,-5.107505023177904
782.901,-5.0412903862055805
783.207,-5.129020992103898
783.514,-5.014379504524134
783.82,-4.949628252019986
784.127,-5.246978772619044
784.433,-4.7729670330821286
784.74,-4.790791370397864
785.046,-5.00822037881672
785.352,-5.191004786695073
785.658,-4.860991154200939
785.964,-4.976873950954065
786.27,-4.776666509597654
786.576,-4.927715836302639
786.882,-5.131036516816459
787.188,-4.803743976462835
787.494,-5.070505153065053
787.8,-4.957518396108639
788.105,-4.997283236856579
788.411,-4.986111404649374
788.717,-4.827644873302983
789.022,-4.979402422368256
789.328,-5.080173936758195
789.633,-4.974453684537507
789.939,-5.163389493461236
790.244,-5.014896427627462
790.549,-4.748885241514461
790.855,-5.012643629770126
791.16,-5.129677828422781
791.465,-5.128920145627441
791.77,-5.0193507199018885
792.075,-4.86283692628057
792.38,-5.091243605511039
792.685,-5.010292221841702
792.99,-5.191506849662855
793.294,-5.2315220028399905
793.599,-5.028982883853108
793.904,-4.879246198985012
794.209,-4.909728645464608
794.513,-4.928183530841872
794.818,-4.848037127615662
795.122,-5.235744865904371
795.427,-5.285483488379982
795.731,-4.997724996189706
796.035,-5.116643865782692
796.339,-4.962760587501199
796.644,-4.985885806005476
796.948,-5.064698211963406
797.252,-4.581141077835606
797.556,-4.792854440209816
797.86,-4.8406564293156205
798.164,-4.815556741452336
798.468,-5.1970462982277486
798.772,-5.052457956354482
799.075,-4.9351275683585945
799.379,-5.007230608178612
799.683,-5.28329867588268
799.986,-5.162214996430281
800.29,-4.9502641753984165
800.593,-5.410131043636459
800.897,-4.667547516032102
801.2,-4.697202813991913
801.504,-4.966870138548646
801.807,-5.037672138711832
802.11,-4.849473679739686
802.413,-5.0528748661300575
802.716,-4.979586181335953
803.019,-4.977671207774427
803.322,-5.028775313251913
803.625,-5.079354582574799
803.928,-4.705716755698684
804.231,-4.952631796480627
804.534,-4.806937774138332
804.837,-5.3103130751825525
805.139,-4.821017967895492
805.442,-4.9137829009935015
805.745,-4.882707659907008
806.047,-4.9847717229860855
806.35,-5.057970817263019
806.652,-5.282810967176954
806.954,-5.1925578578222975
807.257,-4.945568580047946
807.559,-4.892550032146435
807.861,-4.809618582953672
808.163,-4.912642430971057
808.465,-5.217110133558081
808.767,-5.504983521133313
809.069,-4.836551093781765
809.371,-5.069944481688086
809.673,-4.817473125275599
809.975,-5.1140667468558805
810.277,-4.655331845890325
810.578,-5.172290923712338
810.88,-4.976718547816757
811.182,-4.865847745034635
811.483,-4.783034507310925
811.785,-4.868797621038883
812.086,-5.223262502265701
812.387,-5.097205846187901
812.689,-4.950094946914694
812.99,-5.1948546582332575
813.291,-4.994526221453659
813.592,-5.115291298022415
813.893,-4.928330679992122
814.195,-5.15595435804615
814.496,-4.876436989733073
814.796,-4.705728975908695
815.097,-5.082690193451322
815.398,-5.276946873010576
815.699,-4.738579677840498
816,-5.061001578115693
816.3,-5.363245414286687
816.601,-5.479699292049775
816.901,-4.696618625923229
817.202,-5.361702386886336
817.502,-4.845183383409676
817.803,-5.342377126371379
818.103,-5.179650487014005
818.403,-5.036263078713983
818.704,-4.94901963949453
819.004,-4.71001220823376
819.304,-4.81575380668837
819.604,-5.1327710396388575
819.904,-5.3461752373682225
820.204,-4.9682374387939765
820.504,-5.040155276407877
820.804,-4.625913640371803
821.104,-5.326285231745371
821.403,-5.085551829936097
821.703,-5.253586054439552
822.003,-4.861667805406497
822.302,-4.500428613536339
822.602,-5.179397109237815
822.901,-5.461234032373515
823.201,-4.991038885352205
823.5,-5.485381141599721
823.799,-4.824968664675364
824.098,-4.817691766995356
824.398,-4.969069927611125
824.697,-4.920332306916508
824.996,-4.6073754238013445
825.295,-4.723625424377015
825.594,-4.762959069797566
825.893,-5.365338366419154
826.192,-4.702449790403951
826.49,-5.203181749826813
826.789,-4.402788959072601
827.088,-4.870125314663855
827.386,-4.579721848164447
827.685,-5.052880546532975
827.983,-5.501704851554096
828.282,-5.827753514447106
828.58,-5.464124927007084
828.879,-4.765061440770769
829.177,-5.066113948970284
829.475,-5.425621895119249
829.773,-4.542734194375753
830.072,-5.122176039371213
830.37,-5.092549067027906
830.668,-5.5273788416802505
830.966,-4.619150914072721
831.264,-4.774206693617045
831.562,-5.180475789479466
831.859,-4.926189058352106
832.157,-4.909838843878959
832.455,-5.237431458974001
832.752,-5.8996173938959044
833.05,-4.536014617441483
833.348,-5.0093997311714435
833.645,-5.852999631793325
833.942,-5.546719799455793
834.24,-4.399483357814225
834.537,-5.326062192804018
834.834,-5.149436254837085
835.132,-5.243227299470221
835.429,-4.702886327698077
835.726,-5.026717592146779
836.023,-4.6474819904233335
836.32,-4.816022125794834
836.617,-5.279388899803783
836.914,-5.229346641428382
837.21,-4.842313960920512
837.507,-5.179476710369899
837.804,-5.074618858693547
838.101,-4.999428719472539
838.397,-4.361055336269735
838.694,-4.861361025487296
838.99,-5.341494216322003
839.287,-5.431381629449519
839.583,-5.200375130132481
839.879,-4.6950332053512165
840.176,-5.215620040081462
840.472,-4.933132840785563
840.768,-5.227801355825177
841.064,-5.793483492620577
841.36,-4.970132161306313
841.656,-5.277758615369755
841.952,-4.646239793089145
842.248,-4.9330959762606765
842.544,-5.062574824413714
842.839,-5.29091926037931
843.135,-5.347105589781772
843.431,-5.8389765641891636
843.726,-4.632792766448828
844.022,-5.237237082731252
844.317,-4.397368561754085
844.613,-4.482247085324346
844.908,-4.941209899575089
845.204,-5.487255332079821
845.499,-5.344144850778086
845.794,-5.468945399387811
846.089,-4.856170674495888
846.384,-5.123878535907224
846.679,-4.47945513021527
846.974,-5.245067822623433
847.269,-5.296147727724006
847.564,-4.445442917053743
847.859,-4.584197483969584
848.154,-5.203772303786121
848.448,-4.978566568853024
848.743,-4.85950045237536
849.038,-5.300535392245591
849.332,-4.913294362283102
849.627,-5.642452778752148
849.921,-4.8937707266480714
850.215,-5.5845599837914275
850.51,-5.353570986807462
850.804,-5.276838203057177
851.098,-5.555801765686724
851.392,-5.7998980370659785
851.686,-4.658482054252207
851.981,-5.3997369248107345
852.275,-4.945452812251843
852.568,-5.264497722127569
852.862,-5.046997955710321
853.156,-4.638778906019801
853.45,-5.08135625454204
853.744,-4.809758966545482
854.037,-4.75045205856309
854.331,-5.499992094700755
854.624,-5.4243524012873765
854.918,-4.633720251715329
855.211,-4.969617247237922
855.505,-5.3446964076920125
855.798,-5.1559618793258695
856.091,-4.853997144035418
856.384,-4.733346194362326
856.678,-4.937486279018634
856.971,-5.0462035795874804
857.264,-4.774585141025788
857.557,-4.817091056397911
857.85,-4.652499780180884
858.143,-4.952004911131443
858.435,-4.736908498323583
858.728,-4.721934134895516
859.021,-4.86260921023919
859.313,-4.9445404272147755
859.606,-5.097565421331033
859.899,-4.599410332268057
860.191,-4.640048972749364
860.483,-4.87236636241954
860.776,-5.399927793439566
861.068,-4.656613245962611
861.36,-4.949240280187884
861.653,-4.830787453235058
861.945,-4.878279122966239
862.237,-4.817988915368216
862.529,-5.292727256630392
862.821,-5.2104339888976225
863.113,-5.0714153632324415
863.405,-5.033008972333449
863.696,-4.967465910122838
863.988,-5.366432747641647
864.28,-4.725604451912445
864.572,-5.797270500906335
864.863,-4.780001809846079
865.155,-5.066678897505506
865.446,-4.904131070133662
865.738,-6.273261691111016
866.029,-4.9548817414356545
866.32,-5.090838265484453
866.611,-4.447663778765758
866.903,-5.460338950606055
867.194,-6.597010765485543
867.485,-4.862981159943169
867.776,-5.382559787198241
868.067,-5.53751389764569
868.358,-5.2598385302663155
868.649,-4.5453778325128145
868.939,-6.172710387821476
869.23,-5.62869292415467
869.521,-5.083461829842048
869.811,-5.243490922700096
870.102,-4.620388512386609
870.393,-4.90334809461198
870.683,-3.7611713847520973
870.973,-4.953100291223295
871.264,-3.687956657334118
871.554,-5.778168554494451
871.844,-7.249824023866496
872.135,-5.500107064693019
872.425,-4.189599926320256
872.715,-6.577274981492744
873.005,-6.0011163391841365
873.295,-4.598753633303735
873.585,-3.556244581072138
873.874,-4.570202280337695
874.164,-2.853181414645394
874.454,-3.879235318758306
874.744,-4.576584211057137
875.033,-5.037050034883065
875.323,-5.293235550346408
875.612,-4.4623186840768865
875.902,-3.898508084840987
876.191,-4.686953541921949
876.48,-4.693103715978503
876.77,-9.851189709878819
877.059,-3.8026839016388023
877.348,-5.2600584651689175
877.637,-3.9564457716066297
877.926,-5.111817980873661
878.215,-5.073060659462342
878.504,-4.62048434889706
878.793,-4.21147151718593
879.082,-2.44590760399823
879.371,-4.324917325842575
879.659,-5.621045374244829
879.948,-5.398707055541553
880.237,-4.737075873852717
880.525,-4.198869114857824
880.814,-5.082230104903599
881.102,-4.021789749993431
881.391,-4.619231497864066
881.679,-3.929615955078196
881.967,-5.612846887563074
882.255,-4.20656217698453
882.544,-6.079798642856844
882.832,-4.12569412920819
883.12,-4.461097188854167
883.408,-7.394092453745542
883.696,-4.83312631765876
883.983,-3.659250160274406
884.271,-4.884562813970705
