153.834,-1.0427778100361609
154.224,0.0
154.614,0.8872957198087117
155.005,4.5526986283586135
155.395,1.308303104662627
155.785,-0.8372727025023003
156.176,0.0
156.566,-1.8604315944351426
156.956,-0.21981497118244292
157.346,1.097972309105124
157.736,1.13334447848964
158.126,-1.3978339668007005
158.516,-1.7332036871586343
158.906,3.2539961345599275
159.296,-0.3932929238921133
159.686,1.5480081711736386
160.075,2.540560723241005
160.465,1.8751749726932194
160.855,0.6020599913279624
161.245,0.0
161.634,0.930794277148298
162.024,-0.11809931207799451
162.414,-0.6497215694194165
162.803,2.7735027357399993
163.193,0.35218251811136253
163.582,0.36259695953109855
163.971,-1.8953370409935217
164.361,0.0
164.75,0.43455500277801423
165.139,0.0
165.529,2.6728700500676084
165.918,1.2398231370176571
166.307,-0.5829757106708279
166.696,-1.0372940891498814
167.085,1.0279378878521166
167.474,2.772113295386327
167.863,0.0
168.252,0.47712125471966244
168.641,0.0
169.03,-0.6552358924994398
169.419,3.0877141272409796
169.808,1.8716810789680576
170.197,-1.871320936865269
170.585,1.1263488616703978
170.974,-1.3485482334562684
171.363,1.573018452708798
171.751,-3.0575234134727496
172.14,-1.5899049414992605
172.529,2.2426576836098127
172.917,0.3912066260130692
173.306,-0.8640658790902368
173.694,-0.32895267739288775
174.082,-2.176333865167352
174.471,0.5757310526056132
174.859,-2.7848542207961917
175.247,1.1871660677319609
175.635,0.0
176.024,-5.960394964110658
176.412,-0.7769883467450232
176.8,-2.3785114568337113
177.188,-3.081294976678994
177.576,-3.053324747029807
177.964,2.7504722798690633
178.352,0.0
178.74,1.5749198112791984
179.128,0.0
179.515,2.665690681406682
179.903,0.0
180.291,1.6485945492389962
180.679,1.1789227821749435
181.066,0.0
181.454,0.2888727632019855
181.842,2.674302534188568
182.229,3.299429733470665
182.617,0.17646901813857138
183.004,2.074134638361743
183.391,0.30786942019428665
183.779,0.0
184.166,1.661231742655534
184.554,2.8824510292259853
184.941,-1.557807855764604
185.328,1.069583465389997
185.715,0.0
186.102,1.8627275283179747
186.489,3.196059891466221
186.876,-2.933590091608661
187.263,1.9484666949968354
187.65,-0.6020599913279624
188.037,2.764653319668454
188.424,0.0
188.811,-6.282103605715248
189.198,-4.449965151719558
189.585,-4.325850419364591
189.971,-5.000131212576253
190.358,-3.8130938304432362
190.745,-4.691634716434287
191.131,-4.892353286547611
191.518,-5.416941290561671
191.905,-4.788817689127442
192.291,-4.9947333463941135
192.677,-4.341613882195572
193.064,-4.95046087736581
193.45,-4.269650009873919
193.837,-4.351662046756701
194.223,-3.884337112507177
194.609,-4.351524463519792
194.995,-5.134038804678247
195.381,-6.057012557921282
195.768,-6.261049089202406
196.154,-5.80250959102111
196.54,-6.911623516069561
196.926,-5.147563732194435
197.312,-5.011955515959409
197.698,-3.9418227845285347
198.084,-5.762697987162025
198.469,-5.8093460777896375
198.855,-4.211516798063606
199.241,-4.410506181638019
199.627,-4.438138582338297
200.012,-5.071656395338929
200.398,-5.250431033446675
200.784,-4.112000876368298
201.169,-4.6072687041600044
201.555,-4.967147456474392
201.94,-5.73689347637677
202.326,-4.152301678523652
202.711,-4.078820399920894
203.096,-4.608344838494062
203.482,-4.315633753279329
203.867,-5.508944555411034
204.252,-5.2414940208504675
204.637,-4.172923618466226
205.023,-4.962488516338082
205.408,-5.605910778922579
205.793,-5.985310332439109
206.178,-5.260869353953651
206.563,-3.825129730460976
206.948,-4.0694876983730905
207.333,-3.597897215267802
207.718,-4.187022930920709
208.102,-4.117169837556464
208.487,-4.837014550473859
208.872,-3.5653164191442364
209.257,-4.577947078039439
209.641,-4.950332907026967
210.026,-5.531075985253968
210.41,-4.99423689904198
210.795,-4.425860427831655
211.18,-4.159005825334136
211.564,-4.677661353013178
211.948,-4.97296779863353
212.333,-5.21502474349046
212.717,-5.008112244700039
213.101,-5.160700975275046
213.486,-4.129682264618611
213.87,-5.165937855620899
214.254,-4.488394802345249
214.638,-5.427424541898494
215.022,-4.311218975097635
215.406,-4.819557134955904
215.79,-3.9510772349717227
216.174,-4.866761854940043
216.558,-4.488820583666756
216.942,-5.0312815277060245
217.326,-7.313452499566122
217.71,-5.662013749609436
218.094,-3.3866410841063703
218.477,-4.424054903838133
218.861,-5.842386685861044
219.245,-4.052510294274252
219.628,-3.7936091733208244
220.012,-4.546253688874126
220.395,-5.678530131658458
220.779,-4.526497658828542
221.162,-5.873725891874058
221.546,-3.960119814037711
221.929,-4.020863424908578
222.312,-5.52814304083451
222.696,-4.479473075821724
223.079,-4.4826970514423845
223.462,-3.5123594780299583
223.845,-5.75139171115122
224.228,-3.6478143082978023
224.611,-5.099846223559741
224.994,-4.370276767379004
225.377,-4.523568116194785
225.76,-4.667803782665686
226.143,-4.840040765801402
226.526,-5.336622854186474
226.909,-4.524266875411682
227.292,-6.418913598739733
227.675,-4.208030715571361
228.057,-5.045655675290568
228.44,-5.377296258113264
228.822,-4.199243882899861
229.205,-4.604715857456661
229.588,-4.238180520266942
229.97,-4.865173821607286
230.353,-4.602861911217138
230.735,-5.475596905736869
231.117,-5.604080756599081
231.5,-4.705385279293201
231.882,-5.729812467274008
232.264,-4.278529121882348
232.646,-4.194862385597694
233.029,-4.8015388882286665
233.411,-4.241482189019062
233.793,-4.722337240763872
234.175,-3.5051765075730104
234.557,-4.6716653261038745
234.939,-4.722552397876083
235.321,-4.803036032998041
235.703,-4.886387131372819
236.084,-4.858654394236337
236.466,-5.869679320693287
236.848,-5.323178419501305
237.23,-6.411224242355988
237.611,-5.203214519025259
237.993,-5.985012256787425
238.375,-5.185137200589983
238.756,-4.342058126506334
239.138,-4.404223844592686
239.519,-5.316305178473967
239.901,-4.928551528008203
240.282,-5.458608036812415
240.663,-4.819050886613404
241.045,-5.020208127747388
241.426,-3.988450344027232
241.807,-4.560834191204456
242.188,-4.205140587963158
242.569,-5.486244764780239
242.95,-4.305531658366555
243.332,-4.459459694970966
243.713,-4.48197275559929
244.093,-4.740715771208472
244.474,-4.882487974249395
244.855,-6.4943730429289035
245.236,-4.483974365181685
245.617,-4.190824913456923
245.998,-5.042632765574634
246.378,-4.173645165654684
246.759,-4.889149216734729
247.14,-4.495410960499054
247.52,-3.885057185065535
247.901,-4.94613982316713
248.281,-5.130824742836156
248.662,-4.039414659978509
249.042,-4.900090158060211
249.423,-3.8758014471803333
249.803,-5.50996810383491
250.183,-4.770832175768008
250.564,-3.9948410629180398
250.944,-4.452023075777739
251.324,-4.555418410712436
251.704,-5.039019781354053
252.084,-4.242783625786467
252.464,-5.628391369835315
252.844,-4.966124713865826
253.224,-5.111553889290136
253.604,-4.469986079120412
253.984,-4.239845084573775
254.364,-4.928059255188291
254.744,-4.313711311037413
255.124,-4.685768564785464
255.503,-3.463803638563278
255.883,-4.909980322353429
256.263,-5.560378312267932
256.642,-5.2911643034182125
257.022,-5.85328752610479
257.401,-5.2744090873272915
257.781,-5.928410668189375
258.16,-4.585482769206261
258.539,-4.54360998656378
258.919,-4.378808690719229
259.298,-3.987148633026453
259.677,-4.650628690637565
260.057,-4.736303465538405
260.436,-4.630881765842106
260.815,-4.889527742297162
261.194,-4.480649312891589
261.573,-4.046418077934706
261.952,-4.2352180462182325
262.331,-4.374843495484792
262.71,-4.347627317217341
263.089,-5.369517517241917
263.468,-7.1849903026222615
263.847,-5.974662181180209
264.225,-4.643249154209263
264.604,-4.736598863545851
264.983,-4.722238427106759
265.361,-5.308560776732569
265.74,-4.681710061616128
266.118,-5.268562173029873
266.497,-4.278570165379143
266.875,-4.676108666523348
267.254,-5.654547920787122
267.632,-4.669851137265574
268.011,-4.596510116044922
268.389,-4.261484876344009
268.767,-6.030624979814051
269.145,-3.771724654054655
269.524,-4.495463272884051
269.902,-5.029513597759456
270.28,-3.7110756862361045
270.658,-5.053559352785761
271.036,-4.404752740835456
271.414,-3.963431834662731
271.792,-4.017258927792575
272.17,-4.019511023013373
272.547,-4.052755585244873
272.925,-5.2333930085659475
273.303,-3.959121726403553
273.681,-4.343422638356847
274.058,-5.219629118885837
274.436,-5.304365372929366
274.814,-4.710305452620154
275.191,-4.715663959806772
275.569,-4.518922284857669
275.946,-4.636564496349998
276.323,-5.525174539288608
276.701,-4.888044933112685
277.078,-5.638863242962154
277.455,-4.62820608491785
277.833,-5.997754461952937
278.21,-4.572596812675559
278.587,-5.012338533860447
278.964,-4.969131328965246
279.341,-4.537667649491328
279.718,-4.86515306394083
280.095,-4.671752795612748
280.472,-4.769447586269083
280.849,-4.201487083592691
281.226,-4.334469182870215
281.603,-4.5445101961847065
281.98,-5.656149942251049
282.356,-3.9895702728858438
282.733,-4.404824374709293
283.11,-4.450148405836653
283.486,-4.910085456033118
283.863,-3.919071572188885
284.239,-5.323021557591761
284.616,-5.2449872677226255
284.992,-4.906247455939438
285.369,-4.379317000958425
285.745,-4.5977728896241095
286.121,-4.76495207877226
286.498,-3.884294890859208
286.874,-4.430825043411982
287.25,-4.128918490616923
287.626,-5.916615968124322
288.002,-4.925321041636974
288.379,-4.4257611972140385
288.755,-4.226278646882796
289.131,-4.064913063724628
289.506,-4.461373460649571
289.882,-4.743578778905438
290.258,-4.696436607643225
290.634,-5.2327454754077385
291.01,-4.7944712755916585
291.385,-5.0952018777244055
291.761,-4.543976065258423
292.137,-3.784455481937492
292.512,-3.8459171746219036
292.888,-4.3296287758989775
293.263,-4.39557728080741
293.639,-5.539694364917327
294.014,-4.573570260263387
294.39,-4.588057711094597
294.765,-4.223013004552105
295.14,-4.88417098570522
295.516,-4.527648723516474
295.891,-4.838787301289502
296.266,-4.306429776543235
296.641,-4.334689284331856
297.016,-3.4697839874074257
297.391,-4.729240125383239
297.766,-5.3956110891304965
298.141,-5.440687737542602
298.516,-3.9818387397287003
298.891,-4.321554393149008
299.266,-4.359122639137461
299.641,-5.304067037010306
300.015,-4.869852259390109
300.39,-4.046558427815136
300.765,-4.59853919211393
301.139,-4.85605896521323
301.514,-5.215175121645668
301.889,-3.4285529934044456
302.263,-3.930421272287392
302.637,-3.8674330477033134
303.012,-4.081615471741228
303.386,-4.518883078629291
303.761,-4.1414193800130885
304.135,-4.01092050796622
304.509,-5.185653820095684
304.883,-6.376043439670527
305.257,-4.85665331195238
305.632,-4.499643359768449
306.006,-5.199899781143585
306.38,-4.094513216262664
306.754,-4.326278916931674
307.128,-4.955443637385075
307.501,-4.211474395512699
307.875,-3.7876607020164395
308.249,-4.330022257186019
308.623,-4.576105940959531
308.997,-4.101449191690429
309.37,-4.485346768376566
309.744,-4.666316847078632
310.117,-3.48448234225312
310.491,-4.457039148878087
310.865,-3.563993248298883
311.238,-5.911227865884188
311.611,-4.36399946403885
311.985,-4.185729384424004
312.358,-4.692111827044311
312.731,-4.206514436967552
313.105,-5.23285935576982
313.478,-3.5506228812541676
313.851,-3.8162400646340235
314.224,-4.688711895028842
314.597,-4.341089001484275
314.97,-5.201927427314509
315.343,-4.5694417324816685
315.716,-3.5561022177527186
316.089,-4.535303025329826
316.462,-4.1933221968501275
316.835,-4.527943181634776
317.208,-4.196929156494767
317.58,-5.0123303723116415
317.953,-4.628703651687863
318.326,-3.85187554184577
318.698,-4.025136623672578
319.071,-4.178042559047862
319.443,-5.730169659054814
319.816,-4.382262725310709
320.188,-4.772399115002218
320.561,-5.016178457489209
320.933,-3.8297452472860694
321.305,-4.264548828860865
321.678,-4.13725113398197
322.05,-4.461828048054092
322.422,-4.265319352596164
322.794,-4.052522310186656
323.166,-4.840895741408212
323.538,-4.489675019062177
323.91,-5.120783468386572
324.282,-4.363608887748798
324.654,-3.7484719978055194
325.026,-5.051772004281963
325.398,-3.3943477364208925
325.77,-4.327040150272863
326.141,-5.613016784113974
326.513,-4.822273584059691
326.885,-5.4210874923482715
327.256,-4.366868063125251
327.628,-3.9769668570996153
327.999,-5.135016827734953
328.371,-4.3177562292585
328.742,-3.97495631596947
329.114,-4.2438578656429735
329.485,-5.242179236171119
329.856,-4.623427705277958
330.228,-4.122883209269126
330.599,-3.998974865111068
330.97,-5.387502349483174
331.341,-5.960975692459059
331.712,-4.508738674264666
332.083,-5.749520445050338
332.454,-4.624421242975818
332.825,-4.209828948846226
333.196,-4.964902414321009
333.567,-5.153214942082242
333.938,-4.538353098577559
334.309,-3.781876804219031
334.679,-3.8241602113829547
335.05,-4.681020730251991
335.421,-3.284380764992626
335.791,-4.446871641870511
336.162,-4.028972231971577
336.533,-2.922242973608535
336.903,-4.900535732475512
337.273,-4.054903233905747
337.644,-4.60560974010694
338.014,-4.270926385923241
338.385,-4.564821692316303
338.755,-4.33009132213415
339.125,-4.266165642703865
339.495,-4.829265496783349
339.865,-4.382071503475902
340.235,-4.765340450235852
340.606,-4.1237299806672985
340.976,-4.2004134420728185
341.345,-4.212560403651531
341.715,-4.762587734461089
342.085,-3.585457005827359
342.455,-4.5389923951518485
342.825,-4.697882938041373
343.195,-4.767024724669267
343.564,-4.133671347295843
343.934,-4.47717244466571
344.304,-5.0592482146697435
344.673,-4.432949882253464
345.043,-3.306129177498958
345.412,-4.235373081304903
345.782,-3.3015561671268037
346.151,-3.602124298469826
346.52,-4.042887096633199
346.89,-4.3756933271891425
347.259,-3.8333281189846864
347.628,-5.8749074774021395
347.997,-4.428636208981429
348.367,-4.751079754864003
348.736,-4.155588622825005
349.105,-4.06951612656799
349.474,-3.8185368537162603
349.843,-4.1158871378785165
350.212,-4.298366077351295
350.58,-4.928178303184848
350.949,-5.072293125983671
351.318,-3.9720527792971203
351.687,-4.192829363110574
352.056,-4.586963936480627
352.424,-4.453639078849469
352.793,-4.188340224652013
353.161,-4.391437733716391
353.53,-4.156827123501375
353.898,-4.684909246908915
354.267,-5.191582551127624
354.635,-3.8387951231846067
355.004,-5.014320970856016
355.372,-4.254818296965499
355.74,-4.783086144943338
356.108,-4.674296919943018
356.477,-6.449774846481673
356.845,-4.236556916493093
357.213,-3.8389678965913885
357.581,-3.9043428331618486
357.949,-3.6366666615163683
358.317,-4.077689510056028
358.685,-3.7717840817140527
359.053,-5.2380914273416055
359.42,-4.758207186892513
359.788,-5.638545670560828
360.156,-4.0942246379900205
360.524,-4.334600344582483
360.891,-4.222085065649482
361.259,-4.528619020135764
361.626,-4.7250619162089045
361.994,-4.682723893797061
362.361,-3.9826128971010712
362.729,-4.221440625402126
363.096,-4.33227332786629
363.464,-4.0971472330331276
363.831,-4.41424901318995
364.198,-4.103094392140327
364.565,-3.9135808172950153
364.932,-4.7913559317537935
365.3,-4.453023057626797
365.667,-4.876206149810435
366.034,-4.038239124120535
366.401,-4.408960541416638
366.768,-5.739023370133311
367.134,-4.175305939279871
367.501,-4.380255013589015
367.868,-5.419541111698475
368.235,-3.516794380046916
368.602,-3.978059549291113
368.968,-3.9185352766408257
369.335,-4.792089629354905
369.702,-4.218389957138988
370.068,-4.52573372559001
370.435,-4.448303228914665
370.801,-4.759933747652201
371.167,-4.026876694937604
371.534,-4.381399918954172
371.9,-4.529719151677337
372.266,-4.6911024596425825
372.633,-4.309051106682002
372.999,-4.112586588495249
373.365,-3.890272820247113
373.731,-4.329999289996361
374.097,-3.8303344329993756
374.463,-6.009920158147359
374.829,-4.1893813750643965
375.195,-5.249523872770336
375.561,-4.978786177675558
375.927,-4.09080077752673
376.293,-3.600376325475993
376.658,-4.739526478284646
377.024,-4.5674630384790404
377.39,-4.108695371646979
377.755,-4.020793615505117
378.121,-4.476170870528334
378.487,-4.178089984776221
378.852,-4.204125696340552
379.217,-3.4378912790175806
379.583,-4.255266872913584
379.948,-4.044038762661294
380.314,-4.989849681096334
380.679,-3.8974179105100886
381.044,-4.151023674923136
381.409,-4.390925570909521
381.774,-4.0006426448773675
382.139,-4.980574615913908
382.504,-4.261672614983992
382.869,-4.106829050455515
383.234,-4.1279043284377295
383.599,-3.783628179899927
383.964,-3.743880823649427
384.329,-3.7546269052343346
384.694,-4.165201648578862
385.058,-3.799705822854137
385.423,-4.030697371542698
385.788,-4.512433597822973
386.152,-4.918354880573749
386.517,-4.325729959400821
386.881,-3.991445117505614
387.246,-3.959037135262531
387.61,-3.459904663530658
387.975,-4.81094881737331
388.339,-3.7295422201538546
388.703,-3.8346372714138153
389.068,-3.9794347260442327
389.432,-3.7562468979481647
389.796,-3.9456215359358002
390.16,-3.434919373258547
390.524,-3.7972473801877227
390.888,-3.744333907952747
391.252,-4.390891413444009
391.616,-3.8372213300131257
391.98,-3.875710962946844
392.344,-3.8520404582681897
392.708,-3.8651540571662357
393.071,-3.5929069052520837
393.435,-3.790434036703881
393.799,-3.920256153767294
394.162,-4.189732147843101
394.526,-3.90915423868181
394.889,-3.765298145471668
395.253,-4.555571115602973
395.616,-3.642147528558141
395.98,-3.52674201688332
396.343,-4.277008962446141
396.706,-3.9526399541570707
397.07,-4.079722209569234
397.433,-3.6898824091913016
397.796,-3.9176653445066725
398.159,-4.145762454412524
398.522,-3.8896943625330818
398.885,-3.8553991777676506
399.248,-3.5905643800772093
399.611,-3.965229939234198
399.974,-3.867102576272965
400.337,-4.028623748909839
400.7,-3.705506457572793
401.063,-3.4373005812940236
401.425,-4.442498486562437
401.788,-3.477507375495955
402.151,-3.7583831496442888
402.513,-3.2883664192211577
402.876,-3.712404635075556
403.238,-3.8505486956366557
403.601,-3.479751287342934
403.963,-3.7367080569830615
404.325,-3.7466790972916497
404.688,-3.4978648140667583
405.05,-3.6097824344892007
405.412,-3.3844425494574804
405.774,-3.4381156954603167
406.137,-3.265314905736713
406.499,-3.426287097186596
406.861,-3.528869133852638
407.223,-4.021553661399288
407.585,-3.7095289116704504
407.947,-3.358941336459645
408.308,-3.394080893288945
408.67,-3.3509823352616523
409.032,-3.4127788379634887
409.394,-3.0621433023527507
409.756,-3.450785657099876
410.117,-3.4119181401094663
410.479,-2.839678162345573
410.84,-3.1675126593609004
411.202,-3.517647156719033
411.563,-2.986576026266819
411.925,-2.694327260824288
412.286,-3.157455713891645
412.647,-3.037600575152939
413.009,-2.524944017143312
413.37,-2.758705643354482
413.731,-2.6198974323538597
414.092,-2.624704059109827
414.453,-2.654872085273333
414.814,-2.577848054143853
415.175,-2.1358769521238865
415.536,-1.9469242104940019
415.897,-1.6822051786466228
416.258,-1.4791290171702638
416.619,-1.675044343428278
416.98,-1.564807787262086
417.341,-1.208062495988051
417.701,-1.0770701364541173
418.062,-1.1361353814649768
418.423,-0.9858760740035972
418.783,-0.8381108704143353
419.144,-0.8526777350488085
419.504,-0.6938575987911947
419.865,-0.5951981188652361
420.225,-0.5894544820798879
420.585,-0.6489975687618342
420.946,-0.6734196711413277
421.306,-0.6035211757233526
421.666,-0.6479583490214429
422.026,-0.6668846436472943
422.386,-0.49812113174833467
422.746,-0.7852214139193099
423.106,-0.5326384255151707
423.466,-0.6234237071465053
423.826,-0.7487649086636748
424.186,-0.6430735076836349
424.546,-0.7930734522704207
424.906,-0.8668294730422184
425.266,-0.888674569135084
425.625,-0.8443761992564599
425.985,-1.0461807597904509
426.345,-1.0864257955048313
426.704,-1.108786081457014
427.064,-1.1900947721616062
427.423,-1.2319303770766892
427.783,-1.2604639590395144
428.142,-1.3195614642622648
428.501,-1.337514235393176
428.861,-1.4507557801483484
429.22,-1.451615143921409
429.579,-1.6007237479441714
429.938,-1.5912751177757636
430.297,-1.675129986508151
430.656,-1.766477073631185
431.015,-1.8031774764363135
431.374,-1.8202204034078469
431.733,-1.9084096108621724
432.092,-1.9279063778285048
432.451,-2.0389052427643715
432.81,-2.0570170724146184
433.169,-2.163147586353509
433.527,-2.2262644620073138
433.886,-2.2456294869316324
434.244,-2.3134220235649985
434.603,-2.4199250759409043
434.962,-2.4264521215951826
435.32,-2.4318813348638324
435.678,-2.4579997433852308
436.037,-2.5206242713663194
436.395,-2.608141922601468
436.753,-2.6784553582661004
437.112,-2.775203164279446
437.47,-2.705572598460505
437.828,-2.8237475223463173
438.186,-2.8499544315670273
438.544,-2.8205957649074977
438.902,-2.915677790827142
439.26,-2.9955827938606836
439.618,-2.9532668577971095
439.976,-3.058832013791487
440.334,-2.9931995719986144
440.692,-3.0391398858049237
441.049,-3.0434387690875493
441.407,-3.11109608627468
441.765,-3.1482046978693132
442.122,-3.1701288557980964
442.48,-3.196854523967458
442.837,-3.197935208288712
443.195,-3.280252300417328
443.552,-3.3296989228057603
443.91,-3.374064004136419
444.267,-3.3995463803107615
444.624,-3.404478688279331
444.982,-3.4180068570196362
445.339,-3.394373018062272
445.696,-3.5499886223130166
446.053,-3.481861013376688
446.41,-3.5251998355429355
446.767,-3.556252593866207
447.124,-3.630057226253898
447.481,-3.5885451305863993
447.838,-3.573403537887975
448.195,-3.6823910122890453
448.552,-3.6043290257881075
448.908,-3.6384221191248134
449.265,-3.6878792163691863
449.622,-3.6565035814923426
449.978,-3.698473586425953
450.335,-3.7243691281625266
450.691,-3.663167200887458
451.048,-3.798257395185571
451.404,-3.7019788642590172
451.761,-3.758424784991825
452.117,-3.7444778669520073
452.473,-3.767439340312767
452.829,-3.799372263551831
453.186,-3.837311854070849
453.542,-3.835857558986375
453.898,-3.8398291801308195
454.254,-3.8540072609612426
454.61,-3.839171891698589
454.966,-3.8242956760815727
455.322,-3.850387121237043
455.678,-3.81989662293439
456.033,-3.85562087521396
456.389,-3.9058832832981665
456.745,-3.9303138279912444
457.101,-3.8797767352660313
457.456,-3.905198836151305
457.812,-3.9104223590058567
458.167,-3.935466847148844
458.523,-3.9327743386141396
458.878,-3.926248121620725
459.234,-3.938385060769143
459.589,-3.951061897803013
459.944,-3.946098885442523
460.3,-3.9487437097349734
460.655,-3.993229260103253
461.01,-3.9761053294286213
461.365,-4.013536340869625
461.72,-3.9477293160766287
462.075,-3.964087524398648
462.43,-4.03048966589832
462.785,-4.057193861904708
463.14,-4.037970694392142
463.495,-4.041165294741549
463.85,-4.086530694829476
464.205,-4.038223656138379
464.559,-4.069215820443583
464.914,-4.075549516728362
465.269,-4.087923395086805
465.623,-4.085074157906631
465.978,-4.104037004206546
466.332,-4.0829084720872055
466.687,-4.127179242655829
467.041,-4.069552129056878
467.395,-4.116953739329874
467.75,-4.11066695642693
468.104,-4.135078020993294
468.458,-4.1216725230785105
468.812,-4.251574381302134
469.166,-4.115260053261986
469.52,-4.104222118804341
469.874,-4.168122769364051
470.228,-4.137222364761539
470.582,-4.145965739403179
470.936,-4.107207561482778
471.29,-4.133267774593154
471.644,-4.164677342292171
471.998,-4.150368484635196
472.351,-4.1512397773902405
472.705,-4.144531679412339
473.058,-4.104830044171038
473.412,-4.140021409252743
473.766,-4.16402011887214
474.119,-4.189205424784914
474.472,-4.166983768852912
474.826,-4.144802338679576
475.179,-4.1314774833267
475.532,-4.167446138212606
475.886,-4.2057492303583945
476.239,-4.165111857957649
476.592,-4.196194762422653
476.945,-4.258769070539363
477.298,-4.243917595815695
477.651,-4.187510835402241
478.004,-4.245432609449226
478.357,-4.227425926915105
478.71,-4.210974430638662
479.063,-4.239366760692787
479.415,-4.201778443667267
479.768,-4.278957079424214
480.121,-4.295180042249274
480.473,-4.279626320273048
480.826,-4.21500802692268
481.179,-4.297069705445559
481.531,-4.246075951977553
481.883,-4.287757835261354
482.236,-4.2538647116899595
482.588,-4.221036094384406
482.94,-4.318363841657664
483.293,-4.290033957500065
483.645,-4.3241311211934494
483.997,-4.232446957393666
484.349,-4.246199294842777
484.701,-4.23986360641181
485.053,-4.308019661994876
485.405,-4.290245493792445
485.757,-4.2987894237165944
486.109,-4.305485929045966
486.461,-4.297346196581593
486.813,-4.319239614885992
487.164,-4.328523025186903
487.516,-4.355918527675388
487.868,-4.408033068327718
488.219,-4.3426845355436665
488.571,-4.388895902208995
488.922,-4.31992441068436
489.274,-4.363022369367349
489.625,-4.311213759560785
489.977,-4.286961481459668
490.328,-4.303286468338825
490.679,-4.3537182551616445
491.03,-4.367253671425398
491.382,-4.343569338251362
491.733,-4.399698003185119
492.084,-4.386509515455777
492.435,-4.382913548533736
492.786,-4.442296200261513
493.137,-4.3460229129503265
493.488,-4.392963436567416
493.839,-4.365301969702533
494.189,-4.43535997350945
494.54,-4.395484808819569
494.891,-4.440553042503386
495.242,-4.4557637781132975
495.592,-4.4570523303972704
495.943,-4.436699478344263
496.293,-4.400106347790197
496.644,-4.473050417034153
496.994,-4.439100546079647
497.345,-4.4807455779224
497.695,-4.502585412560028
498.045,-4.4812638430806295
498.395,-4.484025537383988
498.746,-4.474785929661266
499.096,-4.469539956655689
499.446,-4.441727508162322
499.796,-4.4645186811531135
500.146,-4.541665657463929
500.496,-4.550646107702455
500.846,-4.536396635602729
501.196,-4.4760375666193015
501.545,-4.477337896035951
501.895,-4.491635178086839
502.245,-4.523387323501837
502.595,-4.535402618744012
502.944,-4.5392851205959195
503.294,-4.542105283313565
503.643,-4.488796864172672
503.993,-4.540158714390712
504.342,-4.502353599817742
504.692,-4.544464573795709
505.041,-4.538335696551339
505.39,-4.5740909961190805
505.74,-4.6066597161423335
506.089,-4.534811544132578
506.438,-4.561144127639231
506.787,-4.524638421023959
507.136,-4.5543891389389435
507.485,-4.555257158421647
507.834,-4.521036645751169
508.183,-4.565298839486485
508.532,-4.569953955052188
508.881,-4.544474060989871
509.229,-4.549996625414762
509.578,-4.593326964725292
509.927,-4.57251501007632
510.276,-4.576667224121182
510.624,-4.547789096677585
510.973,-4.520291143328959
511.321,-4.545132703964597
511.67,-4.5532975552113655
512.018,-4.577123594407362
512.366,-4.613321858869455
512.715,-4.606080407240569
513.063,-4.61526145775141
513.411,-4.61188020772766
513.759,-4.629906571271498
514.107,-4.545065100810794
514.456,-4.633668403017914
514.804,-4.605603241888375
515.152,-4.645018049625196
515.499,-4.633699630557255
515.847,-4.654111762141107
516.195,-4.64874699743494
516.543,-4.645395153878978
516.891,-4.633119081112249
517.238,-4.6991714066924954
517.586,-4.646706305197337
517.934,-4.648134282459104
518.281,-4.6364710059309475
518.629,-4.6379291016981705
518.976,-4.626162340234692
519.324,-4.769548141563572
519.671,-4.658127829164168
520.018,-4.667201017758909
520.365,-4.648181043359934
520.713,-4.714307479219027
521.06,-4.742711448336436
521.407,-4.730723950126607
521.754,-4.639713486724444
522.101,-4.691827398831392
522.448,-4.681218221953973
522.795,-4.72513743938802
523.142,-4.6951523973930165
523.489,-4.702214241282352
523.836,-4.699997606629265
524.182,-4.661001551868348
524.529,-4.717441230401969
524.876,-4.73699458293873
525.222,-4.723261742316722
525.569,-4.734290335860019
525.915,-4.706624481897111
526.262,-4.678455907069108
526.608,-4.691202354231075
526.954,-4.7480076731097975
527.301,-4.6814865084753805
527.647,-4.741335283221796
527.993,-4.738581734310106
528.339,-4.7147070909537145
528.686,-4.713892620018947
529.032,-4.683925648432061
529.378,-4.679084682999628
529.724,-4.732004059912497
530.07,-4.676108146311411
530.415,-4.67810738636861
530.761,-4.715508504693416
531.107,-4.751672965651143
531.453,-4.724766938499742
531.799,-4.761137774949963
532.144,-4.687620765471834
532.49,-4.667747772450419
532.835,-4.712464652843015
533.181,-4.649702471604376
533.526,-4.637139404935321
533.872,-4.580185010729144
534.217,-4.643038150686216
534.562,-4.655630691562496
534.908,-4.595295302577233
535.253,-4.607296915042006
535.598,-4.576514456717408
535.943,-4.556148713456256
536.288,-4.562151732392045
536.633,-4.519851250716499
536.978,-4.540324049837429
537.323,-4.505470706994401
537.668,-4.4781696712508055
538.013,-4.503743472882275
538.358,-4.490911273906477
538.702,-4.499216565500592
539.047,-4.503930599678638
539.392,-4.482128466029388
539.736,-4.522659981627311
540.081,-4.488814890354401
540.425,-4.44240640537048
540.77,-4.44822188126213
541.114,-4.477044960243278
541.459,-4.508892434972263
541.803,-4.522267560886741
542.147,-4.507934846040338
542.491,-4.547127829599624
542.835,-4.5519758823412
543.18,-4.555668465123726
543.524,-4.593064562956979
543.868,-4.558051505649683
544.212,-4.558823653663967
544.556,-4.576901176190019
544.899,-4.602457459979043
545.243,-4.605323065660402
545.587,-4.627208373985024
545.931,-4.611346027179125
546.274,-4.588353673962852
546.618,-4.601749893573556
546.962,-4.628522607336196
547.305,-4.656756187690669
547.649,-4.6180403171945335
547.992,-4.6233405843225315
548.336,-4.659786348062943
548.679,-4.611289748817684
549.022,-4.61130502179979
549.365,-4.665175655495258
549.709,-4.620026627794887
550.052,-4.654283096624299
550.395,-4.674313718868693
550.738,-4.673849688138261
551.081,-4.569403799823055
551.424,-4.6409412972857895
551.767,-4.629163060919499
552.11,-4.590179495134241
552.453,-4.659302972190114
552.795,-4.63647948656765
553.138,-4.699856277383917
553.481,-4.642039799686856
553.823,-4.631088230244148
554.166,-4.641433161251152
554.508,-4.6091128862997275
554.851,-4.631579206278432
555.193,-4.646293091768952
555.536,-4.694085206665454
555.878,-4.622627833528454
556.22,-4.654205475552315
556.563,-4.706614945375085
556.905,-4.654450513761969
557.247,-4.678848746573841
557.589,-4.658537366761819
557.931,-4.607304556582941
558.273,-4.6244860511903525
558.615,-4.623410340098332
558.957,-4.661748435651711
559.299,-4.6636259817349615
559.64,-4.6503369909387535
559.982,-4.666444772921749
560.324,-4.66550896626277
560.666,-4.660792931574842
561.007,-4.679246418655865
561.349,-4.679148130421895
561.69,-4.627352598104044
562.032,-4.618534803710747
562.373,-4.70610452128771
562.715,-4.6411484230064
563.056,-4.71401167828115
563.397,-4.665002384586449
563.738,-4.643269101295567
564.08,-4.662309501258764
564.421,-4.725488418972084
564.762,-4.697977227566154
565.103,-4.664145920706915
565.444,-4.700455822580553
565.785,-4.71337287055881
566.126,-4.657218905017505
566.466,-4.639835645308162
566.807,-4.680236040174489
567.148,-4.712975282272633
567.489,-4.651582362375967
567.829,-4.599606925959891
568.17,-4.6352692689662325
568.51,-4.585604698650277
568.851,-4.6111588620819095
569.191,-4.600481838006599
569.532,-4.589002524457755
569.872,-4.621056229325355
570.212,-4.633812691455829
570.553,-4.563633436849042
570.893,-4.590860195140532
571.233,-4.595778821444355
571.573,-4.509683488729382
571.913,-4.627860008046493
572.253,-4.5713643671969635
572.593,-4.627120047091868
572.933,-4.6324650908268
573.273,-4.613517060374326
573.613,-4.561050279973797
573.952,-4.6311799406619505
574.292,-4.633790984873401
574.632,-4.578831051827306
574.971,-4.589703149231357
575.311,-4.633991269935341
575.65,-4.645012143193571
575.99,-4.608948649928345
576.329,-4.67901892948866
576.669,-4.661151181646816
577.008,-4.69035682634039
577.347,-4.742033226313457
577.687,-4.652450141223605
578.026,-4.64944711426995
578.365,-4.684607553310055
578.704,-4.688726047783523
579.043,-4.665139073478688
579.382,-4.708332382783735
579.721,-4.700723631019366
580.06,-4.733804526598292
580.399,-4.764235683821721
580.737,-4.6882360660719495
581.076,-4.664678402103939
581.415,-4.692797887806604
581.753,-4.683999440854667
582.092,-4.689611766409786
582.431,-4.636050996159732
582.769,-4.714729687528979
583.108,-4.6617678067223185
583.446,-4.669942699337962
583.784,-4.7046644102761075
584.123,-4.7731883328464315
584.461,-4.712429768954603
584.799,-4.7471923232052635
585.137,-4.725353339949732
585.475,-4.723002006432418
585.813,-4.67713750081058
586.151,-4.7246220830844505
586.489,-4.678938268137355
586.827,-4.71416721888381
587.165,-4.733742614279713
587.503,-4.676650221302236
587.841,-4.71154700331898
588.178,-4.644334344218444
588.516,-4.6649016776693495
588.854,-4.707536651006541
589.191,-4.680323903874123
589.529,-4.683913747809795
589.866,-4.656052641386589
590.204,-4.6501363891628635
590.541,-4.639592325077611
590.878,-4.653462751160995
591.215,-4.632708893968921
591.553,-4.636276913922497
591.89,-4.601543078415433
592.227,-4.60352430773982
592.564,-4.665819775198293
592.901,-4.570374648016693
593.238,-4.595035553379982
593.575,-4.6391163648142095
593.912,-4.603892188055804
594.249,-4.659467743217883
594.585,-4.586230636493625
594.922,-4.667254643182321
595.259,-4.6407788463462545
595.595,-4.596092041822923
595.932,-4.631209442211883
596.269,-4.612835939821106
596.605,-4.621353737466119
596.941,-4.588442114386665
597.278,-4.655416183024201
597.614,-4.598363856590561
597.95,-4.65058674663236
598.287,-4.643052985210219
598.623,-4.691358195563655
598.959,-4.655441406202741
599.295,-4.616863431742183
599.631,-4.6739550825912115
599.967,-4.670508785336687
600.303,-4.684792552920977
600.639,-4.581365505441708
600.975,-4.69913678050229
601.311,-4.67471658776282
601.646,-4.681401196787721
601.982,-4.608947537671135
602.318,-4.687135536262805
602.653,-4.713807367281555
602.989,-4.696535633373508
603.324,-4.686382091799611
603.66,-4.669455471041341
603.995,-4.712367261006384
604.331,-4.692927158274726
604.666,-4.694613593113634
605.001,-4.66686031473854
605.336,-4.713470186429214
605.671,-4.736002657890246
606.007,-4.673745112265812
606.342,-4.729072705922435
606.677,-4.726047331115547
607.012,-4.725975544969438
607.346,-4.753343171082229
607.681,-4.779851834086231
608.016,-4.762449766575993
608.351,-4.746861530300173
608.686,-4.768367377435867
609.02,-4.753505960761313
609.355,-4.709542258674668
609.689,-4.668445433923395
610.024,-4.695244945827401
610.358,-4.71933169855553
610.693,-4.7648724968204395
611.027,-4.74632797314319
611.361,-4.707585075800599
611.696,-4.728779701259145
612.03,-4.786300478751969
612.364,-4.715858063990971
612.698,-4.701135278199254
613.032,-4.667556769866252
613.366,-4.757591530053304
613.7,-4.673411986093526
614.034,-4.715394144493454
614.368,-4.774720637167003
614.702,-4.733646190398693
615.035,-4.708791572799366
615.369,-4.6971999554574975
615.703,-4.741134363505594
616.036,-4.739688709397943
616.37,-4.766016305410608
616.703,-4.751712910525006
617.037,-4.755745890998222
617.37,-4.80384899284838
617.704,-4.749177350708276
618.037,-4.741013198497155
618.37,-4.712827837941958
618.704,-4.736344646748706
619.037,-4.64384839179151
619.37,-4.774164396117143
619.703,-4.796039231859074
620.036,-4.711434314682909
620.369,-4.746743463852214
620.702,-4.777394317741729
621.035,-4.723243133747221
621.367,-4.717048918156991
621.7,-4.733461353548138
622.033,-4.816466154291295
622.366,-4.815820516867034
622.698,-4.790252487890886
623.031,-4.78209278771084
623.363,-4.719052504668159
623.696,-4.743568895286657
624.028,-4.746354457901923
624.361,-4.756422702255899
624.693,-4.790363928302425
625.025,-4.703169903034565
625.357,-4.711438546599999
625.689,-4.772400030601745
626.022,-4.812997873057809
626.354,-4.737893704636803
626.686,-4.704921009506752
627.018,-4.7428586856645385
627.35,-4.794029454698644
627.681,-4.7515937872948015
628.013,-4.782312015429321
628.345,-4.802128722697301
628.677,-4.761613859160242
629.008,-4.802399211746537
629.34,-4.778574608072617
629.672,-4.737255352302478
630.003,-4.731429497969478
630.335,-4.807423626622712
630.666,-4.745945375065296
630.997,-4.8263564863585176
631.329,-4.741828670888567
631.66,-4.800640039660831
631.991,-4.82049158832248
632.322,-4.780145804088742
632.653,-4.754530730966738
632.984,-4.8216649559716895
633.316,-4.718486732572544
633.646,-4.7831055498872335
633.977,-4.743765705912506
634.308,-4.804660335735944
634.639,-4.7519782967671
634.97,-4.756585285503553
635.301,-4.8036149448931695
635.631,-4.783286337019615
635.962,-4.800815664290143
636.292,-4.780321799606479
636.623,-4.85711587916494
636.953,-4.776103008064673
637.284,-4.826428037931519
637.614,-4.769966294983021
637.944,-4.805528478178693
638.275,-4.741821564709545
638.605,-4.7755361665403
638.935,-4.784805457782117
639.265,-4.801232113638786
639.595,-4.776652367017458
639.925,-4.743089639033949
640.255,-4.786752514331509
640.585,-4.793325749396382
640.915,-4.788267977677429
641.245,-4.8354159220672965
641.575,-4.818154994264224
641.904,-4.799970128794823
642.234,-4.768048963864956
642.564,-4.888715477604077
642.893,-4.781539687454553
643.223,-4.848591974926895
643.552,-4.809423743759594
643.882,-4.804051180768139
644.211,-4.786942025732124
644.54,-4.792917864221877
644.869,-4.8073822691676575
645.199,-4.786634077177998
645.528,-4.846396276439528
645.857,-4.837756040934871
646.186,-4.806797673288953
646.515,-4.862840439784025
646.844,-4.85257425330403
647.173,-4.840767954542612
647.502,-4.822781582442178
647.83,-4.738701366706965
648.159,-4.743783697572965
648.488,-4.828780686496799
648.817,-4.802842159533753
649.145,-4.75022727105522
649.474,-4.775513209861736
649.802,-4.804357307247288
650.131,-4.832217052291919
650.459,-4.78966255698469
650.787,-4.793013522864489
651.116,-4.8957915145978275
651.444,-4.812341187841664
651.772,-4.865251090398455
652.1,-4.835731734491843
652.428,-4.835397129436193
652.756,-4.863691714385498
653.084,-4.8909667806039545
653.412,-4.823634221185853
653.74,-4.886580333867425
654.068,-4.7908488119894965
654.396,-4.803232131074719
654.724,-4.856722235472273
655.051,-4.829301676140802
655.379,-4.802861195897617
655.707,-4.856923540101357
656.034,-4.810906479775499
656.362,-4.850044842209756
656.689,-4.791276941347089
657.016,-4.823235359899662
657.344,-4.774182469325712
657.671,-4.759418248315801
657.998,-4.808157651879807
658.325,-4.788082967853952
658.653,-4.789654516544836
658.98,-4.8267830155697675
659.307,-4.709966779805587
659.634,-4.862886676991246
659.961,-4.847676656305416
660.287,-4.779693410399846
660.614,-4.733091054418685
660.941,-4.7819206451276886
661.268,-4.7346824700057
661.595,-4.748022302787924
661.921,-4.811206144921796
662.248,-4.822351622766692
662.574,-4.797230936685022
662.901,-4.798799095337271
663.227,-4.803162228608159
663.553,-4.768652307756403
663.88,-4.767428358804913
664.206,-4.8481361675189705
664.532,-4.7719796670529595
664.858,-4.840252591322368
665.185,-4.7742019719997995
665.511,-4.888192390406318
665.837,-4.750148588805975
666.163,-4.769780768173011
666.489,-4.852759982852413
666.814,-4.732200866128279
667.14,-4.805224016678286
667.466,-4.807149985858522
667.792,-4.820325547771558
668.117,-4.776351300403257
668.443,-4.796792577833976
668.769,-4.746244426905408
669.094,-4.8466353061624625
669.419,-4.850081931655804
669.745,-4.840657222089293
670.07,-4.832172946273442
670.396,-4.847736652775858
670.721,-4.8386286829041385
671.046,-4.846471935764432
671.371,-4.83955826958152
671.696,-4.740051722228045
672.021,-4.758436390123008
672.346,-4.832079934881248
672.671,-4.832572406381826
672.996,-4.749296647094438
673.321,-4.865256034906001
673.646,-4.729456069358374
673.97,-4.838355161712458
674.295,-4.787077566164725
674.62,-4.870078120382654
674.944,-4.870719548082274
675.269,-4.8758051504997
675.593,-4.7747259627056255
675.918,-4.79810459397056
676.242,-4.807957051451519
676.567,-4.85085656174298
676.891,-4.77959738080106
677.215,-4.787067154924537
677.539,-4.818945425673164
677.863,-4.8000839685841035
678.187,-4.801926629409822
678.511,-4.79866761345046
678.835,-4.746208780008474
679.159,-4.7420219510204005
679.483,-4.826572481143107
679.807,-4.835431030189807
680.131,-4.812798492198568
680.455,-4.772314738334933
680.778,-4.810386758109467
681.102,-4.869285254464824
681.425,-4.821133580292214
681.749,-4.837438246184763
682.072,-4.734690335729009
682.396,-4.758043818650962
682.719,-4.819155302003194
683.042,-4.838283771349517
683.366,-4.750054522396824
683.689,-4.839470403671396
684.012,-4.826963425667375
684.335,-4.7871848028604544
684.658,-4.820052287529094
684.981,-4.85926109203288
685.304,-4.832280772622349
685.627,-4.790901432273371
685.95,-4.772899468016227
686.273,-4.793987674987961
686.595,-4.833430097418756
686.918,-4.734339796003237
687.241,-4.812547900645314
687.563,-4.771732399519058
687.886,-4.783630334992248
688.208,-4.8618499539587825
688.531,-4.79219637645408
688.853,-4.778850523603567
689.175,-4.73170956370408
689.498,-4.793707780341855
689.82,-4.734572646023611
690.142,-4.787505731505682
690.464,-4.773634062236521
690.786,-4.813492683333942
691.108,-4.712716364388672
691.43,-4.734028878066671
691.752,-4.856113027225866
692.074,-4.751077121392713
692.396,-4.833307382620072
692.718,-4.822285500160151
693.039,-4.847775310959706
693.361,-4.83978299832189
693.683,-4.8836699876274094
694.004,-4.7628158041116935
694.326,-4.812224447362608
694.647,-4.7996011399353895
694.969,-4.821993118149177
695.29,-4.758636919896361
695.611,-4.804201469175154
695.932,-4.7472590325654025
696.254,-4.7406310494885835
696.575,-4.7558316011442825
696.896,-4.754824619411038
697.217,-4.791632413069316
697.538,-4.8057571952893685
697.859,-4.8317969736080455
698.18,-4.786571748519673
698.501,-4.893832287840977
698.821,-4.792411792374594
699.142,-4.793954192014428
699.463,-4.709236930787493
699.783,-4.6737861172905975
700.104,-4.725203307085842
700.424,-4.793847524699844
700.745,-4.7629404356681535
701.065,-4.881605392555503
701.386,-4.801613673105716
701.706,-4.836467502089074
702.026,-4.791940515985991
702.347,-4.826040918153832
702.667,-4.886195218003054
702.987,-4.771315945286151
703.307,-4.800681788430586
703.627,-4.810320562391996
703.947,-4.775148942116116
704.267,-4.821319712152887
704.587,-4.815885978736133
704.906,-4.961624646363833
705.226,-4.880557436561502
705.546,-4.858956363824138
705.865,-4.797920800191686
706.185,-4.73383108185552
706.505,-4.82820905324431
706.824,-4.788233456510691
707.143,-4.785122217767745
707.463,-4.769454999575976
707.782,-4.827455935125717
708.101,-4.743961992200628
708.421,-4.753376171093939
708.74,-4.759170342635355
709.059,-4.802354866532602
709.378,-4.730170045345669
709.697,-4.831183089686157
710.016,-4.834384076527538
710.335,-4.852513775473046
710.654,-4.887615898803527
710.973,-4.91003905052092
711.291,-4.839499121932133
711.61,-4.814082627770148
711.929,-4.799364040944354
712.247,-4.7478532006584775
712.566,-4.857422198144426
712.884,-4.87840182812727
713.203,-4.961414591604993
713.521,-4.780427718295456
713.84,-4.791437649750061
714.158,-4.748116541306429
714.476,-4.790981930152869
714.794,-4.685738799443541
715.112,-4.858604092658414
715.431,-4.817497312790351
715.749,-4.844537871064614
716.067,-4.847515669095235
716.384,-4.795707105749448
716.702,-4.850639451193874
717.02,-4.84459791276978
717.338,-4.694194147168208
717.656,-4.812159468156011
717.973,-4.789979716884926
718.291,-4.733103701766298
718.608,-4.7374902191498585
718.926,-4.807083183133028
719.243,-4.802612484612466
719.561,-4.770172545367714
719.878,-4.688781242406076
720.195,-4.757285319392878
720.513,-4.762107314273026
720.83,-4.864297967816549
721.147,-4.762095902405609
721.464,-4.803387104613885
721.781,-4.836671173591148
722.098,-4.771313350920496
722.415,-4.75269332410884
722.732,-4.840663451502089
723.049,-4.729061817659233
723.366,-4.757282776883421
723.682,-4.95693922806462
723.999,-4.845990620216686
724.316,-4.7549398415268245
724.632,-4.666201388390851
724.949,-4.815067942338151
725.265,-4.854941698486299
725.582,-4.749974005569556
725.898,-4.83649024568552
726.214,-4.79744656294959
726.53,-4.662072225664131
726.847,-4.747152937072826
727.163,-4.707129758879514
727.479,-4.888570694284091
727.795,-4.865384743646031
728.111,-4.790713183288073
728.427,-4.705069698517852
728.743,-4.82516434782224
729.059,-4.676430650257324
729.374,-4.792052507205068
729.69,-4.892926941462375
730.006,-4.801159379056834
730.321,-4.7745257508887375
730.637,-4.818051272534144
730.952,-4.773160494983782
731.268,-4.733916284431078
731.583,-4.801221424563025
731.899,-4.86016896330154
732.214,-4.835574278049013
732.529,-4.929751092877315
732.844,-4.7610701558262
733.16,-4.837307833742838
733.475,-4.984616149414612
733.79,-4.750441993758188
734.105,-4.807987564153993
734.42,-4.75637166042601
734.735,-4.870312561804629
735.049,-4.94112900876765
735.364,-4.734977074618586
735.679,-4.700262066288443
735.994,-4.814209246421004
736.308,-4.809894095447844
736.623,-4.76200599126997
736.937,-4.990508762520925
737.252,-4.88929241103215
737.566,-4.80321104230014
737.881,-4.881815063635085
738.195,-4.877902248734443
738.509,-4.901409539198317
738.823,-4.773107836368802
739.137,-5.015710100589966
739.452,-4.88141245867649
739.766,-4.815321073458359
740.08,-4.851396132713085
740.394,-4.940477396925807
740.707,-4.952538360679972
741.021,-4.953560009915593
741.335,-4.861088764890292
741.649,-5.02620946220572
741.962,-4.725810550464566
742.276,-4.8358796279994865
742.59,-4.853793678600756
742.903,-4.826750670557218
743.217,-5.032731563551429
743.53,-4.940847246893668
743.843,-4.861437906216629
744.157,-5.063830999298851
744.47,-4.90958792623616
744.783,-4.808705314024668
745.096,-4.892204895834091
745.409,-4.814045069292941
745.722,-4.830983447750812
746.035,-4.847831788653692
746.348,-4.916310006685291
746.661,-4.993521102322309
746.974,-5.001530081457418
747.287,-4.971325374959386
747.6,-4.922135318917332
747.912,-4.862245490107749
748.225,-5.096842823910509
748.537,-4.878205438578263
748.85,-5.037047003536333
749.162,-4.968472209125891
749.475,-4.755858104824869
749.787,-4.894698622700454
750.099,-5.005700795962316
750.412,-5.189716809937743
750.724,-5.038714289069821
751.036,-4.8408361396397
751.348,-4.9367417351004725
751.66,-4.845095406614747
751.972,-4.76286615746646
752.284,-4.875543431115892
752.596,-5.13502313711409
752.908,-4.926695577823547
753.219,-5.052681286699173
753.531,-4.862564613388261
753.843,-4.8763685360860745
754.154,-5.064289244643881
754.466,-5.089309882247925
754.778,-5.028147006005423
755.089,-5.0327293605204995
755.4,-4.995194208379772
755.712,-5.177543241825213
756.023,-4.987396498599589
756.334,-5.125555427068361
756.645,-4.993090087691232
756.957,-4.930730849881495
757.268,-5.028297906258065
757.579,-4.979498270531405
757.89,-5.004056660977708
758.201,-5.031690589247024
758.511,-5.1381501949698105
758.822,-5.082848134246064
759.133,-5.009114725572008
759.444,-5.134173851039711
759.754,-5.046351375088373
760.065,-5.064349881151172
760.375,-4.987433710480665
760.686,-4.827758681353964
760.996,-4.949147252453804
761.307,-5.105543324420987
761.617,-5.027652049183227
761.927,-5.012157775420625
762.238,-5.028764446715736
762.548,-5.0671264837465895
762.858,-4.845518134486226
763.168,-5.015428281187078
763.478,-5.123944752274552
763.788,-5.170239455304713
764.098,-5.02687587639814
764.408,-4.898990519680854
764.718,-5.177552199822611
765.027,-5.03094894009875
765.337,-5.054854761244859
765.647,-5.074932913212076
765.956,-5.176562707564116
766.266,-5.0600138957396545
766.575,-5.25483873057806
766.885,-4.958333063147536
767.194,-5.176477961321353
767.503,-5.087509590668529
767.813,-5.0644901306236
768.122,-5.034983238274097
768.431,-4.975798359647457
768.74,-5.051048099136129
769.049,-4.988893320440371
769.358,-5.172903094435821
769.667,-5.126614228375066
769.976,-5.247733558164051
770.285,-5.097630137831302
770.594,-5.16386829653685
770.902,-5.117208184383095
771.211,-5.159200913076436
771.52,-5.241361087176214
771.828,-5.155670000823922
772.137,-5.088078014348332
772.445,-5.358807036379876
772.754,-5.179506644022109
773.062,-5.0855715399598385
773.37,-5.40587989046748
773.678,-5.211237629187352
773.987,-5.20798066349141
774.295,-5.176403197512616
774.603,-5.081649325407493
774.911,-5.161139121937291
775.219,-5.059775568506019
775.527,-5.1885296382574335
775.835,-4.981589328206691
776.142,-5.1348108941023165
776.45,-5.150483875039958
776.758,-5.2223671773336
777.066,-5.120613336941784
777.373,-5.242143457206392
777.681,-5.046640897085382
777.988,-5.323790596564055
778.296,-5.084157747264426
778.603,-5.172590650072962
778.91,-5.0846866825348105
779.218,-4.895516126615897
779.525,-4.955931304370083
779.832,-5.1129990316373455
780.139,-5.047278749773263
780.446,-4.993735189743936
780.753,-5.043514364136526
781.06,-5.261150306087531
781.367,-5.117287205972332
781.674,-4.813396730570976
781.981,-5.2277512793421685
782.288,-5.208778847186017
782.594,-5.249677380658799
782.901,-5.209167211089213
783.207,-5.298346407023179
783.514,-5.1432272689478395
783.82,-5.116489617750629
784.127,-5.45391387410132
784.433,-4.919597432302092
784.74,-4.982359830806279
785.046,-5.152950050929162
785.352,-5.342640608184299
785.658,-5.024027997078323
785.964,-5.106118526272343
786.27,-4.887937683678629
786.576,-5.113548309222965
786.882,-5.2727008320317
787.188,-4.982894540112036
787.494,-5.203950476903361
787.8,-5.078008658647997
788.105,-5.137352539746338
788.411,-5.145621166881808
788.717,-4.992114582559719
789.022,-5.110337056389712
789.328,-5.225641211933882
789.633,-5.091049174760234
789.939,-5.303122295394831
790.244,-5.162055987304978
790.549,-4.892894981090838
790.855,-5.188450757984336
791.16,-5.312494668972305
791.465,-5.237778232231778
791.77,-5.150992598835869
792.075,-5.074430595265452
792.38,-5.235823673494994
792.685,-5.196454695597482
792.99,-5.254088251649317
793.294,-5.357443219472214
793.599,-5.125462117647049
793.904,-4.991485998820638
794.209,-5.062941533265052
794.513,-5.119680358051875
794.818,-4.935000804220225
795.122,-5.382120958463774
795.427,-5.376207434147434
795.731,-5.116099404524209
796.035,-5.196902002244664
796.339,-5.077201752866711
796.644,-5.052761669722277
796.948,-5.175295879868447
797.252,-4.688105455493417
797.556,-4.868060184496783
797.86,-4.970204384979676
798.164,-5.019559032047437
798.468,-5.356840859631195
798.772,-5.139947036089057
799.075,-5.029053834068345
799.379,-5.11104183842548
799.683,-5.371394463051088
799.986,-5.356691598035009
800.29,-5.08907483940259
800.593,-5.521695999756847
800.897,-4.771334875767542
801.2,-4.8573809856655386
801.504,-5.09578903721517
801.807,-5.098148533334761
802.11,-4.97362528361249
802.413,-5.153055618853114
802.716,-5.07400587431449
803.019,-5.051258906339691
803.322,-5.196515515909446
803.625,-5.2524646861833135
803.928,-4.804850312730063
804.231,-5.022920852316003
804.534,-4.8905054280360565
804.837,-5.4367701651521045
805.139,-4.910965989418697
805.442,-5.0472674714817645
805.745,-4.967714721961966
806.047,-5.061217479523829
806.35,-5.1625497405467256
806.652,-5.412546769845766
806.954,-5.257789920051645
807.257,-5.017609287410879
807.559,-4.928720966367842
807.861,-4.9184629952637975
808.163,-4.975242496152184
808.465,-5.375016980722315
808.767,-5.588422511326458
809.069,-4.860345835690959
809.371,-5.11689839565908
809.673,-4.915011653941104
809.975,-5.253306441338532
810.277,-4.771203047117084
810.578,-5.248924549513455
810.88,-4.97868288485091
811.182,-4.996444845619837
811.483,-4.884947038658342
811.785,-4.933517047751379
812.086,-5.351461125557417
812.387,-5.2028447633277715
812.689,-4.994230882452172
812.99,-5.230305310250052
813.291,-5.13222796769028
813.592,-5.216838058795441
813.893,-4.9794061435407295
814.195,-5.192598919470499
814.496,-4.951728917985174
814.796,-4.758583252527099
815.097,-5.221471217446054
815.398,-5.340989088479881
815.699,-4.837930517504693
816,-5.037726845859017
816.3,-5.380147530917709
816.601,-5.5402008549880035
816.901,-4.745401155107486
817.202,-5.398923321518506
817.502,-4.855534588868522
817.803,-5.378546473110028
818.103,-5.293139527498314
818.403,-5.062111223157901
818.704,-5.003650293799365
819.004,-4.753249990886272
819.304,-4.815744516075393
819.604,-5.192426002744424
819.904,-5.3765906938321
820.204,-5.062140670484921
820.504,-5.101972263226753
820.804,-4.700353136199764
821.104,-5.400272657356674
821.403,-5.118152181260217
821.703,-5.2901477850632554
822.003,-4.897216399963171
822.302,-4.629280137960457
822.602,-5.17733643895678
822.901,-5.52405029958585
823.201,-5.021963467529099
823.5,-5.534192768340661
823.799,-4.904122491666418
824.098,-4.844484242333045
824.398,-5.001659738841952
824.697,-4.919758670333204
824.996,-4.6638721532089615
825.295,-4.742575126390653
825.594,-4.798242778050933
825.893,-5.350470623272609
826.192,-4.758481924050909
826.49,-5.254220187505037
826.789,-4.409185413149365
827.088,-4.960336214973764
827.386,-4.576791521560474
827.685,-5.1645212367829165
827.983,-5.6298197376885835
828.282,-5.9189906425712895
828.58,-5.43595412751416
828.879,-4.77921498199918
829.177,-5.063275658175495
829.475,-5.47982753417946
829.773,-4.530277097562014
830.072,-5.050047284823408
830.37,-5.132686665246322
830.668,-5.49324692107616
830.966,-4.772215414181677
831.264,-4.7437308283084265
831.562,-5.287871099562129
831.859,-5.014124423315336
832.157,-4.904578048448706
832.455,-5.208046455878993
832.752,-5.758055057067246
833.05,-4.574873708347294
833.348,-5.039461880964214
833.645,-5.910102494551393
833.942,-5.563630767127104
834.24,-4.47670114483896
834.537,-5.363937120134312
834.834,-5.135365010574254
835.132,-5.29798414892292
835.429,-4.788125681380161
835.726,-5.142368796589102
836.023,-4.7630132374783996
836.32,-4.844818562546662
836.617,-5.352573154836511
836.914,-5.379998362287218
837.21,-4.848381582382406
837.507,-5.135864431669468
837.804,-5.0921874955939455
838.101,-4.946667664223044
838.397,-4.283568500833455
838.694,-5.0038671639991374
838.99,-5.368520181705206
839.287,-5.3658051323066855
839.583,-5.078817794378188
839.879,-4.5760393255993765
840.176,-5.1968775699586205
840.472,-5.081690564317953
840.768,-5.2255543306703265
841.064,-5.800313473367718
841.36,-4.840879516660394
841.656,-5.3545093458067035
841.952,-4.612710363220854
842.248,-4.7150094878423765
842.544,-5.088041335541497
842.839,-5.25953949844454
843.135,-5.389619762772101
843.431,-5.821833707267995
843.726,-4.62540436513833
844.022,-5.2060884188209196
844.317,-4.353276080484647
844.613,-4.532219654349786
844.908,-4.8191837320068
845.204,-5.392307345209115
845.499,-5.241872577274172
845.794,-5.390010014015693
846.089,-4.7691397562256155
846.384,-5.04773273309353
846.679,-4.430436440088124
846.974,-5.1407262294082
847.269,-5.169140329146052
847.564,-4.273020713730261
847.859,-4.4628728901816395
848.154,-5.123895819908427
848.448,-4.967208497047114
848.743,-4.774315080985866
849.038,-5.1357293530411265
849.332,-4.922076350031796
849.627,-5.6074815583860484
849.921,-4.7680497956167125
850.215,-5.477296816624267
850.51,-5.137936767272774
850.804,-5.122325751992345
851.098,-5.463115734492913
851.392,-5.6496506775402455
851.686,-4.4755678929309575
851.981,-5.339286190829269
852.275,-4.88444806456512
852.568,-5.092311941980666
852.862,-4.807776564573808
853.156,-4.557577736467389
853.45,-4.882961644014849
853.744,-4.58072353645365
854.037,-4.641953970308745
854.331,-5.4050306383457185
854.624,-5.281044635092295
854.918,-4.531150692296542
855.211,-4.8048615394396474
855.505,-5.189239356170171
855.798,-5.100921572010719
856.091,-4.802108228035923
856.384,-4.540305960061529
856.678,-4.820938577767335
856.971,-5.000350379634818
857.264,-4.625883089382943
857.557,-4.6533227549099045
857.85,-4.596169544214994
858.143,-4.9883154885137815
858.435,-4.717580221811496
858.728,-4.606838357453594
859.021,-4.790467175714168
859.313,-4.8783876091783025
859.606,-5.038235685062575
859.899,-4.64962187690597
860.191,-4.623676910920558
860.483,-4.861571901180412
860.776,-5.3877909799188375
861.068,-4.577028097588293
861.36,-4.936583532434919
861.653,-4.7591984768800755
861.945,-4.765854149362092
862.237,-4.711030321073623
862.529,-5.1220117451875105
862.821,-5.041727202574325
863.113,-4.911398944903376
863.405,-4.878399241760373
863.696,-4.782842156989937
863.988,-5.1598631768400836
864.28,-4.460898566376103
864.572,-5.608275363883824
864.863,-4.548062173364796
865.155,-4.816843399945253
865.446,-4.67885481114194
865.738,-6.062798619695109
866.029,-4.715541854894541
866.32,-4.881053223780191
866.611,-4.252080667313022
866.903,-5.255491938439902
867.194,-6.427269920224475
867.485,-4.556142275890454
867.776,-5.171903703427986
868.067,-5.346232517168065
868.358,-5.192220390681267
868.649,-4.226385982156903
868.939,-5.9886196101137035
869.23,-5.497628803886908
869.521,-4.811570088546354
869.811,-5.107424491951939
870.102,-4.574972049317247
870.393,-4.52570734774219
870.683,-3.3743985569838846
870.973,-4.74135824154636
871.264,-3.351702856549527
871.554,-5.550826527922981
871.844,-7.076181697181064
872.135,-5.124326805346028
872.425,-3.7166039851489416
872.715,-6.204890427188099
873.005,-5.838945779596466
873.295,-4.399805967668432
873.585,-3.3595176672204614
873.874,-4.496165827218666
874.164,-2.663828906473934
874.454,-3.8450872928522157
874.744,-4.395546595679559
875.033,-4.631456959056179
875.323,-5.0285281802480375
875.612,-4.455620913334017
875.902,-3.665267622021336
876.191,-4.394527245579094
876.48,-4.71186988134799
876.77,-9.620375171565952
877.059,-3.6845160489457034
877.348,-5.020338762932398
877.637,-3.7301423693244384
877.926,-4.858432069714459
878.215,-4.870100833546771
878.504,-4.5664154886934964
878.793,-3.807772347063146
879.082,-2.5932725830368057
879.371,-3.93893078951584
879.659,-5.3860328139579305
879.948,-5.263294126133529
880.237,-4.404111283573868
880.525,-4.01228475033232
880.814,-5.266309485168469
881.102,-3.857774911908769
881.391,-4.590541467508138
881.679,-3.653627885874158
881.967,-5.44764426918829
882.255,-4.2212769205816
882.544,-5.502294266839243
882.832,-3.7321873590368293
883.12,-4.241494227760907
883.408,-7.159829848606687
883.696,-4.508875178742094
883.983,-3.643034530590011
884.271,-4.52748441678773
